47  1  0  0    1    0   -1   56    0    0    0    1    1    0    1  1  1  1  1.743 0.000
47  1  0  0    2    0   -1   56    0    0    0    1    0    0    0  1  1  1  0.835 0.000
47  1  0  0    3    0   -1   56    3    0    1    0    0    0    0  3  3  1  1.941 0.000
47  1  0  0    4    0   -1   56    4    0    1    1    1    1    0  2  2  1  1.811 0.000
47  1  0  0    5    0   -1   56    0    0    1    0    1    0    1  4  3  0  3.197 0.000
47  1  0  0    6    0   -1   56    1    0    0    0    0    1    1  3  2  0  1.254 0.000
47  1  0  0    7    0   -1   56    4    0    0    0    0    0    0  3  1  0  0.978 0.000
47  1  0  0    8    0   -1   56    3    0    1    1    0    1    1  2  2  1  1.801 0.000
47  1  0  0    9    0   -1   56    1    0    1    0    1    1    0  4  4  1  1.196 0.000
47  1  0  0   10    0   -1   56    2    0    1    1    0    1    1  2  2  1  0.840 0.000
47  1  0  0   11    0   -1   56    0    0    1    0    0    0    0  3  3  1  1.218 0.000
47  1  0  0   12    0   -1   56    4    0    0    0    1    0    1  4  4  1  0.691 0.000
47  1  1  1   13   17    7   42    1    2    1    1    1    1    0  2  2  1  1.340 0.000
47  1  1  1   14   30    0   65    3    2    0    1    0    1    1  2  2  1  0.805 0.000
47  1  1  1   15    0    0   61    4    0    0    1    1    0    1  1  2  0  1.036 0.000
47  1  1  1   16   25    5   56    2    1    1    0    0    0    0  3  3  1  1.729 0.000
47  1  1  1   17   27    7    2    1    2    1    1    0    0    0  1  1  1  0.969 0.000
47  1  1  1   18   28    8    9    0    2    1    0    0    0    0  3  3  1  1.386 0.000
47  1  1  1   19   32    2   35    3    1    0    0    0    1    1  3  3  1  1.176 0.000
47  1  1  1   20    4    4   35    2    1    0    0    1    0    1  4  4  1  1.174 0.000
47  1  1  1   21   15    5   31    4    1    1    1    1    1    0  2  2  1  1.830 0.000
47  1  1  1   22   18    8   14    0    2    1    0    1    1    0  4  4  1  0.747 0.000
47  1  1  1   23   31    1    3    1    0    0    0    0    1    1  3  4  0  1.524 0.000
47  1  1  1   24   35    5   70    2    1    1    1    0    1    1  2  2  1  1.542 0.000
47  1  1  1   25   11    1   60    4    1    0    1    1    1    0  2  2  1  0.894 0.000
47  1  1  1   26    7    7    8    1    2    1    0    1    0    1  4  4  1  1.025 0.000
47  1  1  1   27   29    9   32    3    2    1    1    0    0    0  1  1  1  1.135 0.000
47  1  1  1   28    8    8    0    4    2    1    0    1    0    1  4  4  1  1.063 0.000
47  1  1  1   29   10    0   57    0    2    0    0    1    1    0  4  4  1  1.467 0.000
47  1  1  1   30    3    3   67    2    1    0    0    1    0    1  4  4  1  1.303 0.000
47  1  1  1   31   20    0   74    3    2    0    0    0    0    0  3  3  1  0.616 0.000
47  1  1  1   32    9    9   40    0    0    1    1    1    0    1  1  2  0  0.702 0.000
47  1  1  1   33   26    6   73    4    2    1    0    0    0    0  3  3  1  0.936 0.000
47  1  1  1   34    2    2   60    3    1    0    0    1    0    1  4  4  1  1.073 0.000
47  1  1  1   35   38    8   21    2    2    1    1    0    1    1  2  2  1  0.652 0.000
47  1  1  1   36   39    9   16    4    0    1    0    0    1    1  3  4  0  1.000 0.000
47  1  1  1   37   13    3    7    0    1    0    0    1    1    0  4  4  1  1.016 0.000
47  1  1  1   38   14    4   54    2    1    0    0    1    1    0  4  4  1  0.566 0.000
47  1  1  1   39   34    4   56    1    1    0    0    0    1    1  3  3  1  0.660 0.000
47  1  1  1   40   24    4   49    3    1    0    0    0    0    0  3  3  1  0.569 0.000
47  1  1  1   41   22    2    1    4    1    0    0    0    0    0  3  3  1  0.648 0.000
47  1  1  1   42   12    2   11    2    1    0    0    1    1    0  4  4  1  0.710 0.000
47  1  1  1   43   36    6   10    1    2    1    1    0    1    1  2  2  1  0.663 0.000
47  1  1  1   44   33    3   79    0    1    0    1    0    1    1  2  2  1  0.715 0.000
47  1  1  1   45   37    7   47    4    2    1    0    0    1    1  3  3  1  0.989 0.000
47  1  1  1   46    1    1   37    1    1    0    0    1    0    1  4  4  1  0.708 0.000
47  1  1  1   47    5    5   45    0    0    1    1    1    0    1  1  2  0  0.678 0.000
47  1  1  1   48   23    3   28    3    1    0    1    0    0    0  1  1  1  5.098 0.000
47  1  1  1   49   19    9   69    2    2    1    0    1    1    0  4  4  1  2.349 0.000
47  1  1  1   50    6    6   51    0    2    1    1    1    0    1  1  1  1  1.245 0.000
47  1  1  1   51   16    6   23    3    2    1    0    1    1    0  4  4  1  2.034 0.000
47  1  1  1   52   21    1   50    2    1    0    0    0    0    0  3  3  1  1.023 0.000
47  1  2  1   53   22   12   33    7    0    0    0    0    0    0  3  3  1  3.252 0.000
47  1  2  1   54   25   15   54    7    0    1    1    0    0    0  1  1  1  2.517 0.000
47  1  2  1   55   38   18   27    7    0    1    0    0    1    1  3  3  1  2.756 0.000
47  1  2  1   56   33   13   43    7    0    0    0    0    1    1  3  3  1  2.392 0.000
47  1  2  1   57   23   13   45    7    0    0    0    0    0    0  3  1  1  2.228 0.000
47  1  2  1   58   17   17   16    7    0    1    1    1    1    0  2  4  1  2.438 0.000
47  1  2  1   59   19   19    0    7    0    1    0    1    1    0  4  4  1  0.856 0.000
47  1  2  1   60    8   18   41    7    0    1    1    1    0    1  1  1  1  0.896 0.000
47  1  2  1   61   21   11    0    7    0    0    1    0    0    0  1  1  1  0.760 0.000
47  1  2  1   62   12   12   78    7    0    0    1    1    1    0  2  4  1  1.246 0.000
47  1  2  1   63   20   10   53    7    0    0    1    0    0    0  1  3  1  1.542 0.000
47  1  2  1   64    1   11   73    7    0    0    1    1    0    1  1  1  1  0.955 0.000
47  1  2  1   65    5   15   11    7    0    1    0    1    0    1  4  1  1  0.888 0.000
47  1  2  1   66   16   16   32    7    0    1    1    1    1    0  2  4  1  1.311 0.000
47  1  2  1   67   27   17   58    7    0    1    0    0    0    0  3  3  1  1.207 0.000
47  1  2  1   68    4   14   59    7    0    0    0    1    0    1  4  4  1  1.593 0.000
47  1  2  1   69   32   12   57    7    0    0    0    0    1    1  3  2  1  1.684 0.000
47  1  2  1   70   11   11   64    7    0    0    0    1    1    0  4  4  1  1.276 0.000
47  1  2  1   71   28   18   65    7    0    1    1    0    0    0  1  1  1  1.124 0.000
47  1  2  1   72   15   15   35    7    0    1    0    1    1    0  4  4  1  0.978 0.000
47  1  2  1   73    0   10   76    7    0    0    0    1    0    1  4  1  1  0.862 0.000
47  1  2  1   74    9   19   21    7    0    1    1    1    0    1  1  1  1  0.903 0.000
47  1  2  1   75   14   14   15    7    0    0    1    1    1    0  2  2  1  0.862 0.000
47  1  2  1   76    2   12   71    7    0    0    1    1    0    1  1  3  0  1.007 0.000
47  1  2  1   77    3   13   66    7    0    0    1    1    0    1  1  4  1  1.196 0.000
47  1  2  1   78   36   16   50    7    0    1    0    0    1    1  3  2  1  4.689 0.000
47  1  2  1   79   13   13   33    7    0    0    0    1    1    0  4  4  1  0.968 0.000
47  1  2  1   80   37   17   20    7    0    1    1    0    1    1  2  3  1  1.211 0.000
47  1  2  1   81   26   16   30    7    0    1    0    0    0    0  3  3  1  2.174 0.000
47  1  2  1   82   39   19   44    7    0    1    1    0    1    1  2  2  1  1.370 0.000
47  1  2  1   83    6   16   57    7    0    1    0    1    0    1  4  4  1  1.015 0.000
47  1  2  1   84   10   10    5    7    0    0    0    1    1    0  4  4  1  0.721 0.000
47  1  2  1   85    7   17   22    7    0    1    1    1    0    1  1  1  1  0.679 0.000
47  1  2  1   86   31   11   69    7    0    0    1    0    1    1  2  3  1  1.383 0.000
47  1  2  1   87   29   19   47    7    0    1    0    0    0    0  3  1  1  0.803 0.000
47  1  2  1   88   34   14    2    7    0    0    0    0    1    1  3  2  1  1.045 0.000
47  1  2  1   89   30   10   66    7    0    0    0    0    1    1  3  2  1  0.895 0.000
47  1  2  1   90   35   15   42    7    0    1    1    0    1    1  2  3  1  1.038 0.000
47  1  2  1   91   24   14   61    7    0    0    1    0    0    0  1  1  1  3.040 0.000
47  1  2  1   92   18   18   53    7    0    1    0    1    1    0  4  4  1  0.993 0.000
47  1  1  2   93   12   22   13    1    1    0    0    1    1    0  4  4  1  1.354 0.000
47  1  1  2   94   20   20   36    4    2    0    0    0    0    0  3  3  1  0.691 0.000
47  1  1  2   95   14   24   76    0    1    0    0    1    1    0  4  4  1  0.854 0.000
47  1  1  2   96   16   26   77    1    2    1    1    1    1    0  2  2  1  0.666 0.000
47  1  1  2   97    4   24   27    3    1    0    1    1    0    1  1  1  1  0.669 0.000
47  1  1  2   98   36   26   49    0    2    1    0    0    1    1  3  3  1  1.377 0.000
47  1  1  2   99   37   27   34    2    2    1    1    0    1    1  2  2  1  1.009 0.000
47  1  1  2  100   33   23   61    3    1    0    1    0    1    1  2  2  1  0.863 0.000
47  1  1  2  101   11   21    1    4    1    0    1    1    1    0  2  2  1  0.674 0.000
47  1  1  2  102   31   21   48    1    1    0    1    0    1    1  2  2  1  1.598 0.000
47  1  1  2  103   35   25   26    3    1    1    0    0    1    1  3  3  1  1.165 0.000
47  1  1  2  104   15   25   72    0    1    1    1    1    1    0  2  2  1  0.694 0.000
47  1  1  2  105    8   28    9    4    2    1    0    1    0    1  4  4  1  0.568 0.000
47  1  1  2  106    7   27   31    2    2    1    1    1    0    1  1  1  1  0.855 0.000
47  1  1  2  107    5   25   20    3    1    1    0    1    0    1  4  4  1  1.236 0.000
47  1  1  2  108   25   25   13    4    1    1    1    0    0    0  1  1  1  0.769 0.000
47  1  1  2  109    6   26   18    0    2    1    0    1    0    1  4  4  1  0.791 0.000
47  1  1  2  110   30   20   72    1    2    0    0    0    1    1  3  3  1  0.878 0.000
47  1  1  2  111    0   20    6    3    2    0    0    1    0    1  4  4  1  0.794 0.000
47  1  1  2  112   29   29   64    0    2    1    1    0    0    0  1  1  1  1.161 0.000
47  1  1  2  113   17   27   24    4    2    1    0    1    1    0  4  4  1  0.976 0.000
47  1  1  2  114   27   27   35    3    2    1    1    0    0    0  1  1  1  0.832 0.000
47  1  1  2  115   38   28   71    1    2    1    0    0    1    1  3  3  1  1.366 0.000
47  1  1  2  116   19   29   21    0    2    1    1    1    1    0  2  2  1  1.149 0.000
47  1  1  2  117    9   29   26    4    0    1    0    1    0    1  4  3  0  1.334 0.000
47  1  1  2  118   32   22   68    3    1    0    0    0    1    1  3  3  1  1.295 0.000
47  1  1  2  119   28   28   19    0    2    1    1    0    0    0  1  1  1  0.874 0.000
47  1  1  2  120   23   23   38    2    1    0    1    0    0    0  1  1  1  0.845 0.000
47  1  1  2  121    3   23   56    3    1    0    1    1    0    1  1  1  1  0.986 0.000
47  1  1  2  122   13   23   36    4    1    0    1    1    1    0  2  2  1  0.649 0.000
47  1  1  2  123   24   24   67    2    1    0    1    0    0    0  1  1  1  0.670 0.000
47  1  1  2  124   34   24   12    1    1    0    1    0    1    1  2  2  1  0.888 0.000
47  1  1  2  125   26   26   18    0    2    1    0    0    0    0  3  3  1  0.683 0.000
47  1  1  2  126   22   22   11    3    1    0    0    0    0    0  3  3  1  1.550 0.000
47  1  1  2  127    1   21   46    4    1    0    0    1    0    1  4  4  1  1.759 0.000
47  1  1  2  128   21   21   41    1    1    0    0    0    0    0  3  3  1  1.014 0.000
47  1  1  2  129    2   22   17    3    1    0    0    1    0    1  4  4  1  1.149 0.000
47  1  1  2  130   18   28   70    2    2    1    1    1    1    0  2  2  1  0.990 0.000
47  1  1  2  131   39   29   15    0    0    1    0    0    1    1  3  2  0  1.132 0.000
47  1  1  2  132   10   20   55    4    2    0    0    1    1    0  4  4  1  1.637 0.000
47  1  2  2  133   19   39   67    7    0    1    1    1    1    0  2  4  1  1.346 0.000
47  1  2  2  134    0   30   53    7    0    0    1    1    0    1  1  2  0  1.440 0.000
47  1  2  2  135   36   36   28    7    0    1    0    0    1    1  3  2  1  2.236 0.000
47  1  2  2  136   34   34   23    7    0    0    0    0    1    1  3  2  1  0.678 0.000
47  1  2  2  137    3   33   42    7    0    0    0    1    0    1  4  4  1  2.438 0.000
47  1  2  2  138   29   39   44    7    0    1    1    0    0    0  1  1  1  1.576 0.000
47  1  2  2  139   22   32    6    7    0    0    1    0    0    0  1  1  1  0.915 0.000
47  1  2  2  140   26   36   75    7    0    1    0    0    0    0  3  3  1  1.754 0.000
47  1  2  2  141   14   34   65    7    0    0    0    1    1    0  4  2  1  0.935 0.000
47  1  2  2  142   31   31   59    7    0    0    0    0    1    1  3  3  1  0.909 0.000
47  1  2  2  143   15   35   12    7    0    1    1    1    1    0  2  4  1  0.691 0.000
47  1  2  2  144   16   36   59    7    0    1    0    1    1    0  4  2  1  0.723 0.000
47  1  2  2  145   28   38    3    7    0    1    1    0    0    0  1  3  1  1.033 0.000
47  1  2  2  146   20   30   79    7    0    0    1    0    0    0  1  1  1  1.643 0.000
47  1  2  2  147   33   33   19    7    0    0    1    0    1    1  2  2  1  2.291 0.000
47  1  2  2  148    9   39   69    7    0    1    0    1    0    1  4  4  1  1.371 0.000
47  1  2  2  149   18   38    3    7    0    1    1    1    1    0  2  2  1  0.903 0.000
47  1  2  2  150   25   35   62    7    0    1    0    0    0    0  3  3  1  0.726 0.000
47  1  2  2  151   12   32   47    7    0    0    0    1    1    0  4  4  1  0.692 0.000
47  1  2  2  152    6   36   29    7    0    1    1    1    0    1  1  4  1  0.659 0.000
47  1  2  2  153   27   37   27    7    0    1    0    0    0    0  3  1  1  1.172 0.000
47  1  2  2  154    4   34   10    7    0    0    0    1    0    1  4  1  1  0.848 0.000
47  1  2  2  155    1   31   14    7    0    0    0    1    0    1  4  4  1  0.890 0.000
47  1  2  2  156   39   39   36    7    0    1    1    0    1    1  2  2  1  0.833 0.000
47  1  2  2  157   35   35   24    7    0    1    0    0    1    1  3  3  1  1.123 0.000
47  1  2  2  158    2   32   28    7    0    0    0    1    0    1  4  4  1  0.737 0.000
47  1  2  2  159   10   30    6    7    0    0    0    1    1    0  4  4  1  0.719 0.000
47  1  2  2  160    5   35   52    7    0    1    1    1    0    1  1  3  0  1.236 0.000
47  1  2  2  161   38   38    7    7    0    1    0    0    1    1  3  2  1  0.897 0.000
47  1  2  2  162    8   38   30    7    0    1    1    1    0    1  1  4  1  1.081 0.000
47  1  2  2  163   23   33   29    7    0    0    1    0    0    0  1  1  1  0.585 0.000
47  1  2  2  164   11   31   34    7    0    0    1    1    1    0  2  2  1  0.732 0.000
47  1  2  2  165   24   34   72    7    0    0    1    0    0    0  1  3  1  0.954 0.000
47  1  2  2  166   13   33   10    7    0    0    1    1    1    0  2  2  1  0.759 0.000
47  1  2  2  167   32   32   38    7    0    0    1    0    1    1  2  3  1  1.164 0.000
47  1  2  2  168   21   31   37    7    0    0    1    0    0    0  1  3  1  0.952 0.000
47  1  2  2  169    7   37   75    7    0    1    0    1    0    1  4  1  1  1.437 0.000
47  1  2  2  170   30   30   18    7    0    0    0    0    1    1  3  3  1  0.735 0.000
47  1  2  2  171   37   37   40    7    0    1    1    0    1    1  2  2  1  1.596 0.000
47  1  2  2  172   17   37   41    7    0    1    0    1    1    0  4  4  1  1.288 0.000
47  1  1  3  173    6   46   23    4    2    1    1    1    0    1  1  1  1  1.664 0.000
47  1  1  3  174   35   45    0    1    1    1    0    0    1    1  3  3  1  1.275 0.000
47  1  1  3  175    7   47   49    2    2    1    1    1    0    1  1  1  1  1.295 0.000
47  1  1  3  176    1   41   79    0    1    0    1    1    0    1  1  1  1  0.810 0.000
47  1  1  3  177   37   47   63    1    2    1    0    0    1    1  3  3  1  1.831 0.000
47  1  1  3  178    3   43   77    4    1    0    0    1    0    1  4  4  1  1.085 0.000
47  1  1  3  179    5   45   68    2    1    1    1    1    0    1  1  1  1  2.472 0.000
47  1  1  3  180   19   49   46    0    2    1    0    1    1    0  4  4  1  1.675 0.000
47  1  1  3  181   18   48    9    4    2    1    1    1    1    0  2  2  1  2.647 0.000
47  1  1  3  182   13   43   45    1    1    0    1    1    1    0  2  2  1  0.692 0.000
47  1  1  3  183   25   45   71    2    1    1    0    0    0    0  3  3  1  0.663 0.000
47  1  1  3  184   38   48   39    3    2    1    1    0    1    1  2  2  1  0.778 0.000
47  1  1  3  185   29   49   69    4    2    1    0    0    0    0  3  3  1  0.538 0.000
47  1  1  3  186   11   41   66    2    1    0    0    1    1    0  4  4  1  1.451 0.000
47  1  1  3  187   28   48   42    1    2    1    1    0    0    0  1  1  1  0.663 0.000
47  1  1  3  188   24   44   63    3    1    0    1    0    0    0  1  1  1  0.690 0.000
47  1  1  3  189    4   44   24    0    1    0    1    1    0    1  1  1  1  0.589 0.000
47  1  1  3  190   30   40   29    4    2    0    1    0    1    1  2  2  1  0.660 0.000
47  1  1  3  191   14   44   19    3    1    0    1    1    1    0  2  2  1  1.105 0.000
47  1  1  3  192   12   42   79    1    1    0    1    1    1    0  2  2  1  0.594 0.000
47  1  1  3  193   10   40   51    2    2    0    1    1    1    0  2  2  1  1.849 0.000
47  1  1  3  194   27   47   24    3    2    1    0    0    0    0  3  3  1  3.062 0.000
47  1  1  3  195    9   49   54    4    2    1    1    1    0    1  1  1  1  1.810 0.000
47  1  1  3  196   23   43   46    0    1    0    1    0    0    0  1  1  1  0.752 0.000
47  1  1  3  197   39   49   32    2    0    1    0    0    1    1  3  4  0  1.160 0.000
47  1  1  3  198   32   42   76    1    1    0    0    0    1    1  3  3  1  0.985 0.000
47  1  1  3  199    2   42    2    0    1    0    0    1    0    1  4  4  1  1.247 0.000
47  1  1  3  200   36   46   54    2    2    1    1    0    1    1  2  2  1  0.708 0.000
47  1  1  3  201   16   46    4    3    2    1    0    1    1    0  4  4  1  1.950 0.000
47  1  1  3  202   31   41   77    0    1    0    0    0    1    1  3  3  1  2.358 0.000
47  1  1  3  203   21   41   10    1    1    0    0    0    0    0  3  3  1  0.886 0.000
47  1  1  3  204   17   47   50    2    2    1    1    1    1    0  2  2  1  1.161 0.000
47  1  1  3  205    8   48   65    3    2    1    0    1    0    1  4  4  1  1.361 0.000
47  1  1  3  206   15   45   43    1    1    1    1    1    1    0  2  2  1  0.921 0.000
47  1  1  3  207   22   42   76    0    1    0    1    0    0    0  1  1  1  0.683 0.000
47  1  1  3  208    0   40   55    4    2    0    1    1    0    1  1  1  1  0.990 0.000
47  1  1  3  209   26   46   48    2    2    1    0    0    0    0  3  3  1  0.909 0.000
47  1  1  3  210   33   43   62    0    1    0    0    0    1    1  3  3  1  0.854 0.000
47  1  1  3  211   20   40   31    3    2    0    0    0    0    0  3  3  1  0.843 0.000
47  1  1  3  212   34   44   74    1    0    0    0    0    1    1  3  4  0  0.968 0.000
47  1  2  3  213   14   54   17    7    0    0    0    1    1    0  4  4  1  1.624 0.000
47  1  2  3  214   17   57    2    7    0    1    1    1    1    0  2  2  1  2.873 0.000
47  1  2  3  215   34   54   33    7    0    0    1    0    1    1  2  2  1  1.369 0.000
47  1  2  3  216   37   57   64    7    0    1    0    0    1    1  3  3  1  0.670 0.000
47  1  2  3  217   23   53   66    7    0    0    0    0    0    0  3  1  1  0.710 0.000
47  1  2  3  218   39   59    9    7    0    1    1    0    1    1  2  2  1  1.036 0.000
47  1  2  3  219   35   55    4    7    0    1    0    0    1    1  3  3  1  1.118 0.000
47  1  2  3  220    7   57   12    7    0    1    1    1    0    1  1  3  0  1.628 0.000
47  1  2  3  221    8   58   64    7    0    1    0    1    0    1  4  1  1  1.761 0.000
47  1  2  3  222   19   59   37    7    0    1    1    1    1    0  2  4  1  2.166 0.000
47  1  2  3  223   25   55   57    7    0    1    0    0    0    0  3  1  1  0.899 0.000
47  1  2  3  224   20   50   43    7    0    0    0    0    0    0  3  3  1  0.626 0.000
47  1  2  3  225    1   51   47    7    0    0    0    1    0    1  4  4  1  0.653 0.000
47  1  2  3  226    9   59    5    7    0    1    1    1    0    1  1  1  1  1.733 0.000
47  1  2  3  227   10   50   48    7    0    0    1    1    1    0  2  4  1  0.779 0.000
47  1  2  3  228   18   58   68    7    0    1    0    1    1    0  4  4  1  1.895 0.000
47  1  2  3  229   13   53   29    7    0    0    0    1    1    0  4  2  1  1.566 0.000
47  1  2  3  230   21   51   20    7    0    0    0    0    0    0  3  3  1  0.675 0.000
47  1  2  3  231   24   54   34    7    0    0    0    0    0    0  3  1  1  1.155 0.000
47  1  2  3  232   30   50    1    7    0    0    0    0    1    1  3  2  1  0.688 0.000
47  1  2  3  233   29   59   40    7    0    1    1    0    0    0  1  3  1  1.608 0.000
47  1  2  3  234   11   51   71    7    0    0    1    1    1    0  2  4  1  1.210 0.000
47  1  2  3  235   33   53    6    7    0    0    1    0    1    1  2  3  1  1.117 0.000
47  1  2  3  236   26   56   16    7    0    1    0    0    0    0  3  1  1  2.539 0.000
47  1  2  3  237    4   54    4    7    0    0    0    1    0    1  4  4  1  1.904 0.000
47  1  2  3  238   15   55   40    7    0    1    1    1    1    0  2  2  1  1.119 0.000
47  1  2  3  239    0   50   43    7    0    0    1    1    0    1  1  1  1  0.821 0.000
47  1  2  3  240   38   58   53    7    0    1    0    0    1    1  3  2  1  1.240 0.000
47  1  2  3  241    3   53   72    7    0    0    0    1    0    1  4  4  1  1.936 0.000
47  1  2  3  242   27   57   77    7    0    1    1    0    0    0  1  1  1  1.366 0.000
47  1  2  3  243   12   52   20    7    0    0    1    1    1    0  2  4  1  0.851 0.000
47  1  2  3  244   31   51   31    7    0    0    1    0    1    1  2  3  1  0.716 0.000
47  1  2  3  245   32   52   25    7    0    0    1    0    1    1  2  3  1  1.619 0.000
47  1  2  3  246    6   56   62    7    0    1    0    1    0    1  4  4  1  1.868 0.000
47  1  2  3  247    2   52   25    7    0    0    0    1    0    1  4  1  1  0.717 0.000
47  1  2  3  248    5   55   39    7    0    1    1    1    0    1  1  1  1  2.059 0.000
47  1  2  3  249   36   56   17    7    0    1    0    0    1    1  3  3  1  0.700 0.000
47  1  2  3  250   28   58   60    7    0    1    1    0    0    0  1  2  0  1.130 0.000
47  1  2  3  251   16   56   75    7    0    1    0    1    1    0  4  4  1  1.188 0.000
47  1  2  3  252   22   52   68    7    0    0    0    0    0    0  3  1  1  1.079 0.000
47  1  1  4  253   22   62   55    2    1    0    0    0    0    0  3  3  1  1.697 0.000
47  1  1  4  254    0   60   33    1    0    0    0    1    0    1  4  3  0  0.684 0.000
47  1  1  4  255    4   64   63    0    1    0    0    1    0    1  4  4  1  1.023 0.000
47  1  1  4  256   11   61   39    2    1    0    0    1    1    0  4  4  1  0.572 0.000
47  1  1  4  257   26   66   51    1    2    1    1    0    0    0  1  1  1  1.052 0.000
47  1  1  4  258   17   67    8    0    2    1    0    1    1    0  4  4  1  1.320 0.000
47  1  1  4  259   29   69    7    3    2    1    1    0    0    0  1  1  1  0.794 0.000
47  1  1  4  260    1   61   16    1    1    0    1    1    0    1  1  1  1  1.240 0.000
47  1  1  4  261   39   69   78    0    2    1    0    0    1    1  3  3  1  1.301 0.000
47  1  1  4  262    9   69    1    4    0    1    1    1    0    1  1  4  0  1.487 0.000
47  1  1  4  263   27   67   12    1    2    1    0    0    0    0  3  3  1  1.641 0.000
47  1  1  4  264   20   60   22    3    2    0    0    0    0    0  3  3  1  0.806 0.000
47  1  1  4  265    3   63   48    4    1    0    0    1    0    1  4  4  1  1.517 0.000
47  1  1  4  266   13   63   63    2    1    0    0    1    1    0  4  4  1  0.806 0.000
47  1  1  4  267   15   65   28    3    0    1    1    1    1    0  2  1  0  1.300 0.000
47  1  1  4  268    6   66   34    4    2    1    0    1    0    1  4  4  1  1.614 0.000
47  1  1  4  269   14   64   30    1    0    0    0    1    1    0  4  2  0  1.188 0.000
47  1  1  4  270    7   67   36    2    2    1    1    1    0    1  1  1  1  0.748 0.000
47  1  1  4  271   34   64   55    4    1    0    1    0    1    1  2  2  1  0.803 0.000
47  1  1  4  272    2   62   19    0    1    0    1    1    0    1  1  1  1  0.778 0.000
47  1  1  4  273   37   67   37    1    0    1    0    0    1    1  3  4  0  0.962 0.000
47  1  1  4  274   18   68   62    4    2    1    1    1    1    0  2  2  1  2.993 0.000
47  1  1  4  275   38   68    8    3    2    1    0    0    1    1  3  3  1  2.696 0.000
47  1  1  4  276   16   66   58    0    2    1    1    1    1    0  2  2  1  0.755 0.000
47  1  1  4  277   35   65   14    2    1    1    0    0    1    1  3  3  1  0.892 0.000
47  1  1  4  278   24   64   25    3    1    0    0    0    0    0  3  3  1  1.021 0.000
47  1  1  4  279   10   60   61    4    2    0    0    1    1    0  4  4  1  1.163 0.000
47  1  1  4  280   36   66   41    0    2    1    1    0    1    1  2  2  1  1.147 0.000
47  1  1  4  281   23   63   52    2    1    0    1    0    0    0  1  1  1  1.125 0.000
47  1  1  4  282   21   61    4    1    1    0    1    0    0    0  1  1  1  1.253 0.000
47  1  1  4  283   28   68    5    0    2    1    0    0    0    0  3  3  1  2.530 0.000
47  1  1  4  284   33   63   22    2    1    0    0    0    1    1  3  3  1  0.883 0.000
47  1  1  4  285   12   62   27    3    1    0    0    1    1    0  4  4  1  0.806 0.000
47  1  1  4  286   30   60   52    0    0    0    0    0    1    1  3  4  0  1.236 0.000
47  1  1  4  287    8   68   78    4    2    1    1    1    0    1  1  1  1  0.777 0.000
47  1  1  4  288   19   69   26    3    2    1    0    1    1    0  4  4  1  0.697 0.000
47  1  1  4  289   25   65   21    0    1    1    1    0    0    0  1  1  1  2.555 0.000
47  1  1  4  290   31   61   51    1    1    0    1    0    1    1  2  2  1  1.859 0.000
47  1  1  4  291    5   65   58    3    1    1    0    1    0    1  4  4  1  0.727 0.000
47  1  1  4  292   32   62   46    4    1    0    0    0    1    1  3  3  1  4.832 0.000
47  1  2  4  293    3   73    3    7    0    0    0    1    0    1  4  4  1  0.854 0.000
47  1  2  4  294   31   71   58    7    0    0    0    0    1    1  3  2  1  0.943 0.000
47  1  2  4  295   27   77   70    7    0    1    1    0    0    0  1  1  1  0.652 0.000
47  1  2  4  296   12   72   25    7    0    0    1    1    1    0  2  4  1  0.565 0.000
47  1  2  4  297   21   71   26    7    0    0    1    0    0    0  1  1  1  1.058 0.000
47  1  2  4  298   22   72   23    7    0    0    1    0    0    0  1  3  1  0.827 0.000
47  1  2  4  299   38   78   75    7    0    1    0    0    1    1  3  3  1  0.733 0.000
47  1  2  4  300   36   76   73    7    0    1    1    0    1    1  2  2  1  1.305 0.000
47  1  2  4  301   11   71   74    7    0    0    1    1    1    0  2  4  1  0.937 0.000
47  1  2  4  302   39   79   11    7    0    1    0    0    1    1  3  2  1  2.198 0.000
47  1  2  4  303    2   72   13    7    0    0    0    1    0    1  4  4  1  2.922 0.000
47  1  2  4  304   33   73   13    7    0    0    0    0    1    1  3  2  1  0.799 0.000
47  1  2  4  305   32   72   67    7    0    0    0    0    1    1  3  2  1  1.235 0.000
47  1  2  4  306   35   75   30    7    0    1    1    0    1    1  2  3  1  1.557 0.000
47  1  2  4  307    0   70   38    7    0    0    1    1    0    1  1  4  1  1.146 0.000
47  1  2  4  308   23   73   78    7    0    0    1    0    0    0  1  1  1  0.694 0.000
47  1  2  4  309   19   79   56    7    0    1    0    1    1    0  4  4  1  0.582 0.000
47  1  2  4  310   16   76   44    7    0    1    1    1    1    0  2  4  1  0.802 0.000
47  1  2  4  311    8   78   32    7    0    1    0    1    0    1  4  2  0  0.893 0.000
47  1  2  4  312    5   75   50    7    0    1    1    1    0    1  1  1  1  1.199 0.000
47  1  2  4  313   37   77   60    7    0    1    0    0    1    1  3  2  1  1.363 0.000
47  1  2  4  314   10   70   52    7    0    0    0    1    1    0  4  4  1  0.608 0.000
47  1  2  4  315   29   79   14    7    0    1    1    0    0    0  1  3  1  1.075 0.000
47  1  2  4  316    1   71   70    7    0    0    1    1    0    1  1  1  1  0.770 0.000
47  1  2  4  317   17   77   49    7    0    1    0    1    1    0  4  4  1  0.750 0.000
47  1  2  4  318   18   78   38    7    0    1    1    1    1    0  2  4  1  0.731 0.000
47  1  2  4  319    6   76    7    7    0    1    0    1    0    1  4  1  1  0.794 0.000
47  1  2  4  320   24   74    8    7    0    0    0    0    0    0  3  3  1  1.381 0.000
47  1  2  4  321   28   78   59    7    0    1    1    0    0    0  1  1  1  5.265 0.000
47  1  2  4  322   14   74   73    7    0    0    1    1    1    0  2  4  1  0.482 0.000
47  1  2  4  323   26   76   39    7    0    1    0    0    0    0  3  1  1  0.690 0.000
47  1  2  4  324   13   73   18    7    0    0    0    1    1    0  4  2  1  0.593 0.000
47  1  2  4  325   30   70    5    7    0    0    0    0    1    1  3  3  1  0.884 0.000
47  1  2  4  326   25   75   17    7    0    1    1    0    0    0  1  1  1  1.228 0.000
47  1  2  4  327    7   77   44    7    0    1    0    1    0    1  4  4  1  0.822 0.000
47  1  2  4  328    9   79   74    7    0    1    1    1    0    1  1  4  1  1.297 0.000
47  1  2  4  329   20   70   15    7    0    0    1    0    0    0  1  1  1  0.775 0.000
47  1  2  4  330   15   75   22    7    0    1    0    1    1    0  4  4  1  0.828 0.000
47  1  2  4  331    4   74   15    7    0    0    0    1    0    1  4  1  1  3.342 0.000
47  1  2  4  332   34   74   45    7    0    0    0    0    1    1  3  3  1  1.595 0.000
