35  1  0  0    1    0   -1   70    2    0    1    0    0    1    1  1  2  0  2.984 0.000
35  1  0  0    2    0   -1   70    1    0    0    0    1    0    1  2  2  1  0.977 0.000
35  1  0  0    3    0   -1   70    3    0    0    0    0    1    1  1  1  1  0.671 0.000
35  1  0  0    4    0   -1   70    4    0    1    1    1    1    0  4  4  1  2.761 0.000
35  1  0  0    5    0   -1   70    0    0    1    0    1    1    0  2  1  0  0.663 0.000
35  1  0  0    6    0   -1   70    2    0    0    0    1    1    0  2  2  1  0.742 0.000
35  1  0  0    7    0   -1   70    1    0    1    1    1    0    1  3  4  0  0.693 0.000
35  1  0  0    8    0   -1   70    3    0    1    0    0    1    1  1  2  0  0.738 0.000
35  1  0  0    9    0   -1   70    4    0    0    0    1    1    0  2  2  1  0.917 0.000
35  1  0  0   10    0   -1   70    1    0    0    0    1    1    0  2  2  1  0.510 0.000
35  1  0  0   11    0   -1   70    0    0    1    1    1    0    1  3  4  0  0.487 0.000
35  1  0  0   12    0   -1   70    2    0    1    0    0    0    0  1  2  0  0.581 0.000
35  1  1  1   13    7    7    2    3    0    1    1    1    0    1  3  4  0  0.570 0.000
35  1  1  1   14   29    9   60    4    2    1    0    0    0    0  1  1  1  1.299 0.000
35  1  1  1   15   17    7   43    1    0    1    1    1    1    0  4  3  0  1.096 0.000
35  1  1  1   16   30    0   11    3    2    0    1    0    1    1  4  4  1  1.094 0.000
35  1  1  1   17   22    2    6    0    1    0    1    0    0    0  3  3  1  1.042 0.000
35  1  1  1   18    4    4   53    1    0    0    1    1    0    1  3  4  0  0.736 0.000
35  1  1  1   19    3    3   35    2    1    0    1    1    0    1  3  3  1  0.723 0.000
35  1  1  1   20    1    1   56    3    0    0    1    1    0    1  3  4  0  0.655 0.000
35  1  1  1   21   25    5   67    1    1    1    0    0    0    0  1  1  1  0.670 0.000
35  1  1  1   22   39    9   70    4    2    1    1    0    1    1  4  4  1  0.580 0.000
35  1  1  1   23   16    6   16    3    2    1    0    1    1    0  2  2  1  0.725 0.000
35  1  1  1   24    6    6   78    0    2    1    1    1    0    1  3  3  1  0.554 0.000
35  1  1  1   25    0    0   70    4    2    0    1    1    0    1  3  3  1  0.995 0.000
35  1  1  1   26   12    2   64    3    1    0    1    1    1    0  4  4  1  0.611 0.000
35  1  1  1   27    5    5   42    1    1    1    0    1    0    1  2  2  1  0.580 0.000
35  1  1  1   28   28    8   71    2    0    1    1    0    0    0  3  4  0  0.693 0.000
35  1  1  1   29   38    8   43    3    0    1    0    0    1    1  1  2  0  0.746 0.000
35  1  1  1   30   36    6   64    0    2    1    1    0    1    1  4  4  1  0.717 0.000
35  1  1  1   31   10    0   73    1    2    0    1    1    1    0  4  4  1  0.537 0.000
35  1  1  1   32   21    1   26    3    1    0    1    0    0    0  3  3  1  0.612 0.000
35  1  1  1   33   37    7   68    2    2    1    0    0    1    1  1  1  1  0.596 0.000
35  1  1  1   34   35    5   73    0    1    1    1    0    1    1  4  4  1  0.597 0.000
35  1  1  1   35   26    6   66    1    0    1    0    0    0    0  1  2  0  0.525 0.000
35  1  1  1   36   18    8   17    2    2    1    1    1    1    0  4  4  1  0.721 0.000
35  1  1  1   37    8    8   21    4    2    1    0    1    0    1  2  2  1  0.725 0.000
35  1  1  1   38   23    3    2    1    1    0    0    0    0    0  1  1  1  0.561 0.000
35  1  1  1   39   24    4   15    0    0    0    0    0    0    0  1  2  0  0.786 0.000
35  1  1  1   40   34    4   51    3    1    0    0    0    1    1  1  1  1  0.589 0.000
35  1  1  1   41    9    9   25    2    0    1    1    1    0    1  3  4  0  0.829 0.000
35  1  1  1   42   19    9   65    0    0    1    0    1    1    0  2  1  0  0.597 0.000
35  1  1  1   43   27    7   29    3    2    1    1    0    0    0  3  3  1  0.925 0.000
35  1  1  1   44   14    4    0    2    1    0    1    1    1    0  4  4  1  0.785 0.000
35  1  1  1   45   13    3   53    4    1    0    1    1    1    0  4  4  1  0.610 0.000
35  1  1  1   46   11    1   38    3    1    0    1    1    1    0  4  4  1  0.706 0.000
35  1  1  1   47    2    2   23    0    1    0    1    1    0    1  3  3  1  0.638 0.000
35  1  1  1   48   31    1   67    4    1    0    1    0    1    1  4  4  1  0.517 0.000
35  1  1  1   49   32    2   35    1    1    0    1    0    1    1  4  4  1  0.786 0.000
35  1  1  1   50   15    5   26    0    0    1    0    1    1    0  2  1  0  0.787 0.000
35  1  1  1   51   20    0    4    2    2    0    0    0    0    0  1  1  1  0.611 0.000
35  1  1  1   52   33    3   58    4    1    0    0    0    1    1  1  1  1  0.820 0.000
35  1  2  1   53   19   19   58    7    0    1    1    1    1    0  4  2  1  1.092 0.000
35  1  2  1   54   14   14   41    7    0    0    1    1    1    0  4  2  1  0.782 0.000
35  1  2  1   55   17   17   52    7    0    1    0    1    1    0  2  4  1  0.756 0.000
35  1  2  1   56    6   16   18    7    0    1    1    1    0    1  3  3  1  0.858 0.000
35  1  2  1   57   13   13   19    7    0    0    1    1    1    0  4  4  1  0.710 0.000
35  1  2  1   58    8   18   29    7    0    1    0    1    0    1  2  2  1  0.725 0.000
35  1  2  1   59   16   16   75    7    0    1    1    1    1    0  4  4  1  0.534 0.000
35  1  2  1   60   22   12   13    7    0    0    1    0    0    0  3  3  1  0.668 0.000
35  1  2  1   61   23   13   36    7    0    0    1    0    0    0  3  3  1  0.943 0.000
35  1  2  1   62    2   12   38    7    0    0    1    1    0    1  3  2  1  0.822 0.000
35  1  2  1   63   30   10   26    7    0    0    1    0    1    1  4  3  0  0.699 0.000
35  1  2  1   64   11   11   33    7    0    0    1    1    1    0  4  2  1  1.120 0.000
35  1  2  1   65   27   17   75    7    0    1    0    0    0    0  1  1  1  0.623 0.000
35  1  2  1   66   33   13   75    7    0    0    0    0    1    1  1  4  1  0.651 0.000
35  1  2  1   67    0   10   52    7    0    0    0    1    0    1  2  1  0  0.799 0.000
35  1  2  1   68   24   14    0    7    0    0    0    0    0    0  1  1  1  0.904 0.000
35  1  2  1   69    4   14   41    7    0    0    0    1    0    1  2  3  1  1.432 0.000
35  1  2  1   70   25   15   16    7    0    1    1    0    0    0  3  3  1  1.460 0.000
35  1  2  1   71   28   18   45    7    0    1    0    0    0    0  1  3  1  0.758 0.000
35  1  2  1   72   35   15    0    7    0    1    1    0    1    1  4  4  1  0.813 0.000
35  1  2  1   73   29   19   63    7    0    1    0    0    0    0  1  2  0  1.369 0.000
35  1  2  1   74   26   16   70    7    0    1    1    0    0    0  3  1  1  1.179 0.000
35  1  2  1   75   31   11   78    7    0    0    1    0    1    1  4  1  1  0.673 0.000
35  1  2  1   76    1   11   24    7    0    0    1    1    0    1  3  3  1  1.467 0.000
35  1  2  1   77   10   10   10    7    0    0    1    1    1    0  4  4  1  0.933 0.000
35  1  2  1   78   34   14   12    7    0    0    1    0    1    1  4  1  1  0.645 0.000
35  1  2  1   79    9   19   67    7    0    1    0    1    0    1  2  3  1  2.088 0.000
35  1  2  1   80   15   15   22    7    0    1    1    1    1    0  4  2  1  1.522 0.000
35  1  2  1   81   32   12   74    7    0    0    1    0    1    1  4  1  1  1.249 0.000
35  1  2  1   82    7   17   57    7    0    1    0    1    0    1  2  3  1  1.437 0.000
35  1  2  1   83   39   19   25    7    0    1    1    0    1    1  4  4  1  0.752 0.000
35  1  2  1   84   21   11   52    7    0    0    1    0    0    0  3  1  1  1.351 0.000
35  1  2  1   85   20   10   23    7    0    0    1    0    0    0  3  3  1  1.390 0.000
35  1  2  1   86   38   18   17    7    0    1    0    0    1    1  1  4  1  0.891 0.000
35  1  2  1   87    5   15    1    7    0    1    1    1    0    1  3  3  1  1.037 0.000
35  1  2  1   88   18   18   31    7    0    1    0    1    1    0  2  4  1  0.680 0.000
35  1  2  1   89   36   16   53    7    0    1    1    0    1    1  4  1  1  1.530 0.000
35  1  2  1   90   37   17   39    7    0    1    0    0    1    1  1  1  1  1.409 0.000
35  1  2  1   91   12   12   72    7    0    0    0    1    1    0  2  4  1  0.726 0.000
35  1  2  1   92    3   13   19    7    0    0    0    1    0    1  2  3  1  0.974 0.000
35  1  1  2   93   33   23   56    0    1    0    0    0    1    1  1  1  1  0.634 0.000
35  1  1  2   94   23   23   50    1    1    0    0    0    0    0  1  1  1  0.545 0.000
35  1  1  2   95   37   27   28    2    2    1    1    0    1    1  4  4  1  0.684 0.000
35  1  1  2   96   34   24   57    3    1    0    1    0    1    1  4  4  1  0.673 0.000
35  1  1  2   97    7   27   75    1    2    1    0    1    0    1  2  2  1  0.599 0.000
35  1  1  2   98   18   28   42    0    2    1    1    1    1    0  4  4  1  1.104 0.000
35  1  1  2   99   22   22   78    4    1    0    1    0    0    0  3  3  1  0.732 0.000
35  1  1  2  100   26   26   24    1    2    1    0    0    0    0  1  1  1  0.664 0.000
35  1  1  2  101   35   25   18    0    1    1    1    0    1    1  4  4  1  0.814 0.000
35  1  1  2  102    8   28   27    3    2    1    0    1    0    1  2  2  1  0.638 0.000
35  1  1  2  103   14   24    5    1    1    0    0    1    1    0  2  2  1  0.621 0.000
35  1  1  2  104   31   21   14    0    1    0    0    0    1    1  1  1  1  0.933 0.000
35  1  1  2  105   28   28   51    4    2    1    1    0    0    0  3  3  1  0.952 0.000
35  1  1  2  106   15   25   30    3    1    1    0    1    1    0  2  2  1  0.651 0.000
35  1  1  2  107   25   25   44    1    1    1    1    0    0    0  3  3  1  0.673 0.000
35  1  1  2  108   24   24   68    4    1    0    1    0    0    0  3  3  1  0.655 0.000
35  1  1  2  109   38   28   23    3    2    1    0    0    1    1  1  1  1  0.918 0.000
35  1  1  2  110    0   20   40    0    2    0    0    1    0    1  2  2  1  0.690 0.000
35  1  1  2  111   17   27   46    4    2    1    1    1    1    0  4  4  1  1.158 0.000
35  1  1  2  112    1   21   74    1    1    0    1    1    0    1  3  3  1  0.768 0.000
35  1  1  2  113    6   26   34    2    2    1    0    1    0    1  2  2  1  0.826 0.000
35  1  1  2  114   13   23    2    4    1    0    0    1    1    0  2  2  1  0.730 0.000
35  1  1  2  115   27   27   65    3    2    1    1    0    0    0  3  3  1  1.061 0.000
35  1  1  2  116   19   29   61    2    2    1    0    1    1    0  2  2  1  0.659 0.000
35  1  1  2  117   32   22   24    1    1    0    0    0    1    1  1  1  1  0.850 0.000
35  1  1  2  118    5   25   66    3    1    1    1    1    0    1  3  3  1  0.824 0.000
35  1  1  2  119   30   20   52    2    2    0    1    0    1    1  4  4  1  0.855 0.000
35  1  1  2  120    3   23   64    1    1    0    1    1    0    1  3  3  1  0.854 0.000
35  1  1  2  121   11   21    1    4    1    0    1    1    1    0  4  4  1  0.941 0.000
35  1  1  2  122   36   26   40    3    0    1    0    0    1    1  1  2  0  0.992 0.000
35  1  1  2  123   12   22   44    0    1    0    0    1    1    0  2  2  1  0.856 0.000
35  1  1  2  124    4   24    5    4    1    0    0    1    0    1  2  2  1  0.847 0.000
35  1  1  2  125   21   21   14    1    1    0    0    0    0    0  1  1  1  1.102 0.000
35  1  1  2  126    2   22    4    0    0    0    0    1    0    1  2  1  0  0.931 0.000
35  1  1  2  127   16   26   63    2    2    1    1    1    1    0  4  4  1  1.197 0.000
35  1  1  2  128   29   29   41    3    2    1    0    0    0    0  1  1  1  0.550 0.000
35  1  1  2  129    9   29   45    4    2    1    1    1    0    1  3  3  1  1.017 0.000
35  1  1  2  130   20   20   35    0    2    0    1    0    0    0  3  3  1  1.033 0.000
35  1  1  2  131   39   29    9    3    2    1    0    0    1    1  1  1  1  0.623 0.000
35  1  1  2  132   10   20   49    2    2    0    0    1    1    0  2  2  1  0.823 0.000
35  1  2  2  133   10   30   66    7    0    0    0    1    1    0  2  4  1  1.015 0.000
35  1  2  2  134   17   37   40    7    0    1    1    1    1    0  4  4  1  0.660 0.000
35  1  2  2  135   22   32   49    7    0    0    1    0    0    0  3  3  1  0.598 0.000
35  1  2  2  136   11   31    8    7    0    0    1    1    1    0  4  2  1  1.067 0.000
35  1  2  2  137   33   33   72    7    0    0    1    0    1    1  4  3  0  0.870 0.000
35  1  2  2  138    2   32   62    7    0    0    1    1    0    1  3  3  1  0.932 0.000
35  1  2  2  139    6   36   30    7    0    1    0    1    0    1  2  2  1  0.963 0.000
35  1  2  2  140   36   36   44    7    0    1    1    0    1    1  4  1  1  0.698 0.000
35  1  2  2  141    7   37   60    7    0    1    0    1    0    1  2  4  0  1.395 0.000
35  1  2  2  142   34   34   30    7    0    0    0    0    1    1  1  1  1  1.004 0.000
35  1  2  2  143    3   33   77    7    0    0    0    1    0    1  2  3  1  0.944 0.000
35  1  2  2  144    0   30   44    7    0    0    0    1    0    1  2  2  1  1.040 0.000
35  1  2  2  145   24   34   62    7    0    0    0    0    0    0  1  1  1  0.747 0.000
35  1  2  2  146    9   39   54    7    0    1    1    1    0    1  3  2  1  0.995 0.000
35  1  2  2  147   28   38   22    7    0    1    0    0    0    0  1  1  1  0.912 0.000
35  1  2  2  148   16   36   59    7    0    1    1    1    1    0  4  2  1  1.272 0.000
35  1  2  2  149   38   38   76    7    0    1    0    0    1    1  1  1  1  0.674 0.000
35  1  2  2  150   30   30    3    7    0    0    0    0    1    1  1  1  1  0.829 0.000
35  1  2  2  151   29   39   43    7    0    1    1    0    0    0  3  1  1  0.929 0.000
35  1  2  2  152   23   33   17    7    0    0    1    0    0    0  3  3  1  1.136 0.000
35  1  2  2  153   12   32   29    7    0    0    1    1    1    0  4  2  1  1.063 0.000
35  1  2  2  154   37   37    7    7    0    1    0    0    1    1  1  1  1  0.930 0.000
35  1  2  2  155   18   38   77    7    0    1    1    1    1    0  4  4  1  0.602 0.000
35  1  2  2  156   19   39   39    7    0    1    0    1    1    0  2  4  1  0.647 0.000
35  1  2  2  157   15   35   24    7    0    1    1    1    1    0  4  4  1  0.738 0.000
35  1  2  2  158   20   30   53    7    0    0    1    0    0    0  3  1  1  0.730 0.000
35  1  2  2  159   21   31   37    7    0    0    1    0    0    0  3  3  1  1.018 0.000
35  1  2  2  160   25   35   58    7    0    1    0    0    0    0  1  1  1  0.790 0.000
35  1  2  2  161   31   31   34    7    0    0    0    0    1    1  1  1  1  0.947 0.000
35  1  2  2  162   32   32   50    7    0    0    0    0    1    1  1  4  1  1.026 0.000
35  1  2  2  163    1   31    8    7    0    0    0    1    0    1  2  4  0  1.230 0.000
35  1  2  2  164    5   35   46    7    0    1    1    1    0    1  3  3  1  0.782 0.000
35  1  2  2  165   27   37   64    7    0    1    0    0    0    0  1  1  1  0.708 0.000
35  1  2  2  166   26   36   56    7    0    1    1    0    0    0  3  3  1  1.020 0.000
35  1  2  2  167    4   34   69    7    0    0    1    1    0    1  3  2  1  1.320 0.000
35  1  2  2  168   14   34   78    7    0    0    1    1    1    0  4  2  1  0.808 0.000
35  1  2  2  169   35   35   69    7    0    1    0    0    1    1  1  4  1  0.933 0.000
35  1  2  2  170   13   33    7    7    0    0    0    1    1    0  2  2  1  0.724 0.000
35  1  2  2  171    8   38    7    7    0    1    1    1    0    1  3  2  1  1.012 0.000
35  1  2  2  172   39   39   13    7    0    1    0    0    1    1  1  1  1  0.889 0.000
35  1  1  3  173    6   46   13    4    2    1    1    1    0    1  3  3  1  0.570 0.000
35  1  1  3  174   11   41    6    0    1    0    1    1    1    0  4  4  1  0.731 0.000
35  1  1  3  175   15   45   54    3    1    1    0    1    1    0  2  2  1  0.623 0.000
35  1  1  3  176   21   41   40    4    1    0    0    0    0    0  1  1  1  0.591 0.000
35  1  1  3  177    5   45   55    0    1    1    1    1    0    1  3  3  1  0.664 0.000
35  1  1  3  178    8   48    9    1    2    1    0    1    0    1  2  2  1  0.942 0.000
35  1  1  3  179    0   40   63    3    2    0    0    1    0    1  2  2  1  0.664 0.000
35  1  1  3  180    3   43   20    4    1    0    0    1    0    1  2  2  1  0.623 0.000
35  1  1  3  181   25   45   55    2    1    1    1    0    0    0  3  3  1  0.559 0.000
35  1  1  3  182   23   43    7    3    1    0    1    0    0    0  3  3  1  0.745 0.000
35  1  1  3  183   27   47   79    1    2    1    0    0    0    0  1  1  1  0.635 0.000
35  1  1  3  184    1   41   59    4    0    0    0    1    0    1  2  3  0  1.091 0.000
35  1  1  3  185   37   47   71    3    0    1    1    0    1    1  4  3  0  0.872 0.000
35  1  1  3  186   19   49   56    2    2    1    0    1    1    0  2  2  1  0.630 0.000
35  1  1  3  187   20   40   12    1    2    0    0    0    0    0  1  1  1  0.829 0.000
35  1  1  3  188   26   46   34    4    2    1    1    0    0    0  3  3  1  0.740 0.000
35  1  1  3  189   34   44   54    2    1    0    1    0    1    1  4  4  1  0.936 0.000
35  1  1  3  190   30   40   62    0    2    0    1    0    1    1  4  4  1  0.795 0.000
35  1  1  3  191   16   46   21    1    2    1    0    1    1    0  2  2  1  0.811 0.000
35  1  1  3  192   28   48   46    4    2    1    1    0    0    0  3  3  1  0.892 0.000
35  1  1  3  193   18   48   76    2    2    1    0    1    1    0  2  2  1  0.897 0.000
35  1  1  3  194   31   41   77    0    1    0    0    0    1    1  1  1  1  0.694 0.000
35  1  1  3  195    2   42   51    1    1    0    0    1    0    1  2  2  1  0.698 0.000
35  1  1  3  196   12   42   36    3    1    0    0    1    1    0  2  2  1  0.751 0.000
35  1  1  3  197   17   47   51    2    2    1    1    1    1    0  4  4  1  0.793 0.000
35  1  1  3  198   32   42   10    1    1    0    1    0    1    1  4  4  1  0.834 0.000
35  1  1  3  199   35   45   79    0    1    1    0    0    1    1  1  1  1  0.577 0.000
35  1  1  3  200    7   47   72    3    2    1    1    1    0    1  3  3  1  0.795 0.000
35  1  1  3  201   14   44   57    1    1    0    1    1    1    0  4  4  1  0.716 0.000
35  1  1  3  202    9   49   26    2    2    1    0    1    0    1  2  2  1  0.712 0.000
35  1  1  3  203   33   43   33    3    1    0    0    0    1    1  1  1  1  0.803 0.000
35  1  1  3  204   22   42    9    4    1    0    0    0    0    0  1  1  1  0.676 0.000
35  1  1  3  205   10   40    9    1    2    0    0    1    1    0  2  2  1  0.690 0.000
35  1  1  3  206   39   49   32    0    2    1    1    0    1    1  4  4  1  0.927 0.000
35  1  1  3  207   13   43   67    4    0    0    1    1    1    0  4  3  0  1.130 0.000
35  1  1  3  208    4   44   32    1    1    0    1    1    0    1  3  3  1  1.190 0.000
35  1  1  3  209   36   46    2    3    2    1    0    0    1    1  1  1  1  0.543 0.000
35  1  1  3  210   24   44   76    4    1    0    0    0    0    0  1  1  1  0.674 0.000
35  1  1  3  211   29   49   61    2    2    1    1    0    0    0  3  3  1  0.655 0.000
35  1  1  3  212   38   48   20    1    2    1    0    0    1    1  1  1  1  0.702 0.000
35  1  2  3  213    2   52   47    7    0    0    0    1    0    1  2  3  1  1.154 0.000
35  1  2  3  214   21   51   38    7    0    0    0    0    0    0  1  1  1  1.146 0.000
35  1  2  3  215   13   53   25    7    0    0    0    1    1    0  2  3  0  1.088 0.000
35  1  2  3  216   38   58    8    7    0    1    1    0    1    1  4  4  1  0.757 0.000
35  1  2  3  217   16   56   74    7    0    1    0    1    1    0  2  3  0  0.828 0.000
35  1  2  3  218    5   55   33    7    0    1    1    1    0    1  3  2  1  0.756 0.000
35  1  2  3  219   27   57   27    7    0    1    0    0    0    0  1  1  1  0.779 0.000
35  1  2  3  220   10   50   37    7    0    0    0    1    1    0  2  2  1  0.696 0.000
35  1  2  3  221   26   56   72    7    0    1    1    0    0    0  3  3  1  1.210 0.000
35  1  2  3  222   15   55   71    7    0    1    0    1    1    0  2  4  1  0.798 0.000
35  1  2  3  223   23   53   42    7    0    0    0    0    0    0  1  3  1  0.740 0.000
35  1  2  3  224   12   52   27    7    0    0    0    1    1    0  2  2  1  0.739 0.000
35  1  2  3  225   11   51   32    7    0    0    0    1    1    0  2  2  1  0.706 0.000
35  1  2  3  226   14   54   23    7    0    0    0    1    1    0  2  3  0  0.915 0.000
35  1  2  3  227   33   53   21    7    0    0    0    0    1    1  1  1  1  0.976 0.000
35  1  2  3  228   30   50   29    7    0    0    0    0    1    1  1  1  1  1.549 0.000
35  1  2  3  229    8   58   28    7    0    1    1    1    0    1  3  2  1  0.932 0.000
35  1  2  3  230   31   51   27    7    0    0    1    0    1    1  4  1  1  0.612 0.000
35  1  2  3  231   28   58   11    7    0    1    0    0    0    0  1  3  1  1.009 0.000
35  1  2  3  232   24   54   20    7    0    0    0    0    0    0  1  3  1  1.238 0.000
35  1  2  3  233   19   59   79    7    0    1    1    1    1    0  4  2  1  0.760 0.000
35  1  2  3  234    4   54   76    7    0    0    1    1    0    1  3  3  1  1.055 0.000
35  1  2  3  235   20   50   21    7    0    0    1    0    0    0  3  1  1  1.178 0.000
35  1  2  3  236   18   58   68    7    0    1    0    1    1    0  2  4  1  0.624 0.000
35  1  2  3  237   17   57   55    7    0    1    1    1    1    0  4  2  1  0.796 0.000
35  1  2  3  238   36   56   49    7    0    1    0    0    1    1  1  1  1  0.649 0.000
35  1  2  3  239    1   51   11    7    0    0    0    1    0    1  2  2  1  1.109 0.000
35  1  2  3  240    6   56    0    7    0    1    1    1    0    1  3  2  1  0.997 0.000
35  1  2  3  241   34   54    5    7    0    0    1    0    1    1  4  4  1  1.131 0.000
35  1  2  3  242   32   52   36    7    0    0    1    0    1    1  4  4  1  1.274 0.000
35  1  2  3  243   29   59   77    7    0    1    0    0    0    0  1  3  1  0.708 0.000
35  1  2  3  244    3   53   36    7    0    0    0    1    0    1  2  2  1  1.189 0.000
35  1  2  3  245    9   59   10    7    0    1    1    1    0    1  3  3  1  0.811 0.000
35  1  2  3  246    7   57    3    7    0    1    0    1    0    1  2  1  0  0.966 0.000
35  1  2  3  247   22   52   69    7    0    0    0    0    0    0  1  1  1  0.792 0.000
35  1  2  3  248   35   55   31    7    0    1    1    0    1    1  4  4  1  0.878 0.000
35  1  2  3  249    0   50   43    7    0    0    1    1    0    1  3  3  1  0.672 0.000
35  1  2  3  250   37   57   47    7    0    1    0    0    1    1  1  3  0  0.874 0.000
35  1  2  3  251   25   55    8    7    0    1    1    0    0    0  3  2  0  0.823 0.000
35  1  2  3  252   39   59   59    7    0    1    0    0    1    1  1  1  1  0.839 0.000
35  1  1  4  253    4   64   73    4    1    0    0    1    0    1  2  2  1  0.727 0.000
35  1  1  4  254   18   68   34    2    2    1    1    1    1    0  4  4  1  0.650 0.000
35  1  1  4  255   11   61   11    3    1    0    1    1    1    0  4  4  1  1.225 0.000
35  1  1  4  256   33   63   38    1    1    0    1    0    1    1  4  4  1  0.624 0.000
35  1  1  4  257   15   65   13    0    1    1    0    1    1    0  2  2  1  0.584 0.000
35  1  1  4  258   12   62   47    3    1    0    0    1    1    0  2  2  1  0.729 0.000
35  1  1  4  259   27   67   47    1    2    1    1    0    0    0  3  3  1  0.653 0.000
35  1  1  4  260   32   62   22    2    1    0    1    0    1    1  4  4  1  0.684 0.000
35  1  1  4  261   29   69   74    3    2    1    0    0    0    0  1  1  1  0.584 0.000
35  1  1  4  262   36   66   15    4    2    1    1    0    1    1  4  4  1  0.809 0.000
35  1  1  4  263   23   63    5    2    1    0    1    0    0    0  3  3  1  1.002 0.000
35  1  1  4  264    7   67   39    0    2    1    0    1    0    1  2  2  1  0.698 0.000
35  1  1  4  265    1   61   58    1    1    0    0    1    0    1  2  2  1  0.694 0.000
35  1  1  4  266   26   66    3    4    2    1    1    0    0    0  3  3  1  0.907 0.000
35  1  1  4  267    5   65   16    0    1    1    0    1    0    1  2  2  1  0.824 0.000
35  1  1  4  268   31   61   41    3    0    0    0    0    1    1  1  2  0  0.888 0.000
35  1  1  4  269   16   66    4    1    2    1    1    1    1    0  4  4  1  1.085 0.000
35  1  1  4  270   22   62   39    0    1    0    1    0    0    0  3  3  1  0.922 0.000
35  1  1  4  271   30   60    4    2    2    0    1    0    1    1  4  4  1  0.822 0.000
35  1  1  4  272    0   60   71    4    0    0    1    1    0    1  3  4  0  1.046 0.000
35  1  1  4  273   28   68   19    1    2    1    0    0    0    0  1  1  1  0.532 0.000
35  1  1  4  274   39   69   66    3    2    1    1    0    1    1  4  4  1  0.688 0.000
35  1  1  4  275   17   67   60    4    2    1    0    1    1    0  2  2  1  0.805 0.000
35  1  1  4  276   14   64   50    2    1    0    0    1    1    0  2  2  1  0.662 0.000
35  1  1  4  277   24   64   10    3    0    0    0    0    0    0  1  3  0  1.163 0.000
35  1  1  4  278   34   64    1    0    1    0    0    0    1    1  1  1  1  0.766 0.000
35  1  1  4  279   13   63   69    1    1    0    0    1    1    0  2  2  1  0.608 0.000
35  1  1  4  280   21   61   59    4    1    0    0    0    0    0  1  1  1  0.760 0.000
35  1  1  4  281   38   68   37    2    2    1    1    0    1    1  4  4  1  0.818 0.000
35  1  1  4  282   19   69   20    3    2    1    0    1    1    0  2  2  1  0.778 0.000
35  1  1  4  283    9   69   61    4    2    1    1    1    0    1  3  3  1  1.172 0.000
35  1  1  4  284   37   67   16    0    2    1    0    0    1    1  1  1  1  0.926 0.000
35  1  1  4  285    2   62   12    3    1    0    0    1    0    1  2  2  1  0.744 0.000
35  1  1  4  286   25   65   32    4    1    1    1    0    0    0  3  3  1  1.115 0.000
35  1  1  4  287   20   60   30    0    0    0    1    0    0    0  3  4  0  0.792 0.000
35  1  1  4  288    8   68   37    2    2    1    0    1    0    1  2  2  1  0.961 0.000
35  1  1  4  289    3   63   48    4    1    0    0    1    0    1  2  2  1  0.938 0.000
35  1  1  4  290    6   66   14    1    0    1    1    1    0    1  3  4  0  0.853 0.000
35  1  1  4  291   35   65   63    2    1    1    0    0    1    1  1  1  1  0.716 0.000
35  1  1  4  292   10   60   12    3    2    0    0    1    1    0  2  2  1  0.704 0.000
35  1  2  4  293    3   73    6    7    0    0    0    1    0    1  2  2  1  1.500 0.000
35  1  2  4  294   34   74   61    7    0    0    0    0    1    1  1  2  0  0.773 0.000
35  1  2  4  295   30   70   55    7    0    0    0    0    1    1  1  4  1  0.687 0.000
35  1  2  4  296   36   76   45    7    0    1    1    0    1    1  4  1  1  0.713 0.000
35  1  2  4  297   26   76   28    7    0    1    0    0    0    0  1  1  1  0.657 0.000
35  1  2  4  298   21   71   31    7    0    0    0    0    0    0  1  1  1  0.652 0.000
35  1  2  4  299   17   77    3    7    0    1    1    1    1    0  4  4  1  0.943 0.000
35  1  2  4  300    8   78   50    7    0    1    0    1    0    1  2  4  0  0.758 0.000
35  1  2  4  301   33   73   60    7    0    0    0    0    1    1  1  1  1  0.664 0.000
35  1  2  4  302   25   75   25    7    0    1    1    0    0    0  3  1  1  1.314 0.000
35  1  2  4  303   18   78   28    7    0    1    0    1    1    0  2  4  1  1.371 0.000
35  1  2  4  304   29   79   48    7    0    1    1    0    0    0  3  1  1  1.345 0.000
35  1  2  4  305    2   72   49    7    0    0    1    1    0    1  3  3  1  0.928 0.000
35  1  2  4  306   19   79   70    7    0    1    0    1    1    0  2  4  1  1.240 0.000
35  1  2  4  307   16   76   18    7    0    1    1    1    1    0  4  4  1  1.020 0.000
35  1  2  4  308   22   72    1    7    0    0    1    0    0    0  3  3  1  0.736 0.000
35  1  2  4  309   13   73   48    7    0    0    1    1    1    0  4  4  1  0.680 0.000
35  1  2  4  310    0   70   17    7    0    0    1    1    0    1  3  2  1  0.841 0.000
35  1  2  4  311    1   71   31    7    0    0    1    1    0    1  3  3  1  0.732 0.000
35  1  2  4  312   20   70   73    7    0    0    1    0    0    0  3  1  1  0.941 0.000
35  1  2  4  313    7   77   68    7    0    1    0    1    0    1  2  1  0  0.980 0.000
35  1  2  4  314    4   74   15    7    0    0    0    1    0    1  2  3  1  1.021 0.000
35  1  2  4  315   39   79   19    7    0    1    1    0    1    1  4  4  1  1.033 0.000
35  1  2  4  316   11   71   45    7    0    0    1    1    1    0  4  2  1  0.661 0.000
35  1  2  4  317   38   78   48    7    0    1    0    0    1    1  1  1  1  0.904 0.000
35  1  2  4  318   23   73   57    7    0    0    0    0    0    0  1  1  1  0.833 0.000
35  1  2  4  319   15   75   15    7    0    1    1    1    1    0  4  4  1  0.996 0.000
35  1  2  4  320   10   70   35    7    0    0    1    1    1    0  4  2  1  0.641 0.000
35  1  2  4  321   14   74   62    7    0    0    1    1    1    0  4  4  1  0.941 0.000
35  1  2  4  322   24   74   54    7    0    0    1    0    0    0  3  1  1  0.765 0.000
35  1  2  4  323   12   72   14    7    0    0    1    1    1    0  4  4  1  0.922 0.000
35  1  2  4  324   35   75   46    7    0    1    0    0    1    1  1  3  0  0.987 0.000
35  1  2  4  325    9   79   79    7    0    1    1    1    0    1  3  3  1  0.804 0.000
35  1  2  4  326   31   71   42    7    0    0    1    0    1    1  4  1  1  1.001 0.000
35  1  2  4  327   37   77    6    7    0    1    0    0    1    1  1  4  1  0.830 0.000
35  1  2  4  328   28   78   33    7    0    1    1    0    0    0  3  1  1  1.561 0.000
35  1  2  4  329   27   77   18    7    0    1    0    0    0    0  1  1  1  0.704 0.000
35  1  2  4  330    5   75   22    7    0    1    1    1    0    1  3  2  1  0.873 0.000
35  1  2  4  331   32   72   65    7    0    0    1    0    1    1  4  4  1  0.947 0.000
35  1  2  4  332    6   76   65    7    0    1    0    1    0    1  2  3  1  0.762 0.000
