15  1  0  0    1    0   -1   10    0    0    0    1    0    1    1  2  2  1  2.873 0.000
15  1  0  0    2    0   -1   10    1    0    0    1    0    1    1  2  2  1  0.904 0.000
15  1  0  0    3    0   -1   10    4    0    1    0    0    0    0  3  4  0  1.448 0.000
15  1  0  0    4    0   -1   10    3    0    0    0    1    0    1  4  3  0  1.141 0.000
15  1  0  0    5    0   -1   10    2    0    0    0    0    1    1  3  3  1  2.111 0.000
15  1  0  0    6    0   -1   10    1    0    0    0    1    0    1  4  4  1  0.733 0.000
15  1  0  0    7    0   -1   10    3    0    0    0    0    1    1  3  4  0  1.467 0.000
15  1  0  0    8    0   -1   10    0    0    0    0    1    0    1  4  4  1  1.063 0.000
15  1  0  0    9    0   -1   10    4    0    0    0    1    1    0  4  3  0  1.049 0.000
15  1  0  0   10    0   -1   10    2    0    0    0    0    1    1  3  3  1  2.212 0.000
15  1  0  0   11    0   -1   10    1    0    0    0    1    0    1  4  4  1  0.455 0.000
15  1  0  0   12    0   -1   10    0    0    0    0    0    1    1  3  4  0  1.424 0.000
15  1  1  1   13    8    8   44    3    2    1    1    1    0    1  1  1  1  1.856 0.000
15  1  1  1   14   22    2   14    2    0    0    1    0    0    0  1  2  0  1.437 0.000
15  1  1  1   15   15    5   48    0    1    1    0    1    1    0  4  4  1  1.578 0.000
15  1  1  1   16   38    8    4    1    0    1    1    0    1    1  2  3  0  1.306 0.000
15  1  1  1   17   35    5   67    3    1    1    0    0    1    1  3  3  1  1.340 0.000
15  1  1  1   18   18    8    9    2    0    1    1    1    1    0  2  4  0  1.965 0.000
15  1  1  1   19   29    9    5    4    2    1    0    0    0    0  3  3  1  1.140 0.000
15  1  1  1   20    4    4   48    0    1    0    0    1    0    1  4  4  1  1.061 0.000
15  1  1  1   21   20    0   12    2    2    0    0    0    0    0  3  3  1  1.298 0.000
15  1  1  1   22   14    4    5    4    1    0    0    1    1    0  4  4  1  0.835 0.000
15  1  1  1   23   36    6   59    0    2    1    1    0    1    1  2  2  1  0.896 0.000
15  1  1  1   24    0    0   70    3    2    0    1    1    0    1  1  1  1  1.571 0.000
15  1  1  1   25   24    4   32    1    1    0    1    0    0    0  1  1  1  1.003 0.000
15  1  1  1   26   28    8   11    4    2    1    0    0    0    0  3  3  1  1.224 0.000
15  1  1  1   27   21    1   53    0    1    0    0    0    0    0  3  3  1  1.318 0.000
15  1  1  1   28   25    5   46    3    1    1    1    0    0    0  1  1  1  2.048 0.000
15  1  1  1   29   31    1   51    1    1    0    1    0    1    1  2  2  1  1.604 0.000
15  1  1  1   30   30    0   52    2    2    0    1    0    1    1  2  2  1  0.986 0.000
15  1  1  1   31    3    3   73    4    1    0    1    1    0    1  1  1  1  0.873 0.000
15  1  1  1   32   33    3    5    3    1    0    1    0    1    1  2  2  1  0.756 0.000
15  1  1  1   33   13    3   75    0    1    0    1    1    1    0  2  2  1  1.693 0.000
15  1  1  1   34    7    7   57    1    2    1    0    1    0    1  4  4  1  1.927 0.000
15  1  1  1   35    1    1   40    2    1    0    0    1    0    1  4  4  1  1.369 0.000
15  1  1  1   36   16    6   33    0    2    1    1    1    1    0  2  2  1  1.551 0.000
15  1  1  1   37    5    5   58    1    1    1    0    1    0    1  4  4  1  1.680 0.000
15  1  1  1   38   34    4   31    3    0    0    0    0    1    1  3  2  0  2.179 0.000
15  1  1  1   39   39    9   23    4    2    1    1    0    1    1  2  2  1  0.611 0.000
15  1  1  1   40    2    2   20    0    1    0    1    1    0    1  1  1  1  1.592 0.000
15  1  1  1   41   23    3   41    1    1    0    1    0    0    0  1  1  1  1.248 0.000
15  1  1  1   42    9    9   26    4    2    1    0    1    0    1  4  4  1  1.773 0.000
15  1  1  1   43   19    9   63    0    2    1    1    1    1    0  2  2  1  1.939 0.000
15  1  1  1   44   10    0   46    2    2    0    1    1    1    0  2  2  1  1.020 0.000
15  1  1  1   45   26    6   71    1    2    1    0    0    0    0  3  3  1  1.802 0.000
15  1  1  1   46   27    7   39    3    2    1    1    0    0    0  1  1  1  2.008 0.000
15  1  1  1   47   17    7    2    0    0    1    0    1    1    0  4  3  0  1.934 0.000
15  1  1  1   48   11    1   53    2    1    0    0    1    1    0  4  4  1  1.967 0.000
15  1  1  1   49    6    6   49    4    0    1    1    1    0    1  1  2  0  2.055 0.000
15  1  1  1   50   32    2   53    1    1    0    1    0    1    1  2  2  1  2.266 0.000
15  1  1  1   51   12    2   44    2    1    0    1    1    1    0  2  2  1  1.350 0.000
15  1  1  1   52   37    7   62    3    2    1    0    0    1    1  3  3  1  1.911 0.000
15  1  2  1   53   13   13   30    7    0    0    0    1    1    0  4  4  1  0.785 0.000
15  1  2  1   54   16   16   23    7    0    1    1    1    1    0  2  1  0  0.308 0.000
15  1  2  1   55    7   17   39    7    0    1    0    1    0    1  4  1  1  4.831 0.000
15  1  2  1   56   37   17    3    7    0    1    1    0    1    1  2  3  1  2.328 0.000
15  1  2  1   57    3   13   45    7    0    0    1    1    0    1  1  4  1  1.399 0.000
15  1  2  1   58   20   10   60    7    0    0    1    0    0    0  1  3  1  3.898 0.000
15  1  2  1   59   35   15   17    7    0    1    0    0    1    1  3  3  1  1.210 0.000
15  1  2  1   60    8   18   24    7    0    1    1    1    0    1  1  1  1  1.412 0.000
15  1  2  1   61   33   13   16    7    0    0    1    0    1    1  2  2  1  1.599 0.000
15  1  2  1   62   15   15   71    7    0    1    0    1    1    0  4  2  1  1.083 0.000
15  1  2  1   63    6   16    7    7    0    1    1    1    0    1  1  1  1  1.018 0.000
15  1  2  1   64   32   12   24    7    0    0    1    0    1    1  2  3  1  1.308 0.000
15  1  2  1   65   12   12   77    7    0    0    1    1    1    0  2  4  1  1.803 0.000
15  1  2  1   66   25   15   19    7    0    1    0    0    0    0  3  3  1  1.006 0.000
15  1  2  1   67    5   15    2    7    0    1    1    1    0    1  1  1  1  0.985 0.000
15  1  2  1   68   11   11    1    7    0    0    1    1    1    0  2  2  1  0.995 0.000
15  1  2  1   69    0   10   53    7    0    0    1    1    0    1  1  2  0  0.999 0.000
15  1  2  1   70   18   18   68    7    0    1    0    1    1    0  4  3  0  1.934 0.000
15  1  2  1   71   19   19   73    7    0    1    1    1    1    0  2  4  1  0.951 0.000
15  1  2  1   72   36   16   78    7    0    1    0    0    1    1  3  4  0  1.091 0.000
15  1  2  1   73   34   14   56    7    0    0    0    0    1    1  3  3  1  1.406 0.000
15  1  2  1   74   21   11   70    7    0    0    0    0    0    0  3  3  1  1.009 0.000
15  1  2  1   75   30   10   47    7    0    0    0    0    1    1  3  4  0  3.875 0.000
15  1  2  1   76   39   19   60    7    0    1    1    0    1    1  2  3  1  1.527 0.000
15  1  2  1   77   38   18   54    7    0    1    0    0    1    1  3  2  1  0.789 0.000
15  1  2  1   78   29   19   57    7    0    1    1    0    0    0  1  2  0  1.033 0.000
15  1  2  1   79   22   12   64    7    0    0    1    0    0    0  1  2  0  0.805 0.000
15  1  2  1   80   23   13   34    7    0    0    1    0    0    0  1  1  1  1.332 0.000
15  1  2  1   81   28   18    3    7    0    1    0    0    0    0  3  1  1  0.746 0.000
15  1  2  1   82   27   17    2    7    0    1    1    0    0    0  1  1  1  0.760 0.000
15  1  2  1   83    9   19   30    7    0    1    0    1    0    1  4  1  1  1.516 0.000
15  1  2  1   84   24   14   62    7    0    0    0    0    0    0  3  1  1  0.626 0.000
15  1  2  1   85    1   11    8    7    0    0    0    1    0    1  4  1  1  1.077 0.000
15  1  2  1   86   10   10   25    7    0    0    0    1    1    0  4  4  1  1.773 0.000
15  1  2  1   87   31   11   27    7    0    0    0    0    1    1  3  3  1  1.280 0.000
15  1  2  1   88    4   14   15    7    0    0    0    1    0    1  4  4  1  1.673 0.000
15  1  2  1   89    2   12   50    7    0    0    0    1    0    1  4  4  1  0.865 0.000
15  1  2  1   90   17   17   37    7    0    1    1    1    1    0  2  4  1  0.778 0.000
15  1  2  1   91   14   14    4    7    0    0    1    1    1    0  2  4  1  1.117 0.000
15  1  2  1   92   26   16   43    7    0    1    0    0    0    0  3  3  1  1.532 0.000
15  1  1  2   93   27   27   44    1    2    1    1    0    0    0  1  1  1  0.923 0.000
15  1  1  2   94   20   20   29    4    2    0    1    0    0    0  1  1  1  0.773 0.000
15  1  1  2   95   23   23   17    3    1    0    1    0    0    0  1  1  1  0.908 0.000
15  1  1  2   96   25   25   26    1    1    1    0    0    0    0  3  3  1  0.639 0.000
15  1  1  2   97    1   21    0    2    0    0    0    1    0    1  4  3  0  0.627 0.000
15  1  1  2   98   13   23    6    3    1    0    0    1    1    0  4  4  1  1.192 0.000
15  1  1  2   99   19   29    0    1    2    1    1    1    1    0  2  2  1  1.143 0.000
15  1  1  2  100   29   29   66    2    2    1    0    0    0    0  3  3  1  1.072 0.000
15  1  1  2  101   36   26   77    4    2    1    1    0    1    1  2  2  1  1.739 0.000
15  1  1  2  102   37   27   39    3    2    1    0    0    1    1  3  3  1  2.068 0.000
15  1  1  2  103   18   28   12    1    2    1    1    1    1    0  2  2  1  2.048 0.000
15  1  1  2  104   26   26    1    4    2    1    0    0    0    0  3  3  1  1.044 0.000
15  1  1  2  105   34   24   18    2    1    0    0    0    1    1  3  3  1  1.817 0.000
15  1  1  2  106    6   26   11    1    2    1    1    1    0    1  1  1  1  0.639 0.000
15  1  1  2  107   39   29   14    0    2    1    0    0    1    1  3  3  1  1.356 0.000
15  1  1  2  108   30   20   35    2    2    0    0    0    1    1  3  3  1  1.683 0.000
15  1  1  2  109   15   25    7    3    1    1    1    1    1    0  2  2  1  1.742 0.000
15  1  1  2  110   32   22    8    0    1    0    1    0    1    1  2  2  1  2.287 0.000
15  1  1  2  111    9   29   25    1    2    1    0    1    0    1  4  4  1  3.633 0.000
15  1  1  2  112    2   22   72    3    1    0    0    1    0    1  4  4  1  3.390 0.000
15  1  1  2  113    8   28   14    2    2    1    1    1    0    1  1  1  1  2.772 0.000
15  1  1  2  114   10   20   72    4    2    0    1    1    1    0  2  2  1  0.700 0.000
15  1  1  2  115   14   24   49    0    0    0    1    1    1    0  2  4  0  2.223 0.000
15  1  1  2  116   24   24   38    3    1    0    1    0    0    0  1  1  1  2.060 0.000
15  1  1  2  117   28   28   69    4    2    1    0    0    0    0  3  3  1  1.848 0.000
15  1  1  2  118    4   24   51    2    0    0    0    1    0    1  4  3  0  1.541 0.000
15  1  1  2  119   33   23   25    0    1    0    0    0    1    1  3  3  1  1.126 0.000
15  1  1  2  120   35   25   36    3    0    1    1    0    1    1  2  4  0  2.478 0.000
15  1  1  2  121   11   21   51    2    1    0    1    1    1    0  2  2  1  1.514 0.000
15  1  1  2  122   12   22   65    4    1    0    1    1    1    0  2  2  1  6.005 0.000
15  1  1  2  123   16   26   36    3    0    1    0    1    1    0  4  0  0  10.000 0.000
15  1  1  2  124    0   20   21    2    2    0    0    1    0    1  4  4  1  1.105 0.000
15  1  1  2  125   22   22   31    0    1    0    0    0    0    0  3  3  1  0.691 0.000
15  1  1  2  126    7   27   35    4    2    1    1    1    0    1  1  1  1  2.166 0.000
15  1  1  2  127    3   23   77    1    0    0    1    1    0    1  1  4  0  1.646 0.000
15  1  1  2  128   17   27   58    2    2    1    0    1    1    0  4  4  1  2.474 0.000
15  1  1  2  129    5   25   63    3    1    1    1    1    0    1  1  1  1  0.870 0.000
15  1  1  2  130   21   21    4    1    0    0    1    0    0    0  1  3  0  1.601 0.000
15  1  1  2  131   31   21   12    2    0    0    1    0    1    1  2  3  0  1.303 0.000
15  1  1  2  132   38   28    1    4    2    1    0    0    1    1  3  3  1  1.137 0.000
15  1  2  2  133    6   36   17    7    0    1    1    1    0    1  1  1  1  1.754 0.000
15  1  2  2  134   13   33   66    7    0    0    1    1    1    0  2  2  1  1.407 0.000
15  1  2  2  135   15   35   28    7    0    1    0    1    1    0  4  4  1  2.265 0.000
15  1  2  2  136   21   31   51    7    0    0    0    0    0    0  3  3  1  1.242 0.000
15  1  2  2  137   28   38   28    7    0    1    1    0    0    0  1  3  1  0.860 0.000
15  1  2  2  138   23   33   55    7    0    0    1    0    0    0  1  3  1  0.645 0.000
15  1  2  2  139   14   34   21    7    0    0    1    1    1    0  2  3  0  1.805 0.000
15  1  2  2  140   33   33    7    7    0    0    1    0    1    1  2  3  1  0.724 0.000
15  1  2  2  141   10   30   17    7    0    0    1    1    1    0  2  2  1  1.338 0.000
15  1  2  2  142   19   39   57    7    0    1    0    1    1    0  4  1  0  0.880 0.000
15  1  2  2  143   24   34    8    7    0    0    0    0    0    0  3  3  1  1.282 0.000
15  1  2  2  144    0   30   42    7    0    0    0    1    0    1  4  4  1  1.203 0.000
15  1  2  2  145    3   33   38    7    0    0    0    1    0    1  4  4  1  1.094 0.000
15  1  2  2  146   32   32   26    7    0    0    0    0    1    1  3  3  1  0.997 0.000
15  1  2  2  147   18   38   29    7    0    1    1    1    1    0  2  4  1  1.136 0.000
15  1  2  2  148   16   36   41    7    0    1    0    1    1    0  4  3  0  1.447 0.000
15  1  2  2  149   31   31   37    7    0    0    0    0    1    1  3  2  1  2.211 0.000
15  1  2  2  150   30   30   64    7    0    0    0    0    1    1  3  2  1  0.734 0.000
15  1  2  2  151   36   36   22    7    0    1    1    0    1    1  2  2  1  0.938 0.000
15  1  2  2  152   12   32   24    7    0    0    1    1    1    0  2  2  1  0.656 0.000
15  1  2  2  153   25   35   13    7    0    1    0    0    0    0  3  3  1  1.105 0.000
15  1  2  2  154   29   39   77    7    0    1    1    0    0    0  1  3  1  0.944 0.000
15  1  2  2  155   17   37   18    7    0    1    0    1    1    0  4  4  1  0.868 0.000
15  1  2  2  156   20   30    6    7    0    0    0    0    0    0  3  3  1  1.021 0.000
15  1  2  2  157    2   32   18    7    0    0    0    1    0    1  4  4  1  1.007 0.000
15  1  2  2  158   35   35    6    7    0    1    1    0    1    1  2  3  1  1.018 0.000
15  1  2  2  159    8   38    4    7    0    1    0    1    0    1  4  4  1  1.644 0.000
15  1  2  2  160   37   37   42    7    0    1    1    0    1    1  2  3  1  2.285 0.000
15  1  2  2  161    7   37   65    7    0    1    0    1    0    1  4  1  1  1.165 0.000
15  1  2  2  162    9   39   66    7    0    1    1    1    0    1  1  1  1  0.834 0.000
15  1  2  2  163    4   34   19    7    0    0    1    1    0    1  1  1  1  1.986 0.000
15  1  2  2  164    1   31    6    7    0    0    1    1    0    1  1  1  1  0.886 0.000
15  1  2  2  165   22   32   54    7    0    0    1    0    0    0  1  3  1  1.293 0.000
15  1  2  2  166   38   38   10    7    0    1    0    0    1    1  3  2  1  0.917 0.000
15  1  2  2  167   27   37   21    7    0    1    1    0    0    0  1  3  1  0.747 0.000
15  1  2  2  168   11   31   42    7    0    0    1    1    1    0  2  4  1  1.184 0.000
15  1  2  2  169   39   39   79    7    0    1    0    0    1    1  3  3  1  0.748 0.000
15  1  2  2  170   34   34   33    7    0    0    0    0    1    1  3  2  1  1.409 0.000
15  1  2  2  171    5   35   56    7    0    1    1    1    0    1  1  4  1  3.747 0.000
15  1  2  2  172   26   36   42    7    0    1    0    0    0    0  3  1  1  1.953 0.000
15  1  1  3  173   16   46   35    3    2    1    1    1    1    0  2  2  1  1.166 0.000
15  1  1  3  174   33   43   74    1    1    0    1    0    1    1  2  2  1  0.638 0.000
15  1  1  3  175   11   41   52    2    1    0    1    1    1    0  2  2  1  0.731 0.000
15  1  1  3  176   13   43   59    0    1    0    1    1    1    0  2  2  1  1.499 0.000
15  1  1  3  177   35   45   72    4    0    1    0    0    1    1  3  2  0  2.334 0.000
15  1  1  3  178   14   44   47    1    1    0    0    1    1    0  4  4  1  1.031 0.000
15  1  1  3  179   28   48   67    3    2    1    1    0    0    0  1  1  1  0.996 0.000
15  1  1  3  180   15   45   16    0    1    1    0    1    1    0  4  4  1  0.771 0.000
15  1  1  3  181   20   40   72    4    2    0    0    0    0    0  3  3  1  1.754 0.000
15  1  1  3  182    7   47   79    1    2    1    1    1    0    1  1  1  1  1.283 0.000
15  1  1  3  183   22   42   68    2    1    0    1    0    0    0  1  1  1  1.997 0.000
15  1  1  3  184   25   45   59    4    1    1    0    0    0    0  3  3  1  0.852 0.000
15  1  1  3  185    9   49    1    3    2    1    1    1    0    1  1  1  1  1.553 0.000
15  1  1  3  186   31   41   57    1    1    0    1    0    1    1  2  2  1  2.608 0.000
15  1  1  3  187    4   44   16    0    1    0    1    1    0    1  1  1  1  1.167 0.000
15  1  1  3  188    3   43   55    4    1    0    1    1    0    1  1  1  1  1.806 0.000
15  1  1  3  189   17   47   76    3    2    1    0    1    1    0  4  4  1  2.492 0.000
15  1  1  3  190   32   42   49    0    1    0    0    0    1    1  3  3  1  2.743 0.000
15  1  1  3  191   36   46   21    1    2    1    1    0    1    1  2  2  1  2.816 0.000
15  1  1  3  192   38   48   34    2    2    1    0    0    1    1  3  3  1  1.181 0.000
15  1  1  3  193   21   41   36    4    1    0    0    0    0    0  3  3  1  1.589 0.000
15  1  1  3  194   39   49   41    3    2    1    1    0    1    1  2  2  1  2.028 0.000
15  1  1  3  195   37   47   44    2    2    1    0    0    1    1  3  3  1  3.729 0.000
15  1  1  3  196   26   46   23    0    2    1    1    0    0    0  1  1  1  1.035 0.000
15  1  1  3  197    1   41   36    1    1    0    1    1    0    1  1  1  1  0.896 0.000
15  1  1  3  198   18   48   50    2    2    1    0    1    1    0  4  4  1  1.403 0.000
15  1  1  3  199   12   42   70    3    1    0    0    1    1    0  4  4  1  2.464 0.000
15  1  1  3  200   27   47   18    0    0    1    1    0    0    0  1  3  0  2.100 0.000
15  1  1  3  201    8   48   67    2    2    1    0    1    0    1  4  4  1  1.007 0.000
15  1  1  3  202   34   44   70    3    1    0    0    0    1    1  3  3  1  4.724 0.000
15  1  1  3  203    2   42   52    4    0    0    0    1    0    1  4  1  0  6.134 0.000
15  1  1  3  204    0   40   12    2    2    0    0    1    0    1  4  4  1  1.942 0.000
15  1  1  3  205   29   49   40    0    0    1    1    0    0    0  1  3  0  1.087 0.000
15  1  1  3  206    6   46   31    1    2    1    0    1    0    1  4  4  1  2.331 0.000
15  1  1  3  207   19   49   74    4    0    1    1    1    1    0  2  1  0  3.571 0.000
15  1  1  3  208   24   44   47    2    1    0    1    0    0    0  1  1  1  0.739 0.000
15  1  1  3  209    5   45   32    0    1    1    0    1    0    1  4  4  1  0.732 0.000
15  1  1  3  210   23   43   48    1    1    0    0    0    0    0  3  3  1  2.310 0.000
15  1  1  3  211   10   40    8    3    2    0    0    1    1    0  4  4  1  2.143 0.000
15  1  1  3  212   30   40   38    2    0    0    0    0    1    1  3  4  0  1.512 0.000
15  1  2  3  213   22   52   33    7    0    0    0    0    0    0  3  3  1  1.427 0.000
15  1  2  3  214    2   52   47    7    0    0    0    1    0    1  4  1  1  1.948 0.000
15  1  2  3  215    0   50   27    7    0    0    0    1    0    1  4  4  1  1.714 0.000
15  1  2  3  216   32   52   69    7    0    0    0    0    1    1  3  3  1  1.457 0.000
15  1  2  3  217   26   56   65    7    0    1    1    0    0    0  1  3  1  0.818 0.000
15  1  2  3  218   36   56   46    7    0    1    0    0    1    1  3  2  1  1.011 0.000
15  1  2  3  219    3   53   78    7    0    0    0    1    0    1  4  1  1  0.798 0.000
15  1  2  3  220   23   53   35    7    0    0    0    0    0    0  3  1  1  0.793 0.000
15  1  2  3  221   37   57   15    7    0    1    1    0    1    1  2  2  1  1.549 0.000
15  1  2  3  222   11   51   62    7    0    0    1    1    1    0  2  4  1  1.722 0.000
15  1  2  3  223    5   55   64    7    0    1    0    1    0    1  4  4  1  1.104 0.000
15  1  2  3  224   35   55   28    7    0    1    1    0    1    1  2  3  1  1.863 0.000
15  1  2  3  225    9   59    5    7    0    1    0    1    0    1  4  4  1  1.648 0.000
15  1  2  3  226   15   55   14    7    0    1    1    1    1    0  2  4  1  1.025 0.000
15  1  2  3  227   28   58   30    7    0    1    0    0    0    0  3  3  1  1.779 0.000
15  1  2  3  228   31   51   68    7    0    0    0    0    1    1  3  3  1  0.967 0.000
15  1  2  3  229    7   57   43    7    0    1    1    1    0    1  1  4  1  1.108 0.000
15  1  2  3  230    4   54   28    7    0    0    1    1    0    1  1  3  0  1.346 0.000
15  1  2  3  231   30   50   30    7    0    0    1    0    1    1  2  3  1  0.779 0.000
15  1  2  3  232   34   54    2    7    0    0    1    0    1    1  2  3  1  0.663 0.000
15  1  2  3  233   29   59   73    7    0    1    0    0    0    0  3  3  1  0.744 0.000
15  1  2  3  234   21   51   50    7    0    0    0    0    0    0  3  3  1  0.668 0.000
15  1  2  3  235    8   58   68    7    0    1    1    1    0    1  1  1  1  0.813 0.000
15  1  2  3  236   14   54   40    7    0    0    1    1    1    0  2  2  1  0.904 0.000
15  1  2  3  237   18   58   34    7    0    1    0    1    1    0  4  2  1  0.927 0.000
15  1  2  3  238   39   59   55    7    0    1    1    0    1    1  2  2  1  1.093 0.000
15  1  2  3  239   10   50   19    7    0    0    1    1    1    0  2  2  1  0.812 0.000
15  1  2  3  240   17   57    3    7    0    1    0    1    1    0  4  4  1  0.975 0.000
15  1  2  3  241   25   55   16    7    0    1    1    0    0    0  1  3  1  0.899 0.000
15  1  2  3  242    1   51   41    7    0    0    1    1    0    1  1  3  0  1.546 0.000
15  1  2  3  243   12   52   78    7    0    0    1    1    1    0  2  4  1  1.147 0.000
15  1  2  3  244   16   56   31    7    0    1    0    1    1    0  4  4  1  1.216 0.000
15  1  2  3  245   20   50   63    7    0    0    0    0    0    0  3  3  1  1.002 0.000
15  1  2  3  246   19   59   45    7    0    1    1    1    1    0  2  4  1  1.917 0.000
15  1  2  3  247   33   53   63    7    0    0    1    0    1    1  2  3  1  1.115 0.000
15  1  2  3  248    6   56   59    7    0    1    0    1    0    1  4  4  1  2.154 0.000
15  1  2  3  249   27   57   10    7    0    1    1    0    0    0  1  4  0  2.007 0.000
15  1  2  3  250   24   54   24    7    0    0    1    0    0    0  1  3  1  0.700 0.000
15  1  2  3  251   38   58   32    7    0    1    0    0    1    1  3  3  1  0.867 0.000
15  1  2  3  252   13   53   55    7    0    0    0    1    1    0  4  4  1  0.763 0.000
15  1  1  4  253   20   60    7    0    2    0    0    0    0    0  3  3  1  0.786 0.000
15  1  1  4  254   23   63   45    4    1    0    0    0    0    0  3  3  1  0.834 0.000
15  1  1  4  255   37   67   48    1    2    1    1    0    1    1  2  2  1  0.758 0.000
15  1  1  4  256    2   62   33    0    1    0    1    1    0    1  1  1  1  1.663 0.000
15  1  1  4  257   35   65   65    2    1    1    0    0    1    1  3  3  1  1.906 0.000
15  1  1  4  258   32   62   40    4    1    0    0    0    1    1  3  3  1  1.661 0.000
15  1  1  4  259   28   68   20    1    2    1    1    0    0    0  1  1  1  1.705 0.000
15  1  1  4  260   24   64   78    2    1    0    1    0    0    0  1  1  1  2.354 0.000
15  1  1  4  261   21   61    0    4    1    0    1    0    0    0  1  1  1  1.579 0.000
15  1  1  4  262   27   67   52    1    2    1    0    0    0    0  3  3  1  1.395 0.000
15  1  1  4  263   18   68   27    0    2    1    1    1    1    0  2  2  1  1.906 0.000
15  1  1  4  264   38   68   50    4    2    1    0    0    1    1  3  3  1  1.691 0.000
15  1  1  4  265   11   61   61    1    1    0    0    1    1    0  4  4  1  2.446 0.000
15  1  1  4  266    6   66    3    3    0    1    1    1    0    1  1  4  0  1.747 0.000
15  1  1  4  267   13   63   38    4    1    0    1    1    1    0  2  2  1  0.651 0.000
15  1  1  4  268   16   66   15    2    0    1    0    1    1    0  4  3  0  1.535 0.000
15  1  1  4  269   30   60    9    3    2    0    0    0    1    1  3  3  1  1.248 0.000
15  1  1  4  270   26   66   27    0    2    1    1    0    0    0  1  1  1  1.236 0.000
15  1  1  4  271   29   69   76    1    2    1    0    0    0    0  3  3  1  1.017 0.000
15  1  1  4  272   14   64   11    3    0    0    0    1    1    0  4  3  0  0.799 0.000
15  1  1  4  273    3   63   76    2    1    0    0    1    0    1  4  4  1  2.998 0.000
15  1  1  4  274   25   65   74    1    1    1    1    0    0    0  1  1  1  4.604 0.000
15  1  1  4  275   31   61   45    0    1    0    1    0    1    1  2  2  1  4.787 0.000
15  1  1  4  276    8   68   71    2    2    1    0    1    0    1  4  4  1  2.017 0.000
15  1  1  4  277    1   61   74    1    0    0    0    1    0    1  4  3  0  1.375 0.000
15  1  1  4  278    4   64   46    3    1    0    0    1    0    1  4  4  1  0.926 0.000
15  1  1  4  279   36   66   71    4    2    1    1    0    1    1  2  2  1  2.047 0.000
15  1  1  4  280   17   67   20    0    2    1    0    1    1    0  4  4  1  3.868 0.000
15  1  1  4  281    7   67   60    3    2    1    1    1    0    1  1  1  1  1.720 0.000
15  1  1  4  282   22   62    9    4    1    0    1    0    0    0  1  1  1  0.769 0.000
15  1  1  4  283   12   62   64    2    1    0    1    1    1    0  2  2  1  1.145 0.000
15  1  1  4  284    9   69    9    1    2    1    0    1    0    1  4  4  1  1.849 0.000
15  1  1  4  285   33   63   13    4    1    0    0    0    1    1  3  3  1  1.430 0.000
15  1  1  4  286   34   64   76    0    1    0    0    0    1    1  3  3  1  0.987 0.000
15  1  1  4  287   39   69   11    1    2    1    1    0    1    1  2  2  1  3.298 0.000
15  1  1  4  288   19   69   43    3    2    1    0    1    1    0  4  4  1  1.269 0.000
15  1  1  4  289   10   60   60    4    2    0    0    1    1    0  4  4  1  0.903 0.000
15  1  1  4  290    0   60   10    1    2    0    0    1    0    1  4  4  1  1.818 0.000
15  1  1  4  291   15   65   39    2    1    1    1    1    1    0  2  2  1  1.904 0.000
15  1  1  4  292    5   65   61    0    1    1    0    1    0    1  4  4  1  0.666 0.000
15  1  2  4  293   24   74   49    7    0    0    0    0    0    0  3  3  1  1.157 0.000
15  1  2  4  294   35   75   58    7    0    1    1    0    1    1  2  3  1  1.194 0.000
15  1  2  4  295   14   74   67    7    0    0    1    1    1    0  2  4  1  1.086 0.000
15  1  2  4  296    7   77   13    7    0    1    0    1    0    1  4  4  1  3.405 0.000
15  1  2  4  297   12   72   13    7    0    0    0    1    1    0  4  4  1  1.480 0.000
15  1  2  4  298    1   71   29    7    0    0    0    1    0    1  4  4  1  1.384 0.000
15  1  2  4  299   25   75   37    7    0    1    1    0    0    0  1  3  1  1.580 0.000
15  1  2  4  300   18   78   26    7    0    1    0    1    1    0  4  4  1  2.927 0.000
15  1  2  4  301   17   77   69    7    0    1    1    1    1    0  2  4  1  2.021 0.000
15  1  2  4  302   11   71   32    7    0    0    1    1    1    0  2  4  1  0.976 0.000
15  1  2  4  303    4   74   62    7    0    0    1    1    0    1  1  4  1  2.252 0.000
15  1  2  4  304   33   73   29    7    0    0    1    0    1    1  2  4  0  1.620 0.000
15  1  2  4  305   34   74    0    7    0    0    1    0    1    1  2  3  1  2.794 0.000
15  1  2  4  306   36   76   20    7    0    1    0    0    1    1  3  3  1  0.942 0.000
15  1  2  4  307    5   75   37    7    0    1    1    1    0    1  1  4  1  2.610 0.000
15  1  2  4  308    6   76   75    7    0    1    0    1    0    1  4  4  1  2.429 0.000
15  1  2  4  309   31   71   75    7    0    0    0    0    1    1  3  2  1  1.152 0.000
15  1  2  4  310   19   79   10    7    0    1    1    1    1    0  2  2  1  0.804 0.000
15  1  2  4  311    3   73   69    7    0    0    1    1    0    1  1  3  0  1.782 0.000
15  1  2  4  312    8   78   34    7    0    1    0    1    0    1  4  4  1  1.654 0.000
15  1  2  4  313   32   72   43    7    0    0    0    0    1    1  3  3  1  1.351 0.000
15  1  2  4  314   26   76   58    7    0    1    1    0    0    0  1  3  1  3.395 0.000
15  1  2  4  315   30   70   66    7    0    0    1    0    1    1  2  3  1  1.247 0.000
15  1  2  4  316    9   79   54    7    0    1    0    1    0    1  4  4  1  1.161 0.000
15  1  2  4  317   15   75   79    7    0    1    1    1    1    0  2  2  1  0.638 0.000
15  1  2  4  318   20   70   61    7    0    0    1    0    0    0  1  1  1  0.702 0.000
15  1  2  4  319   38   78   73    7    0    1    0    0    1    1  3  2  1  0.893 0.000
15  1  2  4  320   13   73   56    7    0    0    0    1    1    0  4  2  1  0.757 0.000
15  1  2  4  321   39   79   61    7    0    1    1    0    1    1  2  2  1  0.810 0.000
15  1  2  4  322   37   77   19    7    0    1    0    0    1    1  3  2  1  0.645 0.000
15  1  2  4  323   23   73   79    7    0    0    0    0    0    0  3  1  1  0.893 0.000
15  1  2  4  324    0   70   22    7    0    0    0    1    0    1  4  4  1  1.237 0.000
15  1  2  4  325   10   70   22    7    0    0    0    1    1    0  4  4  1  0.855 0.000
15  1  2  4  326    2   72   23    7    0    0    0    1    0    1  4  4  1  1.111 0.000
15  1  2  4  327   21   71   15    7    0    0    0    0    0    0  3  3  1  0.677 0.000
15  1  2  4  328   22   72   22    7    0    0    0    0    0    0  3  3  1  0.942 0.000
15  1  2  4  329   28   78   25    7    0    1    1    0    0    0  1  3  1  0.667 0.000
15  1  2  4  330   29   79   56    7    0    1    0    0    0    0  3  3  1  0.644 0.000
15  1  2  4  331   27   77   75    7    0    1    1    0    0    0  1  1  1  0.869 0.000
15  1  2  4  332   16   76   54    7    0    1    0    1    1    0  4  2  1  0.727 0.000
