12  0  0  0    1    0   -1    6    1    0    0    0    1    0    1  4  4  1  1.823 0.000
12  0  0  0    2    0   -1    6    1    0    1    1    1    1    0  2  2  1  3.544 0.000
12  0  0  0    3    0   -1    6    0    0    0    1    1    0    1  1  1  1  1.390 0.000
12  0  0  0    4    0   -1    6    3    0    0    1    1    0    1  1  1  1  1.754 0.000
12  0  0  0    5    0   -1    6    2    0    1    0    1    1    0  4  4  1  1.448 0.000
12  0  0  0    6    0   -1    6    0    0    0    0    0    0    0  3  3  1  1.018 0.000
12  0  0  0    7    0   -1    6    1    0    0    0    0    0    0  3  3  1  0.859 0.000
12  0  0  0    8    0   -1    6    2    0    1    1    1    1    0  2  2  1  1.476 0.000
12  0  0  0    9    0   -1    6    3    0    1    0    0    1    1  3  2  0  2.430 0.000
12  0  0  0   10    0   -1    6    1    0    0    0    1    0    1  4  4  1  1.282 0.000
12  0  0  0   11    0   -1    6    0    0    1    1    1    0    1  1  1  1  1.467 0.000
12  0  0  0   12    0   -1    6    3    0    1    0    0    0    0  3  1  0  1.843 0.000
12  0  1  1   13   16    6   17    4    1    1    1    1    1    0  2  2  1  1.229 0.000
12  0  1  1   14   11    1   73    0    2    0    1    1    1    0  2  2  1  1.084 0.000
12  0  1  1   15   30    0   29    1    1    0    1    0    1    1  2  2  1  0.911 0.000
12  0  1  1   16    8    8   53    4    1    1    0    1    0    1  4  4  1  3.536 0.000
12  0  1  1   17   17    7   59    0    1    1    1    1    1    0  2  2  1  3.985 0.000
12  0  1  1   18    2    2   50    1    2    0    1    1    0    1  1  1  1  1.760 0.000
12  0  1  1   19    7    7    5    2    1    1    0    1    0    1  4  4  1  1.728 0.000
12  0  1  1   20   33    3    6    0    2    0    0    0    1    1  3  3  1  3.689 0.000
12  0  1  1   21    5    5   49    4    2    1    1    1    0    1  1  1  1  1.221 0.000
12  0  1  1   22   18    8   35    1    1    1    0    1    1    0  4  4  1  1.553 0.000
12  0  1  1   23   38    8   39    0    1    1    1    0    1    1  2  2  1  1.978 0.000
12  0  1  1   24    6    6   21    3    0    1    0    1    0    1  4  1  0  1.033 0.000
12  0  1  1   25   34    4   73    2    2    0    0    0    1    1  3  3  1  1.677 0.000
12  0  1  1   26   21    1    1    4    2    0    0    0    0    0  3  3  1  2.609 0.000
12  0  1  1   27   13    3   34    1    2    0    0    1    1    0  4  4  1  1.817 0.000
12  0  1  1   28   10    0   19    0    1    0    0    1    1    0  4  4  1  1.214 0.000
12  0  1  1   29   12    2   79    2    2    0    0    1    1    0  4  4  1  0.835 0.000
12  0  1  1   30   32    2   67    1    2    0    0    0    1    1  3  3  1  2.976 0.000
12  0  1  1   31   24    4   59    0    2    0    0    0    0    0  3  3  1  1.536 0.000
12  0  1  1   32    9    9    2    3    1    1    1    1    0    1  1  1  1  1.272 0.000
12  0  1  1   33    3    3   65    1    2    0    1    1    0    1  1  1  1  2.396 0.000
12  0  1  1   34   20    0   54    4    1    0    1    0    0    0  1  1  1  1.219 0.000
12  0  1  1   35   22    2   57    3    2    0    1    0    0    0  1  1  1  0.825 0.000
12  0  1  1   36   37    7   62    0    1    1    0    0    1    1  3  3  1  1.230 0.000
12  0  1  1   37   15    5   77    4    2    1    1    1    1    0  2  2  1  2.531 0.000
12  0  1  1   38   39    9   31    2    1    1    0    0    1    1  3  3  1  1.836 0.000
12  0  1  1   39    1    1   52    0    2    0    0    1    0    1  4  4  1  1.289 0.000
12  0  1  1   40   36    6   69    3    1    1    1    0    1    1  2  2  1  1.828 0.000
12  0  1  1   41    4    4   29    1    2    0    1    1    0    1  1  1  1  0.898 0.000
12  0  1  1   42   26    6   28    2    1    1    0    0    0    0  3  3  1  1.308 0.000
12  0  1  1   43   31    1   44    4    2    0    0    0    1    1  3  3  1  1.038 0.000
12  0  1  1   44   28    8    8    0    1    1    1    0    0    0  1  1  1  1.475 0.000
12  0  1  1   45   29    9   75    2    1    1    0    0    0    0  3  3  1  1.431 0.000
12  0  1  1   46   35    5   27    4    2    1    1    0    1    1  2  2  1  1.236 0.000
12  0  1  1   47   27    7   56    0    1    1    0    0    0    0  3  3  1  1.345 0.000
12  0  1  1   48   25    5   77    2    2    1    1    0    0    0  1  1  1  2.306 0.000
12  0  1  1   49   14    4   14    1    2    0    1    1    1    0  2  2  1  1.612 0.000
12  0  1  1   50   23    3   51    0    2    0    1    0    0    0  1  1  1  1.066 0.000
12  0  1  1   51   19    9   50    4    1    1    0    1    1    0  4  4  1  0.902 0.000
12  0  1  1   52    0    0   59    3    1    0    0    1    0    1  4  4  1  1.136 0.000
12  0  2  1   53   35   15   50    7    0    1    1    0    1    1  2  2  1  1.882 0.000
12  0  2  1   54   12   12   51    7    0    0    1    1    1    0  2  4  1  1.633 0.000
12  0  2  1   55   24   14   65    7    0    0    1    0    0    0  1  3  1  1.835 0.000
12  0  2  1   56    0   10   74    7    0    0    1    1    0    1  1  1  1  1.292 0.000
12  0  2  1   57   19   19   23    7    0    1    0    1    1    0  4  4  1  1.211 0.000
12  0  2  1   58   21   11   53    7    0    0    0    0    0    0  3  1  1  1.518 0.000
12  0  2  1   59   37   17    3    7    0    1    1    0    1    1  2  2  1  1.845 0.000
12  0  2  1   60   23   13    4    7    0    0    1    0    0    0  1  3  1  1.429 0.000
12  0  2  1   61    3   13   16    7    0    0    1    1    0    1  1  4  1  1.448 0.000
12  0  2  1   62    5   15   44    7    0    1    0    1    0    1  4  4  1  1.241 0.000
12  0  2  1   63   38   18   36    7    0    1    1    0    1    1  2  2  1  1.291 0.000
12  0  2  1   64   26   16   73    7    0    1    0    0    0    0  3  3  1  1.674 0.000
12  0  2  1   65   15   15   76    7    0    1    1    1    1    0  2  4  1  1.602 0.000
12  0  2  1   66   31   11   47    7    0    0    1    0    1    1  2  2  1  1.261 0.000
12  0  2  1   67    2   12    6    7    0    0    1    1    0    1  1  1  1  1.342 0.000
12  0  2  1   68   34   14   68    7    0    0    1    0    1    1  2  2  1  1.171 0.000
12  0  2  1   69   14   14   20    7    0    0    1    1    1    0  2  4  1  1.015 0.000
12  0  2  1   70   20   10   58    7    0    0    1    0    0    0  1  3  1  1.426 0.000
12  0  2  1   71   16   16   72    7    0    1    0    1    1    0  4  4  1  1.021 0.000
12  0  2  1   72   22   12   50    7    0    0    0    0    0    0  3  3  1  2.518 0.000
12  0  2  1   73   17   17   58    7    0    1    1    1    1    0  2  4  1  2.516 0.000
12  0  2  1   74    8   18   51    7    0    1    0    1    0    1  4  1  1  1.067 0.000
12  0  2  1   75   39   19   30    7    0    1    1    0    1    1  2  2  1  1.362 0.000
12  0  2  1   76   18   18   28    7    0    1    0    1    1    0  4  4  1  1.079 0.000
12  0  2  1   77    1   11   67    7    0    0    0    1    0    1  4  1  1  0.983 0.000
12  0  2  1   78   30   10    9    7    0    0    0    0    1    1  3  2  1  0.955 0.000
12  0  2  1   79   29   19   72    7    0    1    1    0    0    0  1  1  1  1.096 0.000
12  0  2  1   80   36   16   17    7    0    1    0    0    1    1  3  3  1  1.463 0.000
12  0  2  1   81   33   13   53    7    0    0    0    0    1    1  3  3  1  1.216 0.000
12  0  2  1   82    4   14   43    7    0    0    0    1    0    1  4  1  1  1.627 0.000
12  0  2  1   83   25   15    3    7    0    1    1    0    0    0  1  3  1  1.517 0.000
12  0  2  1   84    7   17   56    7    0    1    0    1    0    1  4  4  1  1.171 0.000
12  0  2  1   85    9   19    1    7    0    1    1    1    0    1  1  1  1  0.991 0.000
12  0  2  1   86   11   11   55    7    0    0    1    1    1    0  2  2  1  1.386 0.000
12  0  2  1   87   27   17   66    7    0    1    0    0    0    0  3  1  1  1.462 0.000
12  0  2  1   88   10   10   74    7    0    0    0    1    1    0  4  4  1  0.966 0.000
12  0  2  1   89   13   13   32    7    0    0    0    1    1    0  4  4  1  0.987 0.000
12  0  2  1   90   32   12   12    7    0    0    0    0    1    1  3  2  1  1.758 0.000
12  0  2  1   91    6   16    4    7    0    1    1    1    0    1  1  1  1  2.530 0.000
12  0  2  1   92   28   18   67    7    0    1    0    0    0    0  3  1  1  1.177 0.000
12  0  1  2   93   32   22   32    0    2    0    0    0    1    1  3  3  1  2.239 0.000
12  0  1  2   94   28   28   30    4    1    1    1    0    0    0  1  1  1  1.628 0.000
12  0  1  2   95   20   20   16    2    1    0    1    0    0    0  1  1  1  0.865 0.000
12  0  1  2   96   10   20   67    0    1    0    1    1    1    0  2  2  1  0.894 0.000
12  0  1  2   97   12   22   49    3    2    0    1    1    1    0  2  2  1  0.913 0.000
12  0  1  2   98   35   25   58    4    2    1    0    0    1    1  3  3  1  0.995 0.000
12  0  1  2   99   30   20   23    0    1    0    0    0    1    1  3  3  1  1.465 0.000
12  0  1  2  100   25   25   74    3    2    1    1    0    0    0  1  1  1  1.509 0.000
12  0  1  2  101   33   23   14    2    2    0    1    0    1    1  2  2  1  0.808 0.000
12  0  1  2  102    3   23   19    1    2    0    1    1    0    1  1  1  1  0.942 0.000
12  0  1  2  103   18   28   29    3    1    1    0    1    1    0  4  4  1  0.918 0.000
12  0  1  2  104    6   26   37    2    1    1    1    1    0    1  1  1  1  1.480 0.000
12  0  1  2  105    2   22   32    1    2    0    1    1    0    1  1  1  1  1.348 0.000
12  0  1  2  106   24   24   11    4    2    0    1    0    0    0  1  1  1  0.956 0.000
12  0  1  2  107   27   27   37    0    1    1    0    0    0    0  3  3  1  0.748 0.000
12  0  1  2  108    7   27   24    1    1    1    1    1    0    1  1  1  1  1.829 0.000
12  0  1  2  109    8   28   33    4    0    1    0    1    0    1  4  3  0  1.091 0.000
12  0  1  2  110    1   21   62    2    2    0    0    1    0    1  4  4  1  2.165 0.000
12  0  1  2  111   34   24   71    3    2    0    0    0    1    1  3  3  1  1.309 0.000
12  0  1  2  112   16   26   57    1    1    1    1    1    1    0  2  2  1  1.624 0.000
12  0  1  2  113   23   23   29    2    2    0    1    0    0    0  1  1  1  2.141 0.000
12  0  1  2  114    5   25   12    4    2    1    0    1    0    1  4  4  1  0.966 0.000
12  0  1  2  115   11   21   68    3    2    0    0    1    1    0  4  4  1  0.918 0.000
12  0  1  2  116   13   23   36    1    2    0    0    1    1    0  4  4  1  1.112 0.000
12  0  1  2  117    9   29   54    2    1    1    1    1    0    1  1  1  1  1.625 0.000
12  0  1  2  118   36   26   42    4    1    1    0    0    1    1  3  3  1  1.719 0.000
12  0  1  2  119   39   29   26    3    1    1    1    0    1    1  2  2  1  1.425 0.000
12  0  1  2  120   31   21   61    1    2    0    1    0    1    1  2  2  1  0.870 0.000
12  0  1  2  121    4   24   72    0    2    0    1    1    0    1  1  1  1  1.009 0.000
12  0  1  2  122   17   27   30    3    1    1    0    1    1    0  4  4  1  0.663 0.000
12  0  1  2  123    0   20    8    1    1    0    0    1    0    1  4  4  1  0.900 0.000
12  0  1  2  124   38   28   60    0    1    1    1    0    1    1  2  2  1  1.717 0.000
12  0  1  2  125   26   26   55    4    1    1    0    0    0    0  3  3  1  1.839 0.000
12  0  1  2  126   14   24   60    2    2    0    0    1    1    0  4  4  1  0.700 0.000
12  0  1  2  127   15   25   11    0    2    1    1    1    1    0  2  2  1  0.854 0.000
12  0  1  2  128   29   29   15    1    1    1    0    0    0    0  3  3  1  1.057 0.000
12  0  1  2  129   22   22   25    2    2    0    0    0    0    0  3  3  1  0.838 0.000
12  0  1  2  130   19   29    0    0    1    1    1    1    1    0  2  2  1  1.299 0.000
12  0  1  2  131   21   21   64    4    2    0    1    0    0    0  1  1  1  1.598 0.000
12  0  1  2  132   37   27   40    2    1    1    0    0    1    1  3  3  1  1.092 0.000
12  0  2  2  133   27   37   68    7    0    1    1    0    0    0  1  3  1  2.399 0.000
12  0  2  2  134   14   34   15    7    0    0    1    1    1    0  2  4  1  1.043 0.000
12  0  2  2  135   17   37   16    7    0    1    0    1    1    0  4  2  1  1.260 0.000
12  0  2  2  136   19   39   22    7    0    1    1    1    1    0  2  4  1  1.036 0.000
12  0  2  2  137   37   37   37    7    0    1    0    0    1    1  3  2  1  2.462 0.000
12  0  2  2  138   39   39   21    7    0    1    1    0    1    1  2  2  1  1.295 0.000
12  0  2  2  139    0   30   25    7    0    0    1    1    0    1  1  1  1  1.046 0.000
12  0  2  2  140   26   36   40    7    0    1    0    0    0    0  3  3  1  1.600 0.000
12  0  2  2  141   21   31   22    7    0    0    0    0    0    0  3  3  1  1.059 0.000
12  0  2  2  142    4   34   22    7    0    0    0    1    0    1  4  1  1  1.612 0.000
12  0  2  2  143   28   38   45    7    0    1    1    0    0    0  1  3  1  1.662 0.000
12  0  2  2  144   24   34    7    7    0    0    1    0    0    0  1  1  1  1.207 0.000
12  0  2  2  145   18   38   27    7    0    1    0    1    1    0  4  4  1  0.850 0.000
12  0  2  2  146   38   38   75    7    0    1    1    0    1    1  2  3  1  0.963 0.000
12  0  2  2  147   31   31   72    7    0    0    1    0    1    1  2  3  1  1.679 0.000
12  0  2  2  148   13   33    9    7    0    0    1    1    1    0  2  2  1  0.903 0.000
12  0  2  2  149    6   36   79    7    0    1    0    1    0    1  4  1  1  0.950 0.000
12  0  2  2  150    3   33    9    7    0    0    0    1    0    1  4  4  1  1.595 0.000
12  0  2  2  151    8   38   70    7    0    1    1    1    0    1  1  4  1  0.806 0.000
12  0  2  2  152   30   30   46    7    0    0    1    0    1    1  2  2  1  1.409 0.000
12  0  2  2  153   23   33   79    7    0    0    1    0    0    0  1  3  1  2.684 0.000
12  0  2  2  154   33   33   49    7    0    0    1    0    1    1  2  2  1  1.908 0.000
12  0  2  2  155   32   32   25    7    0    0    1    0    1    1  2  2  1  1.154 0.000
12  0  2  2  156   12   32   61    7    0    0    1    1    1    0  2  4  1  0.911 0.000
12  0  2  2  157   22   32   39    7    0    0    1    0    0    0  1  1  1  0.862 0.000
12  0  2  2  158    1   31   55    7    0    0    1    1    0    1  1  4  1  1.071 0.000
12  0  2  2  159    9   39   68    7    0    1    0    1    0    1  4  4  1  1.462 0.000
12  0  2  2  160   36   36   22    7    0    1    1    0    1    1  2  2  1  1.839 0.000
12  0  2  2  161   25   35   36    7    0    1    0    0    0    0  3  3  1  2.769 0.000
12  0  2  2  162    5   35   17    7    0    1    1    1    0    1  1  4  1  0.909 0.000
12  0  2  2  163   29   39   26    7    0    1    0    0    0    0  3  1  1  0.963 0.000
12  0  2  2  164   16   36   37    7    0    1    1    1    1    0  2  2  1  1.104 0.000
12  0  2  2  165   10   30   43    7    0    0    1    1    1    0  2  2  1  1.407 0.000
12  0  2  2  166   35   35   57    7    0    1    0    0    1    1  3  3  1  2.074 0.000
12  0  2  2  167   20   30   20    7    0    0    0    0    0    0  3  3  1  1.514 0.000
12  0  2  2  168    2   32   38    7    0    0    0    1    0    1  4  1  1  1.369 0.000
12  0  2  2  169   15   35    5    7    0    1    1    1    1    0  2  4  1  1.037 0.000
12  0  2  2  170   11   31    4    7    0    0    1    1    1    0  2  4  1  0.783 0.000
12  0  2  2  171    7   37   10    7    0    1    0    1    0    1  4  1  1  1.946 0.000
12  0  2  2  172   34   34   51    7    0    0    0    0    1    1  3  2  1  2.416 0.000
12  0  1  3  173   30   40   64    3    1    0    0    0    1    1  3  3  1  0.807 0.000
12  0  1  3  174    7   47   18    2    1    1    1    1    0    1  1  1  1  1.157 0.000
12  0  1  3  175   38   48   45    1    1    1    0    0    1    1  3  3  1  0.821 0.000
12  0  1  3  176   23   43   41    4    2    0    0    0    0    0  3  3  1  1.707 0.000
12  0  1  3  177   20   40   43    0    1    0    0    0    0    0  3  3  1  0.789 0.000
12  0  1  3  178   22   42   47    1    2    0    0    0    0    0  3  3  1  0.827 0.000
12  0  1  3  179   12   42   64    4    2    0    0    1    1    0  4  4  1  1.441 0.000
12  0  1  3  180   17   47   44    3    1    1    1    1    1    0  2  2  1  1.774 0.000
12  0  1  3  181   10   40    8    1    1    0    1    1    1    0  2  2  1  1.062 0.000
12  0  1  3  182   14   44   26    4    2    0    1    1    1    0  2  2  1  0.849 0.000
12  0  1  3  183    4   44   63    3    2    0    1    1    0    1  1  1  1  0.766 0.000
12  0  1  3  184   36   46    0    1    1    1    0    0    1    1  3  3  1  1.110 0.000
12  0  1  3  185   32   42   78    4    2    0    0    0    1    1  3  3  1  1.281 0.000
12  0  1  3  186   24   44   10    2    2    0    0    0    0    0  3  3  1  0.723 0.000
12  0  1  3  187   27   47   17    1    1    1    1    0    0    0  1  1  1  1.261 0.000
12  0  1  3  188   21   41   70    0    2    0    1    0    0    0  1  1  1  2.642 0.000
12  0  1  3  189   34   44   55    3    2    0    1    0    1    1  2  2  1  0.894 0.000
12  0  1  3  190    5   45   75    2    2    1    0    1    0    1  4  4  1  0.633 0.000
12  0  1  3  191   11   41   63    1    2    0    0    1    1    0  4  4  1  0.782 0.000
12  0  1  3  192   25   45   46    4    2    1    1    0    0    0  1  1  1  0.686 0.000
12  0  1  3  193    9   49   60    2    1    1    0    1    0    1  4  4  1  0.896 0.000
12  0  1  3  194   37   47   19    1    1    1    1    0    1    1  2  2  1  1.427 0.000
12  0  1  3  195   33   43   20    0    2    0    1    0    1    1  2  2  1  0.753 0.000
12  0  1  3  196   31   41   54    2    2    0    1    0    1    1  2  2  1  0.769 0.000
12  0  1  3  197    0   40   71    3    1    0    1    1    0    1  1  1  1  0.720 0.000
12  0  1  3  198   28   48   31    4    1    1    0    0    0    0  3  3  1  0.938 0.000
12  0  1  3  199    6   46   48    1    1    1    1    1    0    1  1  1  1  0.835 0.000
12  0  1  3  200   15   45   13    2    2    1    0    1    1    0  4  4  1  0.680 0.000
12  0  1  3  201    1   41   36    4    2    0    0    1    0    1  4  4  1  0.762 0.000
12  0  1  3  202   19   49   12    3    1    1    1    1    1    0  2  2  1  1.747 0.000
12  0  1  3  203   13   43    3    2    2    0    1    1    1    0  2  2  1  0.884 0.000
12  0  1  3  204    8   48   27    0    1    1    0    1    0    1  4  4  1  0.991 0.000
12  0  1  3  205    2   42   73    4    2    0    0    1    0    1  4  4  1  0.717 0.000
12  0  1  3  206   29   49   18    2    1    1    1    0    0    0  1  1  1  0.902 0.000
12  0  1  3  207   18   48   18    3    1    1    0    1    1    0  4  4  1  0.865 0.000
12  0  1  3  208   35   45   11    4    2    1    1    0    1    1  2  2  1  0.973 0.000
12  0  1  3  209   16   46   66    1    1    1    0    1    1    0  4  4  1  0.860 0.000
12  0  1  3  210   39   49   56    3    1    1    1    0    1    1  2  2  1  1.208 0.000
12  0  1  3  211    3   43   57    4    2    0    1    1    0    1  1  1  1  1.478 0.000
12  0  1  3  212   26   46   42    2    1    1    0    0    0    0  3  3  1  1.449 0.000
12  0  2  3  213    6   56   26    7    0    1    1    1    0    1  1  4  1  0.870 0.000
12  0  2  3  214    4   54   15    7    0    0    1    1    0    1  1  4  1  0.967 0.000
12  0  2  3  215   11   51   75    7    0    0    1    1    1    0  2  4  1  0.683 0.000
12  0  2  3  216   10   50   31    7    0    0    1    1    1    0  2  4  1  1.163 0.000
12  0  2  3  217   34   54   59    7    0    0    1    0    1    1  2  3  1  2.239 0.000
12  0  2  3  218   28   58   32    7    0    1    0    0    0    0  3  1  1  1.440 0.000
12  0  2  3  219   26   56    0    7    0    1    1    0    0    0  1  1  1  0.986 0.000
12  0  2  3  220   16   56   53    7    0    1    0    1    1    0  4  4  1  0.909 0.000
12  0  2  3  221    2   52   11    7    0    0    0    1    0    1  4  1  1  0.964 0.000
12  0  2  3  222   33   53   33    7    0    0    0    0    1    1  3  2  1  1.089 0.000
12  0  2  3  223   15   55   33    7    0    1    1    1    1    0  2  4  1  0.968 0.000
12  0  2  3  224   31   51    4    7    0    0    1    0    1    1  2  2  1  1.149 0.000
12  0  2  3  225   29   59   14    7    0    1    0    0    0    0  3  1  1  0.905 0.000
12  0  2  3  226   19   59   40    7    0    1    1    1    1    0  2  4  1  1.208 0.000
12  0  2  3  227   12   52    2    7    0    0    1    1    1    0  2  4  1  1.067 0.000
12  0  2  3  228    1   51   41    7    0    0    1    1    0    1  1  1  1  2.172 0.000
12  0  2  3  229   25   55   61    7    0    1    0    0    0    0  3  1  1  0.863 0.000
12  0  2  3  230   20   50   27    7    0    0    0    0    0    0  3  1  1  0.728 0.000
12  0  2  3  231   14   54   52    7    0    0    0    1    1    0  4  4  1  0.670 0.000
12  0  2  3  232   24   54    6    7    0    0    0    0    0    0  3  3  1  0.863 0.000
12  0  2  3  233   23   53   38    7    0    0    0    0    0    0  3  3  1  1.487 0.000
12  0  2  3  234    0   50   34    7    0    0    0    1    0    1  4  4  1  1.102 0.000
12  0  2  3  235   13   53   39    7    0    0    0    1    1    0  4  2  1  1.157 0.000
12  0  2  3  236   30   50    5    7    0    0    0    0    1    1  3  2  1  0.906 0.000
12  0  2  3  237   39   59   28    7    0    1    1    0    1    1  2  2  1  1.616 0.000
12  0  2  3  238   21   51   60    7    0    0    1    0    0    0  1  3  1  1.187 0.000
12  0  2  3  239   17   57   70    7    0    1    0    1    1    0  4  4  1  1.126 0.000
12  0  2  3  240   36   56   77    7    0    1    1    0    1    1  2  2  1  1.061 0.000
12  0  2  3  241   38   58   10    7    0    1    0    0    1    1  3  2  1  0.829 0.000
12  0  2  3  242    8   58   13    7    0    1    1    1    0    1  1  1  1  1.175 0.000
12  0  2  3  243    3   53   76    7    0    0    1    1    0    1  1  4  1  1.027 0.000
12  0  2  3  244    9   59   61    7    0    1    0    1    0    1  4  4  1  1.078 0.000
12  0  2  3  245   18   58   47    7    0    1    1    1    1    0  2  2  1  1.038 0.000
12  0  2  3  246   35   55   65    7    0    1    0    0    1    1  3  3  1  1.687 0.000
12  0  2  3  247    5   55   45    7    0    1    1    1    0    1  1  4  1  1.694 0.000
12  0  2  3  248   22   52   63    7    0    0    1    0    0    0  1  1  1  1.878 0.000
12  0  2  3  249   32   52    1    7    0    0    1    0    1    1  2  3  1  1.725 0.000
12  0  2  3  250   27   57   69    7    0    1    0    0    0    0  3  3  1  2.644 0.000
12  0  2  3  251    7   57    0    7    0    1    1    1    0    1  1  1  1  1.214 0.000
12  0  2  3  252   37   57   63    7    0    1    0    0    1    1  3  2  1  1.017 0.000
12  0  1  4  253   38   68   48    4    1    1    1    0    1    1  2  2  1  1.737 0.000
12  0  1  4  254   12   62    7    0    2    0    1    1    1    0  2  2  1  0.770 0.000
12  0  1  4  255   13   63   69    1    2    0    1    1    1    0  2  2  1  0.697 0.000
12  0  1  4  256   27   67   35    3    1    1    0    0    0    0  3  3  1  1.572 0.000
12  0  1  4  257   25   65   78    2    2    1    1    0    0    0  1  1  1  0.772 0.000
12  0  1  4  258   17   67   38    0    1    1    0    1    1    0  4  4  1  0.572 0.000
12  0  1  4  259    7   67   46    4    1    1    1    1    0    1  1  1  1  1.058 0.000
12  0  1  4  260    2   62   39    2    2    0    1    1    0    1  1  1  1  0.807 0.000
12  0  1  4  261   20   60   76    3    1    0    1    0    0    0  1  1  1  0.605 0.000
12  0  1  4  262   35   65   41    0    2    1    0    0    1    1  3  3  1  1.403 0.000
12  0  1  4  263   36   66    8    2    1    1    1    0    1    1  2  2  1  1.241 0.000
12  0  1  4  264   10   60   42    4    1    0    1    1    1    0  2  2  1  0.854 0.000
12  0  1  4  265   37   67   13    0    1    1    0    0    1    1  3  3  1  1.658 0.000
12  0  1  4  266    0   60    7    1    1    0    0    1    0    1  4  4  1  0.862 0.000
12  0  1  4  267   18   68   24    2    1    1    1    1    1    0  2  2  1  1.050 0.000
12  0  1  4  268   11   61    1    4    0    0    1    1    1    0  2  4  0  1.030 0.000
12  0  1  4  269   30   60    2    0    1    0    1    0    1    1  2  2  1  0.956 0.000
12  0  1  4  270   28   68   52    2    1    1    0    0    0    0  3  3  1  0.867 0.000
12  0  1  4  271   22   62   12    3    2    0    0    0    0    0  3  3  1  1.511 0.000
12  0  1  4  272   26   66   71    4    1    1    1    0    0    0  1  1  1  1.009 0.000
12  0  1  4  273   39   69   38    1    1    1    0    0    1    1  3  3  1  1.408 0.000
12  0  1  4  274    3   63   78    3    2    0    0    1    0    1  4  4  1  0.805 0.000
12  0  1  4  275   15   65   54    0    2    1    1    1    1    0  2  2  1  0.844 0.000
12  0  1  4  276   24   64   48    1    2    0    1    0    0    0  1  1  1  0.857 0.000
12  0  1  4  277   16   66   71    4    1    1    0    1    1    0  4  4  1  0.653 0.000
12  0  1  4  278    4   64   69    2    2    0    0    1    0    1  4  4  1  0.792 0.000
12  0  1  4  279   31   61   34    3    2    0    0    0    1    1  3  3  1  0.887 0.000
12  0  1  4  280   23   63   44    0    2    0    0    0    0    0  3  3  1  1.098 0.000
12  0  1  4  281    6   66   58    1    1    1    1    1    0    1  1  1  1  0.613 0.000
12  0  1  4  282    8   68   77    3    1    1    0    1    0    1  4  4  1  0.643 0.000
12  0  1  4  283   33   63   15    2    2    0    0    0    1    1  3  3  1  0.912 0.000
12  0  1  4  284    1   61   66    1    2    0    0    1    0    1  4  4  1  0.578 0.000
12  0  1  4  285   34   64   74    3    2    0    0    0    1    1  3  3  1  1.994 0.000
12  0  1  4  286    9   69   35    2    1    1    1    1    0    1  1  1  1  1.304 0.000
12  0  1  4  287   21   61   13    4    2    0    1    0    0    0  1  1  1  1.018 0.000
12  0  1  4  288   32   62    7    1    2    0    1    0    1    1  2  2  1  1.000 0.000
12  0  1  4  289   14   64   10    3    2    0    1    1    1    0  2  2  1  0.726 0.000
12  0  1  4  290   19   69   56    4    1    1    0    1    1    0  4  4  1  0.623 0.000
12  0  1  4  291   29   69   23    0    1    1    1    0    0    0  1  1  1  0.757 0.000
12  0  1  4  292    5   65   23    2    2    1    0    1    0    1  4  4  1  1.093 0.000
12  0  2  4  293   17   77   62    7    0    1    1    1    1    0  2  4  1  1.311 0.000
12  0  2  4  294   15   75   78    7    0    1    0    1    1    0  4  4  1  0.886 0.000
12  0  2  4  295   18   78   21    7    0    1    1    1    1    0  2  4  1  0.766 0.000
12  0  2  4  296    8   78   64    7    0    1    0    1    0    1  4  1  1  1.419 0.000
12  0  2  4  297   30   70   43    7    0    0    0    0    1    1  3  2  1  2.924 0.000
12  0  2  4  298   25   75   21    7    0    1    1    0    0    0  1  3  1  1.986 0.000
12  0  2  4  299   37   77   76    7    0    1    0    0    1    1  3  2  1  1.006 0.000
12  0  2  4  300   31   71   18    7    0    0    0    0    1    1  3  3  1  1.449 0.000
12  0  2  4  301   22   72   49    7    0    0    0    0    0    0  3  1  1  0.746 0.000
12  0  2  4  302   27   77    9    7    0    1    1    0    0    0  1  1  1  0.848 0.000
12  0  2  4  303    1   71   20    7    0    0    1    1    0    1  1  4  1  0.745 0.000
12  0  2  4  304    6   76   31    7    0    1    0    1    0    1  4  4  1  0.879 0.000
12  0  2  4  305   21   71    5    7    0    0    0    0    0    0  3  1  1  0.966 0.000
12  0  2  4  306   19   79    6    7    0    1    1    1    1    0  2  2  1  1.394 0.000
12  0  2  4  307    9   79   30    7    0    1    0    1    0    1  4  1  1  1.270 0.000
12  0  2  4  308   34   74   35    7    0    0    0    0    1    1  3  3  1  1.655 0.000
12  0  2  4  309   38   78   24    7    0    1    1    0    1    1  2  3  1  1.151 0.000
12  0  2  4  310   20   70   24    7    0    0    1    0    0    0  1  3  1  1.636 0.000
12  0  2  4  311   23   73   62    7    0    0    1    0    0    0  1  1  1  1.077 0.000
12  0  2  4  312   33   73   16    7    0    0    1    0    1    1  2  3  1  0.950 0.000
12  0  2  4  313   32   72   52    7    0    0    1    0    1    1  2  2  1  0.907 0.000
12  0  2  4  314   29   79   34    7    0    1    0    0    0    0  3  1  1  0.945 0.000
12  0  2  4  315   14   74   25    7    0    0    0    1    1    0  4  4  1  0.734 0.000
12  0  2  4  316   16   76   65    7    0    1    1    1    1    0  2  4  1  0.956 0.000
12  0  2  4  317   24   74   33    7    0    0    1    0    0    0  1  1  1  1.089 0.000
12  0  2  4  318   36   76   79    7    0    1    0    0    1    1  3  2  1  1.400 0.000
12  0  2  4  319   10   70   48    7    0    0    0    1    1    0  4  4  1  0.683 0.000
12  0  2  4  320    2   72   47    7    0    0    0    1    0    1  4  4  1  0.995 0.000
12  0  2  4  321    0   70    3    7    0    0    0    1    0    1  4  4  1  1.359 0.000
12  0  2  4  322   39   79   66    7    0    1    1    0    1    1  2  2  1  0.906 0.000
12  0  2  4  323   12   72   46    7    0    0    1    1    1    0  2  2  1  1.578 0.000
12  0  2  4  324   26   76    2    7    0    1    0    0    0    0  3  3  1  0.982 0.000
12  0  2  4  325    3   73   40    7    0    0    0    1    0    1  4  4  1  1.026 0.000
12  0  2  4  326    7   77   42    7    0    1    1    1    0    1  1  4  1  2.172 0.000
12  0  2  4  327    5   75   14    7    0    1    0    1    0    1  4  1  1  0.936 0.000
12  0  2  4  328   35   75   70    7    0    1    1    0    1    1  2  3  1  1.302 0.000
12  0  2  4  329   13   73   45    7    0    0    1    1    1    0  2  2  1  1.253 0.000
12  0  2  4  330    4   74   28    7    0    0    1    1    0    1  1  4  1  1.165 0.000
12  0  2  4  331   11   71   41    7    0    0    1    1    1    0  2  2  1  0.978 0.000
12  0  2  4  332   28   78   19    7    0    1    0    0    0    0  3  3  1  0.862 0.000
