9  0  0  0    1    0   -1   46    1    0    0    0    0    1    1  1  1  1  4.555 0.000
9  0  0  0    2    0   -1   46    1    0    0    0    1    0    1  2  2  1  1.408 0.000
9  0  0  0    3    0   -1   46    0    0    1    1    0    1    1  4  4  1  2.195 0.000
9  0  0  0    4    0   -1   46    4    0    0    1    0    0    0  3  3  1  1.447 0.000
9  0  0  0    5    0   -1   46    3    0    0    1    0    1    1  4  4  1  1.431 0.000
9  0  0  0    6    0   -1   46    1    0    0    1    0    1    1  4  4  1  1.282 0.000
9  0  0  0    7    0   -1   46    0    0    1    0    1    1    0  2  2  1  1.044 0.000
9  0  0  0    8    0   -1   46    4    0    0    0    0    1    1  1  1  1  1.997 0.000
9  0  0  0    9    0   -1   46    2    0    0    0    1    1    0  2  2  1  1.200 0.000
9  0  0  0   10    0   -1   46    3    0    1    1    0    0    0  3  3  1  0.932 0.000
9  0  0  0   11    0   -1   46    1    0    1    0    1    0    1  2  2  1  0.898 0.000
9  0  0  0   12    0   -1   46    2    0    0    0    0    0    0  1  1  1  2.802 0.000
9  0  1  1   13   27    7    2    3    2    1    1    0    0    0  3  3  1  1.410 0.000
9  0  1  1   14   16    6   51    0    2    1    0    1    1    0  2  2  1  1.280 0.000
9  0  1  1   15   39    9   66    1    2    1    1    0    1    1  4  4  1  1.579 0.000
9  0  1  1   16   33    3    4    2    1    0    1    0    1    1  4  4  1  1.564 0.000
9  0  1  1   17   25    5   24    4    1    1    0    0    0    0  1  1  1  1.245 0.000
9  0  1  1   18   28    8   43    3    2    1    1    0    0    0  3  3  1  1.137 0.000
9  0  1  1   19   11    1   30    1    1    0    1    1    1    0  4  4  1  2.346 0.000
9  0  1  1   20   14    4    7    0    1    0    1    1    1    0  4  4  1  1.218 0.000
9  0  1  1   21    8    8   53    2    2    1    0    1    0    1  2  2  1  2.143 0.000
9  0  1  1   22    5    5   77    1    1    1    1    1    0    1  3  3  1  1.225 0.000
9  0  1  1   23   35    5   31    3    1    1    0    0    1    1  1  1  1  1.510 0.000
9  0  1  1   24   13    3    9    2    1    0    0    1    1    0  2  2  1  0.897 0.000
9  0  1  1   25    0    0   17    1    2    0    0    1    0    1  2  2  1  0.962 0.000
9  0  1  1   26    1    1   72    0    1    0    0    1    0    1  2  2  1  1.058 0.000
9  0  1  1   27   36    6   43    4    0    1    1    0    1    1  4  3  0  1.487 0.000
9  0  1  1   28   31    1   30    3    0    0    1    0    1    1  4  3  0  1.465 0.000
9  0  1  1   29   24    4   69    0    1    0    1    0    0    0  3  3  1  2.213 0.000
9  0  1  1   30   26    6    7    4    2    1    0    0    0    0  1  1  1  1.556 0.000
9  0  1  1   31   38    8   61    1    2    1    1    0    1    1  4  4  1  1.428 0.000
9  0  1  1   32   22    2   35    3    1    0    1    0    0    0  3  3  1  1.513 0.000
9  0  1  1   33   18    8    8    2    2    1    0    1    1    0  2  2  1  0.956 0.000
9  0  1  1   34    7    7   37    4    2    1    1    1    0    1  3  3  1  1.347 0.000
9  0  1  1   35   10    0   28    3    0    0    1    1    1    0  4  3  0  2.788 0.000
9  0  1  1   36    6    6   65    2    2    1    0    1    0    1  2  2  1  2.034 0.000
9  0  1  1   37   32    2    3    0    1    0    0    0    1    1  1  1  1  2.368 0.000
9  0  1  1   38   29    9   33    4    2    1    1    0    0    0  3  3  1  2.262 0.000
9  0  1  1   39   21    1   45    2    1    0    1    0    0    0  3  3  1  1.395 0.000
9  0  1  1   40   37    7    8    1    2    1    0    0    1    1  1  1  1  1.298 0.000
9  0  1  1   41   20    0   11    4    2    0    0    0    0    0  1  1  1  1.316 0.000
9  0  1  1   42   15    5   74    0    1    1    1    1    1    0  4  4  1  1.822 0.000
9  0  1  1   43    3    3   25    2    1    0    1    1    0    1  3  3  1  1.916 0.000
9  0  1  1   44    4    4   10    1    1    0    1    1    0    1  3  3  1  0.918 0.000
9  0  1  1   45   34    4   22    4    1    0    1    0    1    1  4  4  1  1.047 0.000
9  0  1  1   46    2    2    5    0    1    0    1    1    0    1  3  3  1  1.220 0.000
9  0  1  1   47    9    9   48    3    2    1    0    1    0    1  2  2  1  1.025 0.000
9  0  1  1   48   12    2   13    2    1    0    0    1    1    0  2  2  1  0.639 0.000
9  0  1  1   49   19    9    2    4    2    1    1    1    1    0  4  4  1  1.339 0.000
9  0  1  1   50   23    3   38    3    1    0    1    0    0    0  3  3  1  1.196 0.000
9  0  1  1   51   30    0   69    2    2    0    1    0    1    1  4  4  1  1.051 0.000
9  0  1  1   52   17    7   17    0    2    1    0    1    1    0  2  2  1  1.102 0.000
9  0  2  1   53   23   13   62    7    0    0    0    0    0    0  1  2  0  1.313 0.000
9  0  2  1   54    1   11   51    7    0    0    0    1    0    1  2  2  1  1.308 0.000
9  0  2  1   55   17   17   78    7    0    1    1    1    1    0  4  2  1  1.099 0.000
9  0  2  1   56    2   12   55    7    0    0    1    1    0    1  3  2  1  1.417 0.000
9  0  2  1   57   35   15   13    7    0    1    0    0    1    1  1  1  1  2.004 0.000
9  0  2  1   58    7   17   27    7    0    1    1    1    0    1  3  2  1  1.087 0.000
9  0  2  1   59   13   13   71    7    0    0    1    1    1    0  4  2  1  0.566 0.000
9  0  2  1   60    8   18   62    7    0    1    0    1    0    1  2  2  1  0.770 0.000
9  0  2  1   61   34   14    6    7    0    0    0    0    1    1  1  1  1  1.671 0.000
9  0  2  1   62    0   10   66    7    0    0    0    1    0    1  2  2  1  0.919 0.000
9  0  2  1   63   39   19   56    7    0    1    1    0    1    1  4  4  1  1.293 0.000
9  0  2  1   64    5   15   39    7    0    1    0    1    0    1  2  2  1  1.324 0.000
9  0  2  1   65   37   17   65    7    0    1    1    0    1    1  4  4  1  0.962 0.000
9  0  2  1   66   36   16   77    7    0    1    0    0    1    1  1  4  1  1.151 0.000
9  0  2  1   67   32   12   15    7    0    0    0    0    1    1  1  4  1  0.780 0.000
9  0  2  1   68   33   13   45    7    0    0    0    0    1    1  1  4  1  0.712 0.000
9  0  2  1   69   10   10   24    7    0    0    0    1    1    0  2  2  1  0.870 0.000
9  0  2  1   70   27   17    4    7    0    1    1    0    0    0  3  1  1  1.871 0.000
9  0  2  1   71   24   14   50    7    0    0    1    0    0    0  3  1  1  0.879 0.000
9  0  2  1   72   16   16   62    7    0    1    0    1    1    0  2  2  1  0.751 0.000
9  0  2  1   73   38   18   44    7    0    1    1    0    1    1  4  4  1  0.971 0.000
9  0  2  1   74   21   11   79    7    0    0    1    0    0    0  3  1  1  0.839 0.000
9  0  2  1   75    4   14   63    7    0    0    1    1    0    1  3  2  1  0.833 0.000
9  0  2  1   76   14   14   50    7    0    0    1    1    1    0  4  2  1  0.723 0.000
9  0  2  1   77    6   16    3    7    0    1    0    1    0    1  2  2  1  0.865 0.000
9  0  2  1   78   11   11   77    7    0    0    0    1    1    0  2  2  1  0.674 0.000
9  0  2  1   79   19   19   29    7    0    1    1    1    1    0  4  2  1  0.842 0.000
9  0  2  1   80   20   10   36    7    0    0    1    0    0    0  3  1  1  1.227 0.000
9  0  2  1   81   29   19   41    7    0    1    0    0    0    0  1  1  1  1.174 0.000
9  0  2  1   82    9   19   60    7    0    1    1    1    0    1  3  2  1  0.721 0.000
9  0  2  1   83   25   15   48    7    0    1    0    0    0    0  1  1  1  1.071 0.000
9  0  2  1   84   28   18   31    7    0    1    1    0    0    0  3  1  1  0.872 0.000
9  0  2  1   85   15   15   14    7    0    1    0    1    1    0  2  2  1  0.784 0.000
9  0  2  1   86   18   18   43    7    0    1    1    1    1    0  4  2  1  0.835 0.000
9  0  2  1   87    3   13   47    7    0    0    1    1    0    1  3  2  1  0.564 0.000
9  0  2  1   88   26   16   29    7    0    1    0    0    0    0  1  1  1  0.657 0.000
9  0  2  1   89   12   12   40    7    0    0    0    1    1    0  2  2  1  0.594 0.000
9  0  2  1   90   31   11   14    7    0    0    0    0    1    1  1  1  1  1.158 0.000
9  0  2  1   91   22   12   53    7    0    0    0    0    0    0  1  1  1  0.858 0.000
9  0  2  1   92   30   10   37    7    0    0    0    0    1    1  1  1  1  0.930 0.000
9  0  1  2   93   12   22   61    1    1    0    0    1    1    0  2  2  1  0.670 0.000
9  0  1  2   94   35   25   51    3    0    1    1    0    1    1  4  3  0  1.738 0.000
9  0  1  2   95    8   28   76    4    2    1    0    1    0    1  2  2  1  0.787 0.000
9  0  1  2   96   15   25   34    2    1    1    1    1    1    0  4  4  1  1.209 0.000
9  0  1  2   97    6   26   45    1    2    1    0    1    0    1  2  2  1  0.943 0.000
9  0  1  2   98   20   20   77    3    2    0    0    0    0    0  1  1  1  1.392 0.000
9  0  1  2   99    1   21   57    0    1    0    0    1    0    1  2  2  1  0.630 0.000
9  0  1  2  100    5   25   75    4    1    1    1    1    0    1  3  3  1  0.844 0.000
9  0  1  2  101    2   22   61    2    1    0    1    1    0    1  3  3  1  1.305 0.000
9  0  1  2  102   26   26    9    0    2    1    0    0    0    0  1  1  1  1.019 0.000
9  0  1  2  103   25   25   28    3    1    1    1    0    0    0  3  3  1  1.152 0.000
9  0  1  2  104   36   26   32    1    2    1    0    0    1    1  1  1  1  1.104 0.000
9  0  1  2  105   10   20   69    4    2    0    0    1    1    0  2  2  1  0.554 0.000
9  0  1  2  106   19   29   73    3    2    1    1    1    1    0  4  4  1  1.003 0.000
9  0  1  2  107   22   22   57    0    1    0    1    0    0    0  3  3  1  0.840 0.000
9  0  1  2  108   13   23   32    1    1    0    1    1    1    0  4  4  1  0.830 0.000
9  0  1  2  109    4   24   16    3    1    0    1    1    0    1  3  3  1  0.899 0.000
9  0  1  2  110   39   29   53    2    2    1    0    0    1    1  1  1  1  1.686 0.000
9  0  1  2  111   27   27   75    4    2    1    1    0    0    0  3  3  1  1.104 0.000
9  0  1  2  112   16   26   27    3    2    1    0    1    1    0  2  2  1  1.186 0.000
9  0  1  2  113    9   29   56    2    2    1    1    1    0    1  3  3  1  0.913 0.000
9  0  1  2  114   14   24   63    1    0    0    1    1    1    0  4  3  0  1.203 0.000
9  0  1  2  115   31   21   20    0    1    0    1    0    1    1  4  4  1  2.297 0.000
9  0  1  2  116    7   27   38    2    2    1    0    1    0    1  2  2  1  0.900 0.000
9  0  1  2  117   33   23   60    4    1    0    0    0    1    1  1  1  1  0.782 0.000
9  0  1  2  118    0   20   33    1    2    0    0    1    0    1  2  2  1  0.861 0.000
9  0  1  2  119   30   20   74    2    0    0    0    0    1    1  1  2  0  2.481 0.000
9  0  1  2  120   23   23   58    4    1    0    0    0    0    0  1  1  1  1.085 0.000
9  0  1  2  121   34   24    5    3    1    0    0    0    1    1  1  1  1  1.831 0.000
9  0  1  2  122   11   21   39    0    1    0    0    1    1    0  2  2  1  0.765 0.000
9  0  1  2  123    3   23   31    4    1    0    0    1    0    1  2  2  1  1.965 0.000
9  0  1  2  124   32   22   78    2    1    0    0    0    1    1  1  1  1  1.157 0.000
9  0  1  2  125   17   27   20    3    2    1    1    1    1    0  4  4  1  1.749 0.000
9  0  1  2  126   38   28   34    4    2    1    0    0    1    1  1  1  1  1.110 0.000
9  0  1  2  127   21   21    8    2    1    0    0    0    0    0  1  1  1  0.752 0.000
9  0  1  2  128   29   29   42    1    2    1    1    0    0    0  3  3  1  0.840 0.000
9  0  1  2  129   28   28   61    3    2    1    0    0    0    0  1  1  1  1.164 0.000
9  0  1  2  130   18   28   79    4    2    1    1    1    1    0  4  4  1  1.125 0.000
9  0  1  2  131   24   24   12    0    1    0    1    0    0    0  3  3  1  1.430 0.000
9  0  1  2  132   37   27   17    1    2    1    0    0    1    1  1  1  1  1.131 0.000
9  0  2  2  133   25   35   20    7    0    1    1    0    0    0  3  1  1  1.701 0.000
9  0  2  2  134   31   31   58    7    0    0    1    0    1    1  4  1  1  1.156 0.000
9  0  2  2  135    4   34   26    7    0    0    1    1    0    1  3  2  1  0.865 0.000
9  0  2  2  136   36   36   18    7    0    1    0    0    1    1  1  1  1  1.105 0.000
9  0  2  2  137    5   35   34    7    0    1    1    1    0    1  3  2  1  1.032 0.000
9  0  2  2  138   21   31   63    7    0    0    1    0    0    0  3  1  1  0.850 0.000
9  0  2  2  139   33   33   52    7    0    0    1    0    1    1  4  1  1  0.867 0.000
9  0  2  2  140    9   39    0    7    0    1    0    1    0    1  2  2  1  0.747 0.000
9  0  2  2  141   19   39   41    7    0    1    1    1    1    0  4  2  1  0.888 0.000
9  0  2  2  142   20   30   17    7    0    0    1    0    0    0  3  1  1  1.023 0.000
9  0  2  2  143   22   32   68    7    0    0    1    0    0    0  3  1  1  0.842 0.000
9  0  2  2  144    6   36   21    7    0    1    0    1    0    1  2  2  1  0.691 0.000
9  0  2  2  145   35   35   33    7    0    1    1    0    1    1  4  1  1  0.746 0.000
9  0  2  2  146   15   35   67    7    0    1    0    1    1    0  2  1  0  0.671 0.000
9  0  2  2  147    1   31    4    7    0    0    0    1    0    1  2  2  1  0.747 0.000
9  0  2  2  148   12   32   18    7    0    0    0    1    1    0  2  2  1  0.737 0.000
9  0  2  2  149   14   34   19    7    0    0    0    1    1    0  2  2  1  0.630 0.000
9  0  2  2  150   30   30   42    7    0    0    0    0    1    1  1  1  1  0.936 0.000
9  0  2  2  151    7   37   68    7    0    1    1    1    0    1  3  2  1  0.741 0.000
9  0  2  2  152    2   32    9    7    0    0    1    1    0    1  3  2  1  1.307 0.000
9  0  2  2  153   16   36   33    7    0    1    0    1    1    0  2  2  1  0.698 0.000
9  0  2  2  154   32   32   63    7    0    0    0    0    1    1  1  1  1  0.664 0.000
9  0  2  2  155   17   37   52    7    0    1    1    1    1    0  4  2  1  0.737 0.000
9  0  2  2  156   27   37   74    7    0    1    0    0    0    0  1  1  1  0.903 0.000
9  0  2  2  157    3   33   46    7    0    0    0    1    0    1  2  2  1  0.710 0.000
9  0  2  2  158   18   38   37    7    0    1    1    1    1    0  4  2  1  0.653 0.000
9  0  2  2  159   24   34    6    7    0    0    1    0    0    0  3  1  1  0.877 0.000
9  0  2  2  160   28   38   18    7    0    1    0    0    0    0  1  1  1  0.957 0.000
9  0  2  2  161   39   39   64    7    0    1    1    0    1    1  4  1  1  1.290 0.000
9  0  2  2  162   11   31   66    7    0    0    1    1    1    0  4  2  1  0.730 0.000
9  0  2  2  163    0   30   18    7    0    0    1    1    0    1  3  2  1  1.191 0.000
9  0  2  2  164   38   38   40    7    0    1    0    0    1    1  1  1  1  0.899 0.000
9  0  2  2  165   34   34   12    7    0    0    0    0    1    1  1  1  1  0.914 0.000
9  0  2  2  166   23   33   66    7    0    0    0    0    0    0  1  1  1  0.993 0.000
9  0  2  2  167    8   38   29    7    0    1    1    1    0    1  3  2  1  0.636 0.000
9  0  2  2  168   13   33    1    7    0    0    1    1    1    0  4  2  1  0.701 0.000
9  0  2  2  169   29   39   70    7    0    1    0    0    0    0  1  1  1  0.852 0.000
9  0  2  2  170   26   36   16    7    0    1    1    0    0    0  3  1  1  0.885 0.000
9  0  2  2  171   10   30   45    7    0    0    1    1    1    0  4  2  1  0.677 0.000
9  0  2  2  172   37   37   49    7    0    1    0    0    1    1  1  1  1  0.884 0.000
9  0  1  3  173   12   42   53    3    1    0    0    1    1    0  2  2  1  0.767 0.000
9  0  1  3  174   20   40   21    4    2    0    0    0    0    0  1  1  1  0.767 0.000
9  0  1  3  175   14   44   64    2    1    0    0    1    1    0  2  2  1  0.550 0.000
9  0  1  3  176   37   47   75    1    2    1    1    0    1    1  4  4  1  1.111 0.000
9  0  1  3  177   17   47   21    3    2    1    0    1    1    0  2  2  1  0.624 0.000
9  0  1  3  178   18   48   57    4    2    1    1    1    1    0  4  4  1  0.806 0.000
9  0  1  3  179    3   43    8    1    1    0    1    1    0    1  3  3  1  0.860 0.000
9  0  1  3  180   16   46   12    3    2    1    0    1    1    0  2  2  1  0.824 0.000
9  0  1  3  181    7   47   78    4    2    1    1    1    0    1  3  3  1  0.637 0.000
9  0  1  3  182   10   40   55    0    2    0    1    1    1    0  4  4  1  0.786 0.000
9  0  1  3  183   27   47   44    1    2    1    0    0    0    0  1  1  1  0.761 0.000
9  0  1  3  184    1   41   13    3    1    0    0    1    0    1  2  2  1  0.937 0.000
9  0  1  3  185    2   42   19    2    1    0    0    1    0    1  2  2  1  0.673 0.000
9  0  1  3  186    9   49   49    1    2    1    1    1    0    1  3  3  1  0.661 0.000
9  0  1  3  187   25   45    3    3    1    1    0    0    0    0  1  1  1  0.985 0.000
9  0  1  3  188   39   49   25    0    2    1    1    0    1    1  4  4  1  1.072 0.000
9  0  1  3  189   29   49   15    2    2    1    0    0    0    0  1  1  1  1.051 0.000
9  0  1  3  190   31   41   79    1    1    0    0    0    1    1  1  1  1  1.247 0.000
9  0  1  3  191   15   45   16    4    1    1    1    1    1    0  4  4  1  0.772 0.000
9  0  1  3  192   22   42    5    3    1    0    1    0    0    0  3  3  1  1.292 0.000
9  0  1  3  193   23   43    1    1    1    0    1    0    0    0  3  3  1  0.854 0.000
9  0  1  3  194   35   45   23    4    1    1    0    0    1    1  1  1  1  0.962 0.000
9  0  1  3  195   11   41   23    2    1    0    0    1    1    0  2  2  1  0.802 0.000
9  0  1  3  196    4   44   50    3    1    0    0    1    0    1  2  2  1  0.561 0.000
9  0  1  3  197   24   44   71    4    1    0    0    0    0    0  1  1  1  0.696 0.000
9  0  1  3  198   21   41   78    2    1    0    0    0    0    0  1  1  1  0.707 0.000
9  0  1  3  199    5   45   14    3    1    1    1    1    0    1  3  3  1  0.981 0.000
9  0  1  3  200   36   46   27    4    2    1    0    0    1    1  1  1  1  0.661 0.000
9  0  1  3  201   28   48   56    0    2    1    1    0    0    0  3  3  1  0.760 0.000
9  0  1  3  202   33   43   24    1    1    0    1    0    1    1  4  4  1  1.145 0.000
9  0  1  3  203   19   49   72    4    2    1    0    1    1    0  2  2  1  0.986 0.000
9  0  1  3  204   30   40   55    2    2    0    0    0    1    1  1  1  1  0.704 0.000
9  0  1  3  205    6   46   28    0    2    1    1    1    0    1  3  3  1  1.962 0.000
9  0  1  3  206    0   40   54    4    2    0    1    1    0    1  3  3  1  0.778 0.000
9  0  1  3  207   26   46    0    2    2    1    0    0    0    0  1  1  1  1.162 0.000
9  0  1  3  208    8   48   12    1    2    1    1    1    0    1  3  3  1  1.409 0.000
9  0  1  3  209   32   42   72    3    0    0    1    0    1    1  4  3  0  0.656 0.000
9  0  1  3  210   13   43   42    2    1    0    1    1    1    0  4  4  1  2.332 0.000
9  0  1  3  211   34   44   28    1    1    0    1    0    1    1  4  4  1  1.310 0.000
9  0  1  3  212   38   48   41    3    2    1    0    0    1    1  1  1  1  0.983 0.000
9  0  2  3  213   24   54   65    7    0    0    0    0    0    0  1  1  1  1.054 0.000
9  0  2  3  214    2   52   74    7    0    0    0    1    0    1  2  2  1  0.535 0.000
9  0  2  3  215    4   54   30    7    0    0    0    1    0    1  2  2  1  0.725 0.000
9  0  2  3  216   17   57   47    7    0    1    1    1    1    0  4  2  1  0.570 0.000
9  0  2  3  217   30   50   57    7    0    0    1    0    1    1  4  1  1  0.758 0.000
9  0  2  3  218   21   51   25    7    0    0    1    0    0    0  3  1  1  0.859 0.000
9  0  2  3  219    0   50   41    7    0    0    1    1    0    1  3  2  1  0.740 0.000
9  0  2  3  220   31   51   39    7    0    0    1    0    1    1  4  1  1  1.185 0.000
9  0  2  3  221   11   51   36    7    0    0    1    1    1    0  4  2  1  0.804 0.000
9  0  2  3  222   14   54    5    7    0    0    1    1    1    0  4  2  1  1.423 0.000
9  0  2  3  223   34   54   59    7    0    0    1    0    1    1  4  1  1  0.874 0.000
9  0  2  3  224   32   52   19    7    0    0    1    0    1    1  4  1  1  0.930 0.000
9  0  2  3  225    1   51   36    7    0    0    1    1    0    1  3  2  1  0.727 0.000
9  0  2  3  226   18   58   54    7    0    1    0    1    1    0  2  2  1  0.614 0.000
9  0  2  3  227   36   56   62    7    0    1    1    0    1    1  4  1  1  0.696 0.000
9  0  2  3  228   23   53   13    7    0    0    1    0    0    0  3  1  1  0.800 0.000
9  0  2  3  229    9   59   43    7    0    1    0    1    0    1  2  2  1  1.002 0.000
9  0  2  3  230   35   55   38    7    0    1    1    0    1    1  4  1  1  0.925 0.000
9  0  2  3  231   22   52   51    7    0    0    1    0    0    0  3  1  1  1.107 0.000
9  0  2  3  232   38   58   16    7    0    1    0    0    1    1  1  1  1  0.770 0.000
9  0  2  3  233    6   56   22    7    0    1    1    1    0    1  3  2  1  0.678 0.000
9  0  2  3  234   37   57   70    7    0    1    0    0    1    1  1  1  1  0.942 0.000
9  0  2  3  235   15   55   15    7    0    1    1    1    1    0  4  1  0  0.867 0.000
9  0  2  3  236   16   56   60    7    0    1    0    1    1    0  2  2  1  0.687 0.000
9  0  2  3  237   28   58   19    7    0    1    1    0    0    0  3  1  1  0.719 0.000
9  0  2  3  238   29   59   14    7    0    1    0    0    0    0  1  1  1  1.292 0.000
9  0  2  3  239   26   56   47    7    0    1    1    0    0    0  3  1  1  0.947 0.000
9  0  2  3  240    5   55   40    7    0    1    0    1    0    1  2  2  1  0.985 0.000
9  0  2  3  241    8   58   69    7    0    1    1    1    0    1  3  2  1  0.773 0.000
9  0  2  3  242   10   50   75    7    0    0    1    1    1    0  4  2  1  0.704 0.000
9  0  2  3  243   33   53    2    7    0    0    1    0    1    1  4  1  1  0.631 0.000
9  0  2  3  244   27   57   23    7    0    1    0    0    0    0  1  1  1  0.889 0.000
9  0  2  3  245   39   59   10    7    0    1    1    0    1    1  4  1  1  0.825 0.000
9  0  2  3  246   13   53    4    7    0    0    1    1    1    0  4  2  1  0.683 0.000
9  0  2  3  247    7   57   52    7    0    1    0    1    0    1  2  2  1  1.386 0.000
9  0  2  3  248   19   59   48    7    0    1    1    1    1    0  4  2  1  0.693 0.000
9  0  2  3  249   12   52   10    7    0    0    1    1    1    0  4  2  1  0.645 0.000
9  0  2  3  250    3   53    7    7    0    0    1    1    0    1  3  2  1  0.567 0.000
9  0  2  3  251   20   50   55    7    0    0    1    0    0    0  3  1  1  0.753 0.000
9  0  2  3  252   25   55   46    7    0    1    0    0    0    0  1  1  1  0.678 0.000
9  0  1  4  253   16   66   68    0    2    1    1    1    1    0  4  4  1  1.275 0.000
9  0  1  4  254   22   62   67    2    1    0    1    0    0    0  3  3  1  0.798 0.000
9  0  1  4  255   28   68   39    1    2    1    0    0    0    0  1  1  1  0.709 0.000
9  0  1  4  256    7   67    6    0    2    1    1    1    0    1  3  3  1  1.183 0.000
9  0  1  4  257   29   69   52    2    2    1    0    0    0    0  1  1  1  2.446 0.000
9  0  1  4  258   19   69   25    4    0    1    1    1    1    0  4  3  0  1.635 0.000
9  0  1  4  259   21   61   34    3    1    0    1    0    0    0  3  3  1  0.888 0.000
9  0  1  4  260   34   64   48    2    1    0    1    0    1    1  4  4  1  1.003 0.000
9  0  1  4  261   35   65   67    1    1    1    0    0    1    1  1  1  1  0.848 0.000
9  0  1  4  262    4   64   59    3    1    0    0    1    0    1  2  2  1  0.877 0.000
9  0  1  4  263    8   68   11    2    2    1    1    1    0    1  3  3  1  0.793 0.000
9  0  1  4  264   30   60   21    0    2    0    1    0    1    1  4  4  1  1.112 0.000
9  0  1  4  265    1   61   64    3    1    0    1    1    0    1  3  3  1  0.833 0.000
9  0  1  4  266   10   60    3    2    2    0    1    1    1    0  4  4  1  0.903 0.000
9  0  1  4  267   14   64   22    1    1    0    1    1    1    0  4  4  1  1.937 0.000
9  0  1  4  268    9   69   24    3    2    1    0    1    0    1  2  2  1  1.681 0.000
9  0  1  4  269   39   69   36    2    2    1    1    0    1    1  4  4  1  0.909 0.000
9  0  1  4  270   13   63   49    1    1    0    1    1    1    0  4  4  1  0.895 0.000
9  0  1  4  271   20   60   73    4    2    0    1    0    0    0  3  3  1  1.002 0.000
9  0  1  4  272   27   67   22    3    2    1    0    0    0    0  1  1  1  1.079 0.000
9  0  1  4  273   15   65   11    1    1    1    1    1    1    0  4  4  1  0.771 0.000
9  0  1  4  274   37   67   47    2    2    1    0    0    1    1  1  1  1  0.747 0.000
9  0  1  4  275   24   64   27    3    1    0    0    0    0    0  1  1  1  1.692 0.000
9  0  1  4  276    0   60   15    4    2    0    0    1    0    1  2  2  1  1.334 0.000
9  0  1  4  277   12   62   38    2    1    0    0    1    1    0  2  2  1  1.583 0.000
9  0  1  4  278   38   68   46    3    2    1    1    0    1    1  4  4  1  0.895 0.000
9  0  1  4  279    2   62   42    4    0    0    1    1    0    1  3  2  0  1.312 0.000
9  0  1  4  280   18   68   59    1    2    1    0    1    1    0  2  2  1  0.739 0.000
9  0  1  4  281   25   65   76    0    1    1    1    0    0    0  3  3  1  1.364 0.000
9  0  1  4  282    5   65   67    3    1    1    0    1    0    1  2  2  1  1.068 0.000
9  0  1  4  283   23   63   26    2    1    0    0    0    0    0  1  1  1  0.623 0.000
9  0  1  4  284   32   62   73    4    1    0    0    0    1    1  1  1  1  0.684 0.000
9  0  1  4  285   36   66    7    1    2    1    1    0    1    1  4  4  1  0.751 0.000
9  0  1  4  286   11   61    0    2    1    0    1    1    1    0  4  4  1  0.720 0.000
9  0  1  4  287   31   61   76    4    1    0    1    0    1    1  4  4  1  0.712 0.000
9  0  1  4  288    3   63   44    3    1    0    1    1    0    1  3  3  1  0.803 0.000
9  0  1  4  289   17   67   31    0    2    1    0    1    1    0  2  2  1  0.873 0.000
9  0  1  4  290   26   66   54    4    2    1    1    0    0    0  3  3  1  1.261 0.000
9  0  1  4  291   33   63   54    3    1    0    1    0    1    1  4  4  1  2.536 0.000
9  0  1  4  292    6   66   32    2    2    1    0    1    0    1  2  2  1  0.833 0.000
9  0  2  4  293   36   76   68    7    0    1    1    0    1    1  4  1  1  1.222 0.000
9  0  2  4  294   28   78   10    7    0    1    0    0    0    0  1  1  1  0.832 0.000
9  0  2  4  295    7   77    1    7    0    1    1    1    0    1  3  2  1  0.722 0.000
9  0  2  4  296   14   74   76    7    0    0    1    1    1    0  4  2  1  1.096 0.000
9  0  2  4  297   31   71   29    7    0    0    1    0    1    1  4  4  1  0.848 0.000
9  0  2  4  298   27   77   40    7    0    1    0    0    0    0  1  3  1  1.001 0.000
9  0  2  4  299    5   75   23    7    0    1    1    1    0    1  3  3  1  0.867 0.000
9  0  2  4  300   17   77   58    7    0    1    0    1    1    0  2  1  0  2.003 0.000
9  0  2  4  301   10   70    6    7    0    0    0    1    1    0  2  2  1  1.890 0.000
9  0  2  4  302   20   70   37    7    0    0    0    0    0    0  1  3  1  0.858 0.000
9  0  2  4  303    8   78   73    7    0    1    1    1    0    1  3  3  1  1.233 0.000
9  0  2  4  304   16   76   65    7    0    1    0    1    1    0  2  4  1  1.139 0.000
9  0  2  4  305   21   71   49    7    0    0    0    0    0    0  1  3  1  0.689 0.000
9  0  2  4  306   30   70   50    7    0    0    0    0    1    1  1  4  1  1.432 0.000
9  0  2  4  307   37   77   71    7    0    1    1    0    1    1  4  4  1  0.922 0.000
9  0  2  4  308   35   75    9    7    0    1    0    0    1    1  1  4  1  0.760 0.000
9  0  2  4  309   12   72   44    7    0    0    0    1    1    0  2  4  1  0.773 0.000
9  0  2  4  310    6   76   70    7    0    1    1    1    0    1  3  3  1  0.665 0.000
9  0  2  4  311   26   76   60    7    0    1    0    0    0    0  1  3  1  0.922 0.000
9  0  2  4  312    1   71   20    7    0    0    0    1    0    1  2  3  1  0.751 0.000
9  0  2  4  313   11   71   56    7    0    0    0    1    1    0  2  4  1  0.756 0.000
9  0  2  4  314   23   73   59    7    0    0    0    0    0    0  1  3  1  0.953 0.000
9  0  2  4  315    2   72   79    7    0    0    0    1    0    1  2  3  1  0.654 0.000
9  0  2  4  316   29   79   64    7    0    1    1    0    0    0  3  3  1  1.318 0.000
9  0  2  4  317    3   73   58    7    0    0    1    1    0    1  3  3  1  0.708 0.000
9  0  2  4  318   18   78   35    7    0    1    0    1    1    0  2  4  1  0.891 0.000
9  0  2  4  319    4   74    2    7    0    0    0    1    0    1  2  3  1  0.979 0.000
9  0  2  4  320    0   70   71    7    0    0    0    1    0    1  2  3  1  0.759 0.000
9  0  2  4  321   13   73   26    7    0    0    0    1    1    0  2  4  1  0.651 0.000
9  0  2  4  322    9   79   35    7    0    1    1    1    0    1  3  3  1  0.748 0.000
9  0  2  4  323   32   72   11    7    0    0    1    0    1    1  4  4  1  0.890 0.000
9  0  2  4  324   34   74    1    7    0    0    1    0    1    1  4  4  1  0.729 0.000
9  0  2  4  325   19   79   46    7    0    1    0    1    1    0  2  4  1  0.703 0.000
9  0  2  4  326   39   79   26    7    0    1    1    0    1    1  4  4  1  1.126 0.000
9  0  2  4  327   33   73   35    7    0    0    1    0    1    1  4  4  1  0.892 0.000
9  0  2  4  328   24   74   72    7    0    0    1    0    0    0  3  3  1  2.540 0.000
9  0  2  4  329   38   78    0    7    0    1    0    0    1    1  1  4  1  0.872 0.000
9  0  2  4  330   15   75   70    7    0    1    1    1    1    0  4  4  1  1.273 0.000
9  0  2  4  331   22   72   32    7    0    0    1    0    0    0  3  3  1  0.897 0.000
9  0  2  4  332   25   75   30    7    0    1    0    0    0    0  1  3  1  0.737 0.000
