13  0  0  0    1    0   -1   58    3    0    0    0    0    0    0  3  3  1  1.387 0.000
13  0  0  0    2    0   -1   58    0    0    0    0    1    1    0  4  4  1  0.709 0.000
13  0  0  0    3    0   -1   58    2    0    0    0    0    0    0  3  3  1  0.788 0.000
13  0  0  0    4    0   -1   58    3    0    1    1    1    1    0  2  1  0  2.440 0.000
13  0  0  0    5    0   -1   58    4    0    1    0    0    1    1  3  3  1  1.063 0.000
13  0  0  0    6    0   -1   58    0    0    0    0    0    1    1  3  3  1  0.742 0.000
13  0  0  0    7    0   -1   58    1    0    0    0    1    1    0  4  4  1  0.908 0.000
13  0  0  0    8    0   -1   58    4    0    0    0    1    1    0  4  4  1  0.652 0.000
13  0  0  0    9    0   -1   58    3    0    1    1    0    0    0  1  1  1  1.181 0.000
13  0  0  0   10    0   -1   58    2    0    1    0    1    0    1  4  4  1  1.297 0.000
13  0  0  0   11    0   -1   58    0    0    1    1    0    0    0  1  1  1  1.456 0.000
13  0  0  0   12    0   -1   58    3    0    1    0    1    0    1  4  4  1  0.993 0.000
13  0  1  1   13    6    6   19    4    2    1    1    1    0    1  1  1  1  0.855 0.000
13  0  1  1   14   29    9   42    1    2    1    0    0    0    0  3  3  1  1.724 0.000
13  0  1  1   15   32    2   10    3    1    0    0    0    1    1  3  3  1  1.269 0.000
13  0  1  1   16   24    4   70    0    1    0    0    0    0    0  3  3  1  0.719 0.000
13  0  1  1   17   11    1   68    4    0    0    0    1    1    0  4  3  0  1.370 0.000
13  0  1  1   18    7    7    2    3    2    1    1    1    0    1  1  1  1  0.896 0.000
13  0  1  1   19   34    4   73    1    1    0    1    0    1    1  2  2  1  1.547 0.000
13  0  1  1   20   13    3   65    0    1    0    1    1    1    0  2  2  1  1.188 0.000
13  0  1  1   21   21    1   60    3    1    0    1    0    0    0  1  1  1  1.188 0.000
13  0  1  1   22    1    1   63    2    1    0    1    1    0    1  1  1  1  0.650 0.000
13  0  1  1   23    8    8   42    0    2    1    0    1    0    1  4  4  1  0.790 0.000
13  0  1  1   24    5    5   66    4    1    1    1    1    0    1  1  1  1  0.877 0.000
13  0  1  1   25   37    7   39    3    2    1    0    0    1    1  3  3  1  0.737 0.000
13  0  1  1   26   22    2   19    2    1    0    0    0    0    0  3  3  1  0.634 0.000
13  0  1  1   27    3    3   69    0    1    0    0    1    0    1  4  4  1  1.134 0.000
13  0  1  1   28   14    4   36    1    1    0    0    1    1    0  4  4  1  0.615 0.000
13  0  1  1   29   27    7   67    2    2    1    1    0    0    0  1  1  1  0.757 0.000
13  0  1  1   30    0    0   16    4    2    0    1    1    0    1  1  1  1  0.733 0.000
13  0  1  1   31   12    2   38    1    1    0    1    1    1    0  2  2  1  1.086 0.000
13  0  1  1   32   35    5   29    2    1    1    0    0    1    1  3  3  1  0.841 0.000
13  0  1  1   33   30    0   79    4    2    0    0    0    1    1  3  3  1  0.775 0.000
13  0  1  1   34   16    6   66    3    0    1    1    1    1    0  2  1  0  0.957 0.000
13  0  1  1   35   10    0   22    2    2    0    1    1    1    0  2  2  1  0.725 0.000
13  0  1  1   36    2    2    3    1    1    0    1    1    0    1  1  1  1  0.847 0.000
13  0  1  1   37   17    7   24    4    2    1    0    1    1    0  4  4  1  0.684 0.000
13  0  1  1   38   31    1   14    2    1    0    0    0    1    1  3  3  1  1.534 0.000
13  0  1  1   39   20    0   44    1    2    0    0    0    0    0  3  3  1  0.711 0.000
13  0  1  1   40   36    6   78    4    0    1    1    0    1    1  2  1  0  0.826 0.000
13  0  1  1   41   38    8   74    0    2    1    0    0    1    1  3  3  1  0.959 0.000
13  0  1  1   42   25    5   61    2    1    1    1    0    0    0  1  1  1  1.599 0.000
13  0  1  1   43    9    9   33    1    2    1    0    1    0    1  4  4  1  1.350 0.000
13  0  1  1   44   15    5   61    4    1    1    1    1    1    0  2  2  1  1.510 0.000
13  0  1  1   45   28    8   51    2    2    1    0    0    0    0  3  3  1  1.367 0.000
13  0  1  1   46   19    9    0    0    0    1    1    1    1    0  2  1  0  1.447 0.000
13  0  1  1   47   33    3   62    1    1    0    1    0    1    1  2  2  1  0.996 0.000
13  0  1  1   48   39    9   31    2    2    1    0    0    1    1  3  3  1  0.932 0.000
13  0  1  1   49   18    8   46    4    2    1    1    1    1    0  2  2  1  1.261 0.000
13  0  1  1   50   26    6   36    0    2    1    0    0    0    0  3  3  1  0.856 0.000
13  0  1  1   51    4    4   39    1    1    0    0    1    0    1  4  4  1  0.820 0.000
13  0  1  1   52   23    3   68    2    1    0    0    0    0    0  3  3  1  0.618 0.000
13  0  2  1   53   14   14   35    7    0    0    0    1    1    0  4  3  0  0.199 0.000
13  0  2  1   54    8   18   53    7    0    1    1    1    0    1  1  1  1  0.382 0.000
13  0  2  1   55   38   18   52    7    0    1    0    0    1    1  3  4  0  0.506 0.000
13  0  2  1   56   25   15   72    7    0    1    1    0    0    0  1  2  0  0.453 0.000
13  0  2  1   57   27   17   37    7    0    1    0    0    0    0  3  3  1  0.481 0.000
13  0  2  1   58   18   18   60    7    0    1    1    1    1    0  2  4  1  1.640 0.000
13  0  2  1   59   17   17   28    7    0    1    0    1    1    0  4  1  0  1.154 0.000
13  0  2  1   60   34   14   41    7    0    0    0    0    1    1  3  3  1  1.338 0.000
13  0  2  1   61   21   11   23    7    0    0    0    0    0    0  3  1  1  1.182 0.000
13  0  2  1   62   26   16    5    7    0    1    1    0    0    0  1  3  1  1.243 0.000
13  0  2  1   63    9   19   22    7    0    1    0    1    0    1  4  1  1  0.980 0.000
13  0  2  1   64   11   11   26    7    0    0    0    1    1    0  4  4  1  1.673 0.000
13  0  2  1   65   33   13   11    7    0    0    0    0    1    1  3  2  1  1.408 0.000
13  0  2  1   66   12   12   59    7    0    0    0    1    1    0  4  4  1  0.995 0.000
13  0  2  1   67   10   10    5    7    0    0    0    1    1    0  4  1  0  1.055 0.000
13  0  2  1   68   30   10   71    7    0    0    0    0    1    1  3  3  1  1.291 0.000
13  0  2  1   69    0   10   30    7    0    0    0    1    0    1  4  1  1  0.882 0.000
13  0  2  1   70   16   16   34    7    0    1    1    1    1    0  2  4  1  0.954 0.000
13  0  2  1   71    2   12   77    7    0    0    1    1    0    1  1  1  1  0.711 0.000
13  0  2  1   72   32   12   35    7    0    0    1    0    1    1  2  3  1  0.918 0.000
13  0  2  1   73    1   11   27    7    0    0    1    1    0    1  1  1  1  1.541 0.000
13  0  2  1   74   20   10   45    7    0    0    1    0    0    0  1  3  1  0.849 0.000
13  0  2  1   75    4   14   47    7    0    0    1    1    0    1  1  1  1  1.411 0.000
13  0  2  1   76   29   19   29    7    0    1    0    0    0    0  3  3  1  0.614 0.000
13  0  2  1   77   36   16   54    7    0    1    1    0    1    1  2  2  1  1.073 0.000
13  0  2  1   78   31   11   56    7    0    0    1    0    1    1  2  3  1  0.920 0.000
13  0  2  1   79    3   13   28    7    0    0    1    1    0    1  1  1  1  1.030 0.000
13  0  2  1   80   19   19   63    7    0    1    0    1    1    0  4  4  1  0.769 0.000
13  0  2  1   81   13   13   41    7    0    0    0    1    1    0  4  1  0  0.926 0.000
13  0  2  1   82   23   13   11    7    0    0    0    0    0    0  3  3  1  0.950 0.000
13  0  2  1   83    6   16   68    7    0    1    1    1    0    1  1  1  1  1.387 0.000
13  0  2  1   84    7   17   58    7    0    1    0    1    0    1  4  4  1  1.030 0.000
13  0  2  1   85   39   19    1    7    0    1    1    0    1    1  2  2  1  1.217 0.000
13  0  2  1   86   37   17   66    7    0    1    0    0    1    1  3  3  1  0.707 0.000
13  0  2  1   87   28   18   75    7    0    1    1    0    0    0  1  1  1  0.897 0.000
13  0  2  1   88   24   14    8    7    0    0    1    0    0    0  1  3  1  0.777 0.000
13  0  2  1   89    5   15   75    7    0    1    0    1    0    1  4  1  1  1.261 0.000
13  0  2  1   90   35   15   43    7    0    1    1    0    1    1  2  4  0  1.062 0.000
13  0  2  1   91   15   15   69    7    0    1    0    1    1    0  4  2  1  1.186 0.000
13  0  2  1   92   22   12   16    7    0    0    0    0    0    0  3  3  1  0.597 0.000
13  0  1  2   93    2   22   67    4    1    0    0    1    0    1  4  4  1  1.235 0.000
13  0  1  2   94   37   27   77    0    2    1    1    0    1    1  2  2  1  1.208 0.000
13  0  1  2   95    4   24   10    3    1    0    1    1    0    1  1  1  1  0.854 0.000
13  0  1  2   96   35   25   50    2    1    1    0    0    1    1  3  3  1  0.762 0.000
13  0  1  2   97   31   21   67    1    1    0    0    0    1    1  3  3  1  2.602 0.000
13  0  1  2   98   21   21   57    0    1    0    0    0    0    0  3  3  1  0.665 0.000
13  0  1  2   99   23   23   71    3    1    0    0    0    0    0  3  3  1  0.604 0.000
13  0  1  2  100   13   23   43    2    1    0    0    1    1    0  4  4  1  1.250 0.000
13  0  1  2  101   32   22   22    0    1    0    0    0    1    1  3  3  1  0.583 0.000
13  0  1  2  102   29   29   59    1    2    1    1    0    0    0  1  1  1  1.934 0.000
13  0  1  2  103   38   28   53    2    2    1    0    0    1    1  3  3  1  0.862 0.000
13  0  1  2  104    7   27   25    3    2    1    1    1    0    1  1  1  1  0.939 0.000
13  0  1  2  105    8   28    7    0    2    1    0    1    0    1  4  4  1  0.964 0.000
13  0  1  2  106   12   22   12    2    1    0    0    1    1    0  4  4  1  0.860 0.000
13  0  1  2  107    1   21   56    1    1    0    0    1    0    1  4  4  1  0.728 0.000
13  0  1  2  108   11   21   55    0    1    0    0    1    1    0  4  4  1  0.673 0.000
13  0  1  2  109   28   28   39    4    2    1    1    0    0    0  1  1  1  0.717 0.000
13  0  1  2  110   22   22   47    2    1    0    1    0    0    0  1  1  1  0.639 0.000
13  0  1  2  111    5   25   76    3    1    1    0    1    0    1  4  4  1  0.715 0.000
13  0  1  2  112   18   28   37    0    2    1    1    1    1    0  2  2  1  1.189 0.000
13  0  1  2  113   33   23   47    1    1    0    1    0    1    1  2  2  1  1.212 0.000
13  0  1  2  114   10   20   33    2    2    0    1    1    1    0  2  2  1  1.346 0.000
13  0  1  2  115   39   29    0    4    2    1    0    0    1    1  3  3  1  2.258 0.000
13  0  1  2  116   15   25   77    3    1    1    1    1    1    0  2  2  1  1.735 0.000
13  0  1  2  117   20   20   25    2    2    0    1    0    0    0  1  1  1  1.824 0.000
13  0  1  2  118   36   26    7    1    2    1    0    0    1    1  3  3  1  2.061 0.000
13  0  1  2  119   19   29   17    0    2    1    1    1    1    0  2  2  1  2.713 0.000
13  0  1  2  120   24   24   38    3    1    0    1    0    0    0  1  1  1  2.476 0.000
13  0  1  2  121   14   24   27    4    1    0    1    1    1    0  2  2  1  2.567 0.000
13  0  1  2  122   27   27   69    2    2    1    0    0    0    0  3  3  1  1.486 0.000
13  0  1  2  123   26   26   49    0    2    1    1    0    0    0  1  1  1  1.001 0.000
13  0  1  2  124   30   20   65    4    2    0    1    0    1    1  2  2  1  0.855 0.000
13  0  1  2  125   16   26   64    1    0    1    0    1    1    0  4  3  0  1.131 0.000
13  0  1  2  126    6   26   11    3    2    1    1    1    0    1  1  1  1  1.237 0.000
13  0  1  2  127    9   29   52    2    2    1    0    1    0    1  4  4  1  0.754 0.000
13  0  1  2  128   25   25    6    4    1    1    1    0    0    0  1  1  1  0.889 0.000
13  0  1  2  129    0   20    5    3    2    0    1    1    0    1  1  1  1  2.172 0.000
13  0  1  2  130   34   24    6    2    1    0    1    0    1    1  2  2  1  3.012 0.000
13  0  1  2  131   17   27   73    1    2    1    0    1    1    0  4  4  1  0.970 0.000
13  0  1  2  132    3   23   79    3    1    0    0    1    0    1  4  4  1  0.577 0.000
13  0  2  2  133    2   32   40    7    0    0    0    1    0    1  4  4  1  1.177 0.000
13  0  2  2  134   38   38   38    7    0    1    1    0    1    1  2  2  1  1.301 0.000
13  0  2  2  135   15   35    1    7    0    1    0    1    1    0  4  4  1  1.243 0.000
13  0  2  2  136   21   31   30    7    0    0    0    0    0    0  3  1  1  1.165 0.000
13  0  2  2  137   23   33   26    7    0    0    0    0    0    0  3  1  1  1.202 0.000
13  0  2  2  138   24   34    2    7    0    0    0    0    0    0  3  3  1  1.013 0.000
13  0  2  2  139   32   32   15    7    0    0    0    0    1    1  3  3  1  1.383 0.000
13  0  2  2  140   11   31   72    7    0    0    0    1    1    0  4  2  1  1.443 0.000
13  0  2  2  141   12   32   39    7    0    0    0    1    1    0  4  4  1  1.285 0.000
13  0  2  2  142   29   39   20    7    0    1    1    0    0    0  1  1  1  1.012 0.000
13  0  2  2  143   36   36   24    7    0    1    0    0    1    1  3  3  1  0.686 0.000
13  0  2  2  144    0   30   14    7    0    0    0    1    0    1  4  1  1  1.990 0.000
13  0  2  2  145   16   36   50    7    0    1    1    1    1    0  2  4  1  0.953 0.000
13  0  2  2  146   19   39   78    7    0    1    0    1    1    0  4  2  1  1.727 0.000
13  0  2  2  147    1   31   59    7    0    0    0    1    0    1  4  4  1  1.292 0.000
13  0  2  2  148   37   37   23    7    0    1    1    0    1    1  2  1  0  1.388 0.000
13  0  2  2  149   35   35   19    7    0    1    0    0    1    1  3  3  1  1.315 0.000
13  0  2  2  150    4   34   41    7    0    0    0    1    0    1  4  1  1  1.042 0.000
13  0  2  2  151   31   31    3    7    0    0    0    0    1    1  3  3  1  0.994 0.000
13  0  2  2  152    8   38   61    7    0    1    1    1    0    1  1  1  1  0.998 0.000
13  0  2  2  153    6   36   50    7    0    1    0    1    0    1  4  4  1  1.130 0.000
13  0  2  2  154    9   39   55    7    0    1    1    1    0    1  1  1  1  1.032 0.000
13  0  2  2  155   30   30   76    7    0    0    1    0    1    1  2  3  1  0.841 0.000
13  0  2  2  156    5   35   49    7    0    1    0    1    0    1  4  1  1  2.107 0.000
13  0  2  2  157   39   39   48    7    0    1    1    0    1    1  2  3  1  0.986 0.000
13  0  2  2  158   27   37   27    7    0    1    0    0    0    0  3  1  1  2.182 0.000
13  0  2  2  159   14   34   18    7    0    0    0    1    1    0  4  2  1  2.145 0.000
13  0  2  2  160   34   34   33    7    0    0    0    0    1    1  3  3  1  2.039 0.000
13  0  2  2  161   17   37   25    7    0    1    1    1    1    0  2  4  1  1.185 0.000
13  0  2  2  162   33   33   75    7    0    0    1    0    1    1  2  2  1  1.836 0.000
13  0  2  2  163    7   37   20    7    0    1    0    1    0    1  4  4  1  1.013 0.000
13  0  2  2  164   25   35   12    7    0    1    1    0    0    0  1  1  1  1.800 0.000
13  0  2  2  165   10   30   15    7    0    0    1    1    1    0  2  2  1  2.331 0.000
13  0  2  2  166   26   36   14    7    0    1    0    0    0    0  3  3  1  1.017 0.000
13  0  2  2  167   13   33   42    7    0    0    0    1    1    0  4  4  1  0.795 0.000
13  0  2  2  168   28   38   18    7    0    1    1    0    0    0  1  1  1  2.175 0.000
13  0  2  2  169   18   38   57    7    0    1    0    1    1    0  4  4  1  0.731 0.000
13  0  2  2  170    3   33   64    7    0    0    0    1    0    1  4  1  1  1.145 0.000
13  0  2  2  171   22   32   43    7    0    0    0    0    0    0  3  3  1  1.078 0.000
13  0  2  2  172   20   30   21    7    0    0    0    0    0    0  3  1  1  1.262 0.000
13  0  1  3  173   33   43    9    1    1    0    0    0    1    1  3  3  1  1.232 0.000
13  0  1  3  174   26   46   33    2    2    1    1    0    0    0  1  1  1  1.229 0.000
13  0  1  3  175    2   42   73    4    1    0    1    1    0    1  1  1  1  1.179 0.000
13  0  1  3  176   35   45   26    1    1    1    0    0    1    1  3  3  1  0.699 0.000
13  0  1  3  177   30   40   37    0    2    0    0    0    1    1  3  3  1  0.638 0.000
13  0  1  3  178   31   41   42    2    1    0    0    0    1    1  3  3  1  0.530 0.000
13  0  1  3  179   13   43   45    4    1    0    0    1    1    0  4  4  1  0.827 0.000
13  0  1  3  180   36   46    5    0    2    1    1    0    1    1  2  2  1  1.585 0.000
13  0  1  3  181    7   47   43    3    2    1    0    1    0    1  4  4  1  0.768 0.000
13  0  1  3  182   34   44   16    4    1    0    0    0    1    1  3  3  1  0.927 0.000
13  0  1  3  183    1   41   44    1    1    0    0    1    0    1  4  4  1  0.848 0.000
13  0  1  3  184   17   47   29    3    2    1    1    1    1    0  2  2  1  1.165 0.000
13  0  1  3  185    9   49   32    4    2    1    0    1    0    1  4  4  1  0.934 0.000
13  0  1  3  186   39   49   28    2    2    1    1    0    1    1  2  2  1  1.670 0.000
13  0  1  3  187    8   48   12    3    2    1    0    1    0    1  4  4  1  1.138 0.000
13  0  1  3  188   12   42   71    0    1    0    0    1    1    0  4  4  1  0.691 0.000
13  0  1  3  189   27   47   73    2    2    1    1    0    0    0  1  1  1  2.261 0.000
13  0  1  3  190   32   42   55    4    1    0    1    0    1    1  2  2  1  1.065 0.000
13  0  1  3  191   21   41    4    3    1    0    1    0    0    0  1  1  1  1.557 0.000
13  0  1  3  192   37   47   27    1    2    1    0    0    1    1  3  3  1  1.830 0.000
13  0  1  3  193   25   45   32    4    1    1    1    0    0    0  1  1  1  1.915 0.000
13  0  1  3  194   18   48   30    2    2    1    0    1    1    0  4  4  1  1.053 0.000
13  0  1  3  195   10   40   74    0    2    0    0    1    1    0  4  4  1  0.713 0.000
13  0  1  3  196   19   49    4    1    2    1    1    1    1    0  2  2  1  1.628 0.000
13  0  1  3  197   20   40    9    2    2    0    1    0    0    0  1  1  1  1.001 0.000
13  0  1  3  198   14   44    8    0    1    0    1    1    1    0  2  2  1  1.215 0.000
13  0  1  3  199   15   45   70    1    1    1    0    1    1    0  4  4  1  0.741 0.000
13  0  1  3  200   28   48   79    2    2    1    1    0    0    0  1  1  1  0.581 0.000
13  0  1  3  201    0   40   35    3    2    0    1    1    0    1  1  1  1  1.341 0.000
13  0  1  3  202    6   46    1    0    2    1    0    1    0    1  4  4  1  0.766 0.000
13  0  1  3  203   38   48   51    2    2    1    1    0    1    1  2  2  1  1.366 0.000
13  0  1  3  204    5   45   54    4    1    1    0    1    0    1  4  4  1  0.861 0.000
13  0  1  3  205   23   43   55    1    1    0    0    0    0    0  3  3  1  0.890 0.000
13  0  1  3  206   11   41   44    2    1    0    0    1    1    0  4  4  1  0.613 0.000
13  0  1  3  207   29   49   65    0    2    1    1    0    0    0  1  1  1  1.243 0.000
13  0  1  3  208   24   44   74    3    1    0    1    0    0    0  1  1  1  1.214 0.000
13  0  1  3  209   16   46   20    4    2    1    0    1    1    0  4  4  1  0.717 0.000
13  0  1  3  210   22   42   31    0    1    0    0    0    0    0  3  3  1  0.622 0.000
13  0  1  3  211    4   44   57    2    1    0    0    1    0    1  4  4  1  0.860 0.000
13  0  1  3  212    3   43    9    4    1    0    0    1    0    1  4  4  1  0.679 0.000
13  0  2  3  213   17   57   32    7    0    1    1    1    1    0  2  4  1  0.971 0.000
13  0  2  3  214   33   53   20    7    0    0    1    0    1    1  2  2  1  0.895 0.000
13  0  2  3  215   25   55   15    7    0    1    0    0    0    0  3  3  1  0.870 0.000
13  0  2  3  216   28   58   28    7    0    1    1    0    0    0  1  3  1  0.806 0.000
13  0  2  3  217   18   58    3    7    0    1    0    1    1    0  4  2  1  1.233 0.000
13  0  2  3  218   20   50   64    7    0    0    0    0    0    0  3  1  1  1.171 0.000
13  0  2  3  219    9   59    0    7    0    1    1    1    0    1  1  1  1  1.599 0.000
13  0  2  3  220   14   54   47    7    0    0    1    1    1    0  2  4  1  1.098 0.000
13  0  2  3  221   35   55   32    7    0    1    0    0    1    1  3  3  1  1.402 0.000
13  0  2  3  222    7   57   21    7    0    1    1    1    0    1  1  1  1  1.109 0.000
13  0  2  3  223    0   50   78    7    0    0    1    1    0    1  1  4  1  1.012 0.000
13  0  2  3  224    8   58   17    7    0    1    0    1    0    1  4  1  1  1.286 0.000
13  0  2  3  225   39   59   13    7    0    1    1    0    1    1  2  3  1  1.101 0.000
13  0  2  3  226    5   55   38    7    0    1    0    1    0    1  4  4  1  0.828 0.000
13  0  2  3  227   30   50    8    7    0    0    0    0    1    1  3  2  1  1.303 0.000
13  0  2  3  228   11   51    9    7    0    0    0    1    1    0  4  2  1  0.822 0.000
13  0  2  3  229    1   51   31    7    0    0    0    1    0    1  4  4  1  0.783 0.000
13  0  2  3  230   32   52   72    7    0    0    0    0    1    1  3  2  1  0.795 0.000
13  0  2  3  231   10   50    7    7    0    0    0    1    1    0  4  4  1  0.950 0.000
13  0  2  3  232   29   59   41    7    0    1    1    0    0    0  1  1  1  0.875 0.000
13  0  2  3  233   21   51   24    7    0    0    1    0    0    0  1  3  1  0.723 0.000
13  0  2  3  234   15   55    2    7    0    1    0    1    1    0  4  1  0  1.977 0.000
13  0  2  3  235   31   51   34    7    0    0    0    0    1    1  3  3  1  1.089 0.000
13  0  2  3  236   26   56   77    7    0    1    1    0    0    0  1  1  1  1.728 0.000
13  0  2  3  237   24   54    7    7    0    0    1    0    0    0  1  3  1  1.886 0.000
13  0  2  3  238    2   52    8    7    0    0    1    1    0    1  1  1  1  2.662 0.000
13  0  2  3  239   13   53   11    7    0    0    1    1    1    0  2  4  1  2.079 0.000
13  0  2  3  240   22   52   78    7    0    0    1    0    0    0  1  1  1  1.070 0.000
13  0  2  3  241   37   57   68    7    0    1    0    0    1    1  3  3  1  1.726 0.000
13  0  2  3  242   34   54   40    7    0    0    0    0    1    1  3  3  1  1.637 0.000
13  0  2  3  243    6   56   23    7    0    1    1    1    0    1  1  1  1  1.127 0.000
13  0  2  3  244   23   53   56    7    0    0    1    0    0    0  1  1  1  1.908 0.000
13  0  2  3  245   38   58   60    7    0    1    0    0    1    1  3  3  1  1.275 0.000
13  0  2  3  246    4   54    6    7    0    0    0    1    0    1  4  4  1  0.835 0.000
13  0  2  3  247   12   52   13    7    0    0    0    1    1    0  4  2  1  1.069 0.000
13  0  2  3  248   27   57   53    7    0    1    1    0    0    0  1  1  1  1.060 0.000
13  0  2  3  249   19   59   75    7    0    1    0    1    1    0  4  4  1  0.605 0.000
13  0  2  3  250    3   53   71    7    0    0    0    1    0    1  4  1  1  1.736 0.000
13  0  2  3  251   16   56   56    7    0    1    1    1    1    0  2  4  1  0.982 0.000
13  0  2  3  252   36   56    4    7    0    1    0    0    1    1  3  2  1  1.033 0.000
13  0  1  4  253   39   69   64    0    2    1    1    0    1    1  2  2  1  0.741 0.000
13  0  1  4  254   26   66   10    1    2    1    0    0    0    0  3  3  1  0.789 0.000
13  0  1  4  255   12   62   23    4    1    0    0    1    1    0  4  4  1  0.956 0.000
13  0  1  4  256    5   65   24    0    1    1    1    1    0    1  1  1  1  1.709 0.000
13  0  1  4  257   14   64   51    1    1    0    1    1    1    0  2  2  1  1.103 0.000
13  0  1  4  258   28   68    3    3    2    1    0    0    0    0  3  3  1  0.625 0.000
13  0  1  4  259    8   68   45    4    2    1    1    1    0    1  1  1  1  1.278 0.000
13  0  1  4  260   38   68   12    1    2    1    0    0    1    1  3  3  1  0.514 0.000
13  0  1  4  261   34   64   18    0    1    0    0    0    1    1  3  3  1  0.620 0.000
13  0  1  4  262   31   61   69    2    0    0    0    0    1    1  3  2  0  1.089 0.000
13  0  1  4  263    6   66   60    1    0    1    1    1    0    1  1  2  0  1.668 0.000
13  0  1  4  264    7   67   26    3    2    1    0    1    0    1  4  4  1  1.200 0.000
13  0  1  4  265   11   61   79    4    1    0    0    1    1    0  4  4  1  0.918 0.000
13  0  1  4  266   35   65   59    1    1    1    1    0    1    1  2  2  1  1.463 0.000
13  0  1  4  267   29   69   35    2    2    1    0    0    0    0  3  3  1  1.011 0.000
13  0  1  4  268   19   69   53    4    2    1    1    1    1    0  2  2  1  1.386 0.000
13  0  1  4  269   17   67   49    1    2    1    0    1    1    0  4  4  1  1.169 0.000
13  0  1  4  270    3   63   15    0    1    0    0    1    0    1  4  4  1  0.767 0.000
13  0  1  4  271   18   68   76    4    2    1    1    1    1    0  2  2  1  0.911 0.000
13  0  1  4  272   36   66   44    1    2    1    0    0    1    1  3  3  1  1.073 0.000
13  0  1  4  273   23   63   34    0    1    0    0    0    0    0  3  3  1  1.516 0.000
13  0  1  4  274    9   69   29    3    2    1    1    1    0    1  1  1  1  1.078 0.000
13  0  1  4  275   22   62    0    2    1    0    1    0    0    0  1  1  1  1.194 0.000
13  0  1  4  276   37   67   21    0    2    1    0    0    1    1  3  3  1  0.833 0.000
13  0  1  4  277    2   62   62    3    1    0    0    1    0    1  4  4  1  1.341 0.000
13  0  1  4  278   13   63   52    2    1    0    0    1    1    0  4  4  1  0.710 0.000
13  0  1  4  279   10   60   14    4    2    0    0    1    1    0  4  4  1  0.641 0.000
13  0  1  4  280    0   60   48    0    2    0    0    1    0    1  4  4  1  0.646 0.000
13  0  1  4  281    1   61    4    2    0    0    0    1    0    1  4  3  0  0.634 0.000
13  0  1  4  282   20   60   54    1    2    0    0    0    0    0  3  3  1  0.671 0.000
13  0  1  4  283   25   65   50    3    1    1    1    0    0    0  1  1  1  0.690 0.000
13  0  1  4  284   32   62   70    0    1    0    1    0    1    1  2  2  1  1.269 0.000
13  0  1  4  285   15   65   67    4    1    1    0    1    1    0  4  4  1  0.752 0.000
13  0  1  4  286   24   64   62    2    1    0    0    0    0    0  3  3  1  0.593 0.000
13  0  1  4  287   21   61   13    0    1    0    0    0    0    0  3  3  1  0.672 0.000
13  0  1  4  288    4   64   70    4    1    0    0    1    0    1  4  4  1  0.723 0.000
13  0  1  4  289   33   63   17    1    1    0    0    0    1    1  3  3  1  1.292 0.000
13  0  1  4  290   27   67   17    0    2    1    1    0    0    0  1  1  1  1.327 0.000
13  0  1  4  291   16   66   19    4    2    1    0    1    1    0  4  4  1  0.633 0.000
13  0  1  4  292   30   60   30    3    2    0    0    0    1    1  3  3  1  0.686 0.000
13  0  2  4  293    0   70   34    7    0    0    0    1    0    1  4  4  1  0.912 0.000
13  0  2  4  294    8   78   46    7    0    1    1    1    0    1  1  1  1  1.039 0.000
13  0  2  4  295   39   79   49    7    0    1    0    0    1    1  3  3  1  0.745 0.000
13  0  2  4  296   10   70   54    7    0    0    0    1    1    0  4  2  1  1.182 0.000
13  0  2  4  297   15   75   31    7    0    1    1    1    1    0  2  4  1  0.648 0.000
13  0  2  4  298   13   73    6    7    0    0    1    1    1    0  2  2  1  0.922 0.000
13  0  2  4  299   24   74   52    7    0    0    1    0    0    0  1  3  1  1.096 0.000
13  0  2  4  300   21   71   58    7    0    0    1    0    0    0  1  3  1  1.184 0.000
13  0  2  4  301   30   70   58    7    0    0    1    0    1    1  2  2  1  0.627 0.000
13  0  2  4  302   17   77   21    7    0    1    0    1    1    0  4  2  1  1.005 0.000
13  0  2  4  303   19   79   58    7    0    1    1    1    1    0  2  4  1  0.968 0.000
13  0  2  4  304    2   72   18    7    0    0    1    1    0    1  1  1  1  1.084 0.000
13  0  2  4  305   25   75   40    7    0    1    0    0    0    0  3  3  1  1.100 0.000
13  0  2  4  306   28   78   46    7    0    1    1    0    0    0  1  3  1  0.770 0.000
13  0  2  4  307   27   77   48    7    0    1    0    0    0    0  3  3  1  0.926 0.000
13  0  2  4  308   12   72   62    7    0    0    0    1    1    0  4  2  1  1.372 0.000
13  0  2  4  309   37   77   57    7    0    1    1    0    1    1  2  2  1  1.001 0.000
13  0  2  4  310   31   71   46    7    0    0    1    0    1    1  2  3  1  0.955 0.000
13  0  2  4  311   20   70   66    7    0    0    1    0    0    0  1  1  1  0.672 0.000
13  0  2  4  312   26   76   63    7    0    1    0    0    0    0  3  1  1  0.736 0.000
13  0  2  4  313    3   73   51    7    0    0    0    1    0    1  4  4  1  1.021 0.000
13  0  2  4  314   22   72    1    7    0    0    0    0    0    0  3  1  1  0.832 0.000
13  0  2  4  315    1   71   72    7    0    0    0    1    0    1  4  4  1  1.057 0.000
13  0  2  4  316   38   78   61    7    0    1    1    0    1    1  2  2  1  1.882 0.000
13  0  2  4  317    4   74   65    7    0    0    1    1    0    1  1  4  1  1.379 0.000
13  0  2  4  318   35   75   45    7    0    1    0    0    1    1  3  3  1  0.942 0.000
13  0  2  4  319   11   71   40    7    0    0    0    1    1    0  4  2  1  1.676 0.000
13  0  2  4  320   32   72   25    7    0    0    0    0    1    1  3  3  1  0.884 0.000
13  0  2  4  321   14   74   48    7    0    0    0    1    1    0  4  2  1  1.020 0.000
13  0  2  4  322   36   76    2    7    0    1    1    0    1    1  2  2  1  0.838 0.000
13  0  2  4  323    9   79   74    7    0    1    0    1    0    1  4  4  1  0.711 0.000
13  0  2  4  324    5   75   36    7    0    1    1    1    0    1  1  1  1  1.126 0.000
13  0  2  4  325   18   78   16    7    0    1    0    1    1    0  4  4  1  1.004 0.000
13  0  2  4  326   34   74   63    7    0    0    0    0    1    1  3  2  1  1.303 0.000
13  0  2  4  327   23   73   22    7    0    0    0    0    0    0  3  3  1  1.005 0.000
13  0  2  4  328   33   73   36    7    0    0    0    0    1    1  3  2  1  1.096 0.000
13  0  2  4  329    6   76   37    7    0    1    1    1    0    1  1  4  1  0.880 0.000
13  0  2  4  330   29   79   76    7    0    1    0    0    0    0  3  1  1  1.464 0.000
13  0  2  4  331   16   76   10    7    0    1    1    1    1    0  2  4  1  0.984 0.000
13  0  2  4  332    7   77   13    7    0    1    0    1    0    1  4  1  1  0.852 0.000
