17  0  0  0    1    0   -1   78    2    0    0    1    0    1    1  4  4  1  0.945 0.000
17  0  0  0    2    0   -1   78    3    0    1    0    1    0    1  2  1  0  1.342 0.000
17  0  0  0    3    0   -1   78    0    0    1    1    1    0    1  3  3  1  0.702 0.000
17  0  0  0    4    0   -1   78    1    0    1    0    0    1    1  1  1  1  0.638 0.000
17  0  0  0    5    0   -1   78    3    0    1    1    1    1    0  4  4  1  0.793 0.000
17  0  0  0    6    0   -1   78    0    0    0    1    0    0    0  3  3  1  0.804 0.000
17  0  0  0    7    0   -1   78    4    0    0    1    0    0    0  3  3  1  0.535 0.000
17  0  0  0    8    0   -1   78    1    0    0    1    1    0    1  3  3  1  0.588 0.000
17  0  0  0    9    0   -1   78    2    0    1    0    1    0    1  2  2  1  0.744 0.000
17  0  0  0   10    0   -1   78    0    0    0    0    1    1    0  2  2  1  0.494 0.000
17  0  0  0   11    0   -1   78    1    0    1    1    0    0    0  3  3  1  0.622 0.000
17  0  0  0   12    0   -1   78    4    0    0    1    1    1    0  4  4  1  0.527 0.000
17  0  1  1   13   34    4   26    0    0    0    1    0    1    1  4  3  0  0.635 0.000
17  0  1  1   14   38    8   61    1    0    1    0    0    1    1  1  2  0  0.561 0.000
17  0  1  1   15   31    1   35    3    0    0    0    0    1    1  1  2  0  0.720 0.000
17  0  1  1   16   32    2   63    4    0    0    0    0    1    1  1  2  0  0.681 0.000
17  0  1  1   17   13    3    4    0    1    0    0    1    1    0  2  2  1  0.533 0.000
17  0  1  1   18   11    1   59    1    1    0    0    1    1    0  2  2  1  0.559 0.000
17  0  1  1   19   10    0   28    3    2    0    0    1    1    0  2  2  1  0.518 0.000
17  0  1  1   20   33    3   14    2    1    0    0    0    1    1  1  1  1  0.759 0.000
17  0  1  1   21   25    5   16    4    0    1    1    0    0    0  3  4  0  0.591 0.000
17  0  1  1   22   29    9   50    0    0    1    0    0    0    0  1  2  0  0.559 0.000
17  0  1  1   23    6    6   28    2    2    1    1    1    0    1  3  3  1  1.022 0.000
17  0  1  1   24   19    9   66    4    2    1    0    1    1    0  2  2  1  0.443 0.000
17  0  1  1   25    1    1   19    1    0    0    0    1    0    1  2  1  0  0.713 0.000
17  0  1  1   26   12    2   42    2    1    0    0    1    1    0  2  2  1  0.748 0.000
17  0  1  1   27   15    5   44    3    1    1    1    1    1    0  4  4  1  0.995 0.000
17  0  1  1   28   27    7    2    1    0    1    0    0    0    0  1  2  0  1.018 0.000
17  0  1  1   29    9    9   48    0    0    1    1    1    0    1  3  1  0  1.151 0.000
17  0  1  1   30   36    6    2    2    2    1    0    0    1    1  1  1  1  0.784 0.000
17  0  1  1   31   21    1   58    3    1    0    0    0    0    0  1  1  1  0.822 0.000
17  0  1  1   32   22    2   33    4    1    0    0    0    0    0  1  1  1  0.939 0.000
17  0  1  1   33    0    0   23    1    0    0    0    1    0    1  2  1  0  0.780 0.000
17  0  1  1   34   18    8   50    3    2    1    1    1    1    0  4  4  1  1.164 0.000
17  0  1  1   35   24    4   37    2    1    0    1    0    0    0  3  3  1  0.668 0.000
17  0  1  1   36   37    7   47    4    2    1    0    0    1    1  1  1  1  0.767 0.000
17  0  1  1   37   28    8   52    0    2    1    1    0    0    0  3  3  1  0.967 0.000
17  0  1  1   38    3    3   63    2    1    0    1    1    0    1  3  3  1  0.966 0.000
17  0  1  1   39   17    7   29    3    2    1    0    1    1    0  2  2  1  0.749 0.000
17  0  1  1   40   14    4   56    0    1    0    0    1    1    0  2  2  1  0.559 0.000
17  0  1  1   41   35    5   16    4    0    1    1    0    1    1  4  3  0  0.990 0.000
17  0  1  1   42    2    2   27    3    0    0    1    1    0    1  3  2  0  0.710 0.000
17  0  1  1   43    5    5   34    0    1    1    0    1    0    1  2  2  1  0.583 0.000
17  0  1  1   44   23    3   51    4    1    0    0    0    0    0  1  1  1  1.054 0.000
17  0  1  1   45   26    6    7    1    2    1    1    0    0    0  3  3  1  1.194 0.000
17  0  1  1   46   20    0   45    3    2    0    1    0    0    0  3  3  1  0.857 0.000
17  0  1  1   47    8    8    5    2    0    1    0    1    0    1  2  3  0  1.021 0.000
17  0  1  1   48   39    9    7    0    2    1    1    0    1    1  4  4  1  0.938 0.000
17  0  1  1   49   30    0   78    1    2    0    1    0    1    1  4  4  1  0.700 0.000
17  0  1  1   50   16    6    5    2    0    1    0    1    1    0  2  4  0  1.238 0.000
17  0  1  1   51    7    7    9    0    2    1    1    1    0    1  3  3  1  1.026 0.000
17  0  1  1   52    4    4   22    1    1    0    1    1    0    1  3  3  1  0.792 0.000
17  0  2  1   53   32   12   28    7    0    0    1    0    1    1  4  4  1  1.600 0.000
17  0  2  1   54    1   11   57    7    0    0    1    1    0    1  3  4  0  0.522 0.000
17  0  2  1   55   16   16   26    7    0    1    0    1    1    0  2  2  1  0.571 0.000
17  0  2  1   56    0   10   72    7    0    0    0    1    0    1  2  3  1  1.048 0.000
17  0  2  1   57    5   15   78    7    0    1    1    1    0    1  3  2  1  0.658 0.000
17  0  2  1   58   37   17   18    7    0    1    0    0    1    1  1  2  0  0.410 0.000
17  0  2  1   59    6   16   33    7    0    1    1    1    0    1  3  1  0  0.351 0.000
17  0  2  1   60    8   18   70    7    0    1    0    1    0    1  2  3  1  0.392 0.000
17  0  2  1   61   26   16   28    7    0    1    1    0    0    0  3  4  0  0.692 0.000
17  0  2  1   62   35   15   48    7    0    1    0    0    1    1  1  4  1  0.910 0.000
17  0  2  1   63   13   13   62    7    0    0    0    1    1    0  2  2  1  0.581 0.000
17  0  2  1   64    7   17    8    7    0    1    1    1    0    1  3  2  1  0.529 0.000
17  0  2  1   65   27   17   10    7    0    1    0    0    0    0  1  2  0  0.607 0.000
17  0  2  1   66    4   14   14    7    0    0    0    1    0    1  2  2  1  0.573 0.000
17  0  2  1   67   25   15   25    7    0    1    1    0    0    0  3  2  0  0.674 0.000
17  0  2  1   68    9   19   17    7    0    1    0    1    0    1  2  2  1  0.652 0.000
17  0  2  1   69   15   15    7    7    0    1    1    1    1    0  4  2  1  0.525 0.000
17  0  2  1   70   33   13   57    7    0    0    1    0    1    1  4  2  0  0.540 0.000
17  0  2  1   71   34   14    9    7    0    0    1    0    1    1  4  2  0  0.828 0.000
17  0  2  1   72   17   17   75    7    0    1    0    1    1    0  2  2  1  0.577 0.000
17  0  2  1   73   20   10   39    7    0    0    0    0    0    0  1  3  1  0.870 0.000
17  0  2  1   74   19   19   57    7    0    1    1    1    1    0  4  2  1  0.734 0.000
17  0  2  1   75   12   12    6    7    0    0    1    1    1    0  4  2  1  0.595 0.000
17  0  2  1   76   30   10    6    7    0    0    1    0    1    1  4  3  0  0.975 0.000
17  0  2  1   77    2   12   77    7    0    0    1    1    0    1  3  2  1  0.686 0.000
17  0  2  1   78   38   18   79    7    0    1    0    0    1    1  1  4  1  0.781 0.000
17  0  2  1   79   29   19   46    7    0    1    1    0    0    0  3  3  1  0.890 0.000
17  0  2  1   80   11   11   35    7    0    0    1    1    1    0  4  2  1  0.745 0.000
17  0  2  1   81   23   13   66    7    0    0    1    0    0    0  3  3  1  0.750 0.000
17  0  2  1   82   14   14   25    7    0    0    1    1    1    0  4  2  1  0.747 0.000
17  0  2  1   83   36   16   34    7    0    1    0    0    1    1  1  1  1  1.072 0.000
17  0  2  1   84   39   19   22    7    0    1    1    0    1    1  4  2  0  0.681 0.000
17  0  2  1   85   28   18   24    7    0    1    0    0    0    0  1  2  0  0.636 0.000
17  0  2  1   86   10   10   31    7    0    0    0    1    1    0  2  2  1  0.608 0.000
17  0  2  1   87   24   14   32    7    0    0    0    0    0    0  1  3  1  0.859 0.000
17  0  2  1   88   31   11   42    7    0    0    0    0    1    1  1  4  1  1.268 0.000
17  0  2  1   89   21   11    9    7    0    0    0    0    0    0  1  3  1  0.957 0.000
17  0  2  1   90   18   18   30    7    0    1    1    1    1    0  4  2  1  0.585 0.000
17  0  2  1   91   22   12   75    7    0    0    1    0    0    0  3  3  1  0.972 0.000
17  0  2  1   92    3   13   31    7    0    0    1    1    0    1  3  3  1  1.441 0.000
17  0  1  2   93   19   29    8    3    2    1    0    1    1    0  2  2  1  0.847 0.000
17  0  1  2   94   34   24   15    2    0    0    0    0    1    1  1  3  0  0.948 0.000
17  0  1  2   95   38   28   17    0    2    1    1    0    1    1  4  4  1  0.972 0.000
17  0  1  2   96    7   27   43    4    2    1    0    1    0    1  2  2  1  0.580 0.000
17  0  1  2   97    5   25   54    3    1    1    1    1    0    1  3  3  1  0.739 0.000
17  0  1  2   98   17   27   34    1    2    1    0    1    1    0  2  2  1  0.548 0.000
17  0  1  2   99   11   21   13    2    1    0    0    1    1    0  2  2  1  0.549 0.000
17  0  1  2  100   28   28   56    0    2    1    1    0    0    0  3  3  1  0.781 0.000
17  0  1  2  101   24   24   20    3    1    0    1    0    0    0  3  3  1  0.749 0.000
17  0  1  2  102    3   23   30    2    1    0    1    1    0    1  3  3  1  0.694 0.000
17  0  1  2  103    4   24   59    4    1    0    1    1    0    1  3  3  1  0.969 0.000
17  0  1  2  104   39   29    5    3    2    1    0    0    1    1  1  1  1  0.672 0.000
17  0  1  2  105   36   26    4    1    0    1    1    0    1    1  4  3  0  0.723 0.000
17  0  1  2  106   25   25   23    2    1    1    0    0    0    0  1  1  1  0.645 0.000
17  0  1  2  107   22   22   18    0    1    0    0    0    0    0  1  1  1  0.554 0.000
17  0  1  2  108    2   22   73    1    0    0    0    1    0    1  2  1  0  0.721 0.000
17  0  1  2  109   30   20   71    2    2    0    0    0    1    1  1  1  1  1.019 0.000
17  0  1  2  110   27   27    4    3    0    1    1    0    0    0  3  4  0  0.769 0.000
17  0  1  2  111   21   21   44    4    1    0    1    0    0    0  3  3  1  0.752 0.000
17  0  1  2  112    0   20   65    1    2    0    1    1    0    1  3  3  1  0.520 0.000
17  0  1  2  113   23   23   38    0    1    0    1    0    0    0  3  3  1  0.689 0.000
17  0  1  2  114    9   29   36    2    2    1    0    1    0    1  2  2  1  1.044 0.000
17  0  1  2  115   18   28   72    4    2    1    1    1    1    0  4  4  1  0.697 0.000
17  0  1  2  116   20   20   41    3    2    0    1    0    0    0  3  3  1  0.619 0.000
17  0  1  2  117   33   23   77    0    1    0    1    0    1    1  4  4  1  0.841 0.000
17  0  1  2  118   16   26   79    1    2    1    0    1    1    0  2  2  1  0.542 0.000
17  0  1  2  119   31   21   49    3    1    0    0    0    1    1  1  1  1  1.095 0.000
17  0  1  2  120   26   26   59    4    2    1    1    0    0    0  3  3  1  0.825 0.000
17  0  1  2  121    1   21   69    0    1    0    1    1    0    1  3  3  1  0.671 0.000
17  0  1  2  122   29   29   31    2    2    1    0    0    0    0  1  1  1  0.970 0.000
17  0  1  2  123   32   22   62    3    1    0    0    0    1    1  1  1  1  0.738 0.000
17  0  1  2  124   35   25    1    0    0    1    1    0    1    1  4  3  0  0.898 0.000
17  0  1  2  125   12   22   23    4    0    0    1    1    1    0  4  3  0  0.893 0.000
17  0  1  2  126   37   27   68    1    2    1    0    0    1    1  1  1  1  0.584 0.000
17  0  1  2  127    6   26   42    0    2    1    1    1    0    1  3  3  1  0.751 0.000
17  0  1  2  128   10   20   21    3    2    0    1    1    1    0  4  4  1  0.582 0.000
17  0  1  2  129   15   25   37    1    1    1    0    1    1    0  2  2  1  0.630 0.000
17  0  1  2  130    8   28   66    0    2    1    1    1    0    1  3  3  1  0.996 0.000
17  0  1  2  131   14   24   17    3    1    0    1    1    1    0  4  4  1  1.003 0.000
17  0  1  2  132   13   23   65    4    1    0    1    1    1    0  4  4  1  0.648 0.000
17  0  2  2  133   33   33    0    7    0    0    1    0    1    1  4  4  1  0.989 0.000
17  0  2  2  134    4   34   11    7    0    0    1    1    0    1  3  2  1  0.801 0.000
17  0  2  2  135   27   37    6    7    0    1    0    0    0    0  1  2  0  1.036 0.000
17  0  2  2  136    3   33   51    7    0    0    0    1    0    1  2  2  1  0.736 0.000
17  0  2  2  137   20   30   79    7    0    0    0    0    0    0  1  3  1  1.005 0.000
17  0  2  2  138   16   36   71    7    0    1    1    1    1    0  4  2  1  0.912 0.000
17  0  2  2  139   29   39   54    7    0    1    0    0    0    0  1  3  1  1.423 0.000
17  0  2  2  140   15   35   39    7    0    1    1    1    1    0  4  2  1  0.833 0.000
17  0  2  2  141   13   33   32    7    0    0    1    1    1    0  4  2  1  0.683 0.000
17  0  2  2  142    6   36   24    7    0    1    0    1    0    1  2  2  1  1.011 0.000
17  0  2  2  143    8   38   68    7    0    1    1    1    0    1  3  2  1  0.622 0.000
17  0  2  2  144   10   30   20    7    0    0    1    1    1    0  4  4  1  0.888 0.000
17  0  2  2  145    0   30   60    7    0    0    1    1    0    1  3  2  1  0.798 0.000
17  0  2  2  146   17   37   36    7    0    1    0    1    1    0  2  2  1  0.522 0.000
17  0  2  2  147   19   39    2    7    0    1    1    1    1    0  4  2  1  0.552 0.000
17  0  2  2  148    9   39   75    7    0    1    0    1    0    1  2  2  1  0.485 0.000
17  0  2  2  149   21   31   34    7    0    0    0    0    0    0  1  2  0  0.620 0.000
17  0  2  2  150   32   32   55    7    0    0    0    0    1    1  1  4  1  1.074 0.000
17  0  2  2  151   23   33   30    7    0    0    0    0    0    0  1  4  0  1.098 0.000
17  0  2  2  152   31   31   43    7    0    0    0    0    1    1  1  2  0  1.085 0.000
17  0  2  2  153    1   31   46    7    0    0    0    1    0    1  2  2  1  0.607 0.000
17  0  2  2  154    2   32    1    7    0    0    0    1    0    1  2  2  1  0.842 0.000
17  0  2  2  155   28   38   73    7    0    1    1    0    0    0  3  3  1  1.132 0.000
17  0  2  2  156   37   37   52    7    0    1    0    0    1    1  1  4  1  1.546 0.000
17  0  2  2  157   11   31   11    7    0    0    0    1    1    0  2  2  1  0.816 0.000
17  0  2  2  158    5   35   45    7    0    1    1    1    0    1  3  2  1  0.730 0.000
17  0  2  2  159   24   34   78    7    0    0    1    0    0    0  3  3  1  0.760 0.000
17  0  2  2  160   35   35   69    7    0    1    0    0    1    1  1  1  1  0.693 0.000
17  0  2  2  161   12   32   12    7    0    0    0    1    1    0  2  1  0  1.300 0.000
17  0  2  2  162   18   38   69    7    0    1    1    1    1    0  4  2  1  0.654 0.000
17  0  2  2  163   30   30   20    7    0    0    1    0    1    1  4  4  1  0.743 0.000
17  0  2  2  164   39   39   59    7    0    1    0    0    1    1  1  3  0  1.068 0.000
17  0  2  2  165   22   32   60    7    0    0    0    0    0    0  1  3  1  0.920 0.000
17  0  2  2  166   25   35   67    7    0    1    1    0    0    0  3  4  0  1.165 0.000
17  0  2  2  167   14   34   54    7    0    0    1    1    1    0  4  2  1  0.710 0.000
17  0  2  2  168    7   37    2    7    0    1    0    1    0    1  2  2  1  0.708 0.000
17  0  2  2  169   26   36    1    7    0    1    1    0    0    0  3  3  1  1.267 0.000
17  0  2  2  170   34   34   39    7    0    0    1    0    1    1  4  4  1  0.739 0.000
17  0  2  2  171   38   38   41    7    0    1    0    0    1    1  1  4  1  0.872 0.000
17  0  2  2  172   36   36   27    7    0    1    1    0    1    1  4  4  1  0.696 0.000
17  0  1  3  173   20   40   48    0    2    0    1    0    0    0  3  3  1  0.651 0.000
17  0  1  3  174   33   43   65    2    0    0    1    0    1    1  4  3  0  0.887 0.000
17  0  1  3  175    9   49   29    3    2    1    0    1    0    1  2  2  1  0.546 0.000
17  0  1  3  176   16   46   18    0    2    1    1    1    1    0  4  4  1  0.594 0.000
17  0  1  3  177   30   40   64    1    2    0    1    0    1    1  4  4  1  1.129 0.000
17  0  1  3  178   18   48   64    4    2    1    0    1    1    0  2  2  1  0.499 0.000
17  0  1  3  179   29   49   36    3    2    1    1    0    0    0  3  3  1  1.254 0.000
17  0  1  3  180   32   42   72    2    1    0    1    0    1    1  4  4  1  0.729 0.000
17  0  1  3  181    3   43   39    0    1    0    1    1    0    1  3  3  1  1.043 0.000
17  0  1  3  182   12   42   53    1    1    0    1    1    1    0  4  4  1  0.600 0.000
17  0  1  3  183   21   41   19    3    1    0    1    0    0    0  3  3  1  0.862 0.000
17  0  1  3  184   39   49   36    2    2    1    0    0    1    1  1  1  1  0.753 0.000
17  0  1  3  185   28   48   62    4    2    1    1    0    0    0  3  3  1  0.650 0.000
17  0  1  3  186    2   42   74    0    1    0    1    1    0    1  3  3  1  0.910 0.000
17  0  1  3  187   17   47   74    3    2    1    0    1    1    0  2  2  1  0.536 0.000
17  0  1  3  188    4   44   40    1    1    0    0    1    0    1  2  2  1  0.672 0.000
17  0  1  3  189   38   48   54    0    2    1    1    0    1    1  4  4  1  0.748 0.000
17  0  1  3  190   11   41   46    4    0    0    1    1    1    0  4  3  0  0.757 0.000
17  0  1  3  191   19   49   14    2    0    1    0    1    1    0  2  4  0  0.797 0.000
17  0  1  3  192   31   41   25    3    1    0    0    0    1    1  1  1  1  0.683 0.000
17  0  1  3  193    5   45   71    0    1    1    1    1    0    1  3  3  1  1.494 0.000
17  0  1  3  194    1   41   50    1    1    0    1    1    0    1  3  3  1  1.002 0.000
17  0  1  3  195   10   40   51    2    0    0    1    1    1    0  4  3  0  1.431 0.000
17  0  1  3  196    8   48   38    3    2    1    0    1    0    1  2  2  1  0.573 0.000
17  0  1  3  197   36   46   66    1    2    1    1    0    1    1  4  4  1  0.660 0.000
17  0  1  3  198   24   44   47    4    1    0    1    0    0    0  3  3  1  0.696 0.000
17  0  1  3  199   14   44   19    2    0    0    1    1    1    0  4  3  0  1.611 0.000
17  0  1  3  200   15   45    9    1    1    1    0    1    1    0  2  2  1  0.545 0.000
17  0  1  3  201   37   47   11    4    2    1    1    0    1    1  4  4  1  0.642 0.000
17  0  1  3  202   34   44   19    2    1    0    1    0    1    1  4  4  1  0.575 0.000
17  0  1  3  203   22   42   42    3    1    0    1    0    0    0  3  3  1  0.790 0.000
17  0  1  3  204    0   40   67    1    2    0    1    1    0    1  3  3  1  0.733 0.000
17  0  1  3  205    6   46   44    2    0    1    0    1    0    1  2  1  0  1.046 0.000
17  0  1  3  206   35   45   67    4    1    1    1    0    1    1  4  4  1  0.715 0.000
17  0  1  3  207   27   47   13    3    2    1    0    0    0    0  1  1  1  0.732 0.000
17  0  1  3  208    7   47   12    2    2    1    1    1    0    1  3  3  1  0.798 0.000
17  0  1  3  209   13   43   43    1    1    0    1    1    1    0  4  4  1  0.829 0.000
17  0  1  3  210   23   43   35    0    1    0    1    0    0    0  3  3  1  0.626 0.000
17  0  1  3  211   25   45   65    3    1    1    0    0    0    0  1  1  1  0.648 0.000
17  0  1  3  212   26   46   17    1    0    1    1    0    0    0  3  4  0  0.540 0.000
17  0  2  3  213   18   58   41    7    0    1    0    1    1    0  2  2  1  0.726 0.000
17  0  2  3  214   15   55   70    7    0    1    1    1    1    0  4  2  1  0.651 0.000
17  0  2  3  215   39   59   75    7    0    1    0    0    1    1  1  4  1  0.508 0.000
17  0  2  3  216    6   56   53    7    0    1    1    1    0    1  3  1  0  0.586 0.000
17  0  2  3  217    8   58   37    7    0    1    0    1    0    1  2  2  1  0.769 0.000
17  0  2  3  218   23   53   40    7    0    0    0    0    0    0  1  2  0  0.773 0.000
17  0  2  3  219   27   57   76    7    0    1    1    0    0    0  3  3  1  1.365 0.000
17  0  2  3  220   24   54   14    7    0    0    1    0    0    0  3  3  1  1.177 0.000
17  0  2  3  221    3   53   15    7    0    0    1    1    0    1  3  2  1  1.173 0.000
17  0  2  3  222   22   52   53    7    0    0    1    0    0    0  3  3  1  1.138 0.000
17  0  2  3  223    2   52   56    7    0    0    1    1    0    1  3  2  1  0.831 0.000
17  0  2  3  224    7   57   64    7    0    1    0    1    0    1  2  2  1  0.673 0.000
17  0  2  3  225   26   56   57    7    0    1    1    0    0    0  3  1  1  0.945 0.000
17  0  2  3  226   20   50   71    7    0    0    1    0    0    0  3  3  1  0.911 0.000
17  0  2  3  227    9   59   62    7    0    1    0    1    0    1  2  2  1  0.894 0.000
17  0  2  3  228   14   54   76    7    0    0    0    1    1    0  2  4  1  0.685 0.000
17  0  2  3  229   16   56   22    7    0    1    1    1    1    0  4  2  1  0.652 0.000
17  0  2  3  230   37   57   44    7    0    1    0    0    1    1  1  4  1  1.093 0.000
17  0  2  3  231   31   51   32    7    0    0    0    0    1    1  1  4  1  1.372 0.000
17  0  2  3  232   19   59   45    7    0    1    1    1    1    0  4  2  1  0.881 0.000
17  0  2  3  233    4   54   26    7    0    0    1    1    0    1  3  2  1  1.400 0.000
17  0  2  3  234   17   57   55    7    0    1    0    1    1    0  2  2  1  0.683 0.000
17  0  2  3  235   12   52   38    7    0    0    0    1    1    0  2  2  1  0.459 0.000
17  0  2  3  236   36   56   50    7    0    1    1    0    1    1  4  3  0  1.332 0.000
17  0  2  3  237   10   50    0    7    0    0    1    1    1    0  4  2  1  0.661 0.000
17  0  2  3  238    1   51   16    7    0    0    1    1    0    1  3  2  1  0.797 0.000
17  0  2  3  239   11   51   73    7    0    0    1    1    1    0  4  4  1  0.857 0.000
17  0  2  3  240   35   55   23    7    0    1    0    0    1    1  1  4  1  1.154 0.000
17  0  2  3  241   25   55    5    7    0    1    1    0    0    0  3  3  1  0.863 0.000
17  0  2  3  242   33   53   21    7    0    0    1    0    1    1  4  4  1  0.895 0.000
17  0  2  3  243   30   50   73    7    0    0    1    0    1    1  4  1  1  0.983 0.000
17  0  2  3  244   34   54   56    7    0    0    1    0    1    1  4  1  1  1.339 0.000
17  0  2  3  245   21   51   68    7    0    0    1    0    0    0  3  1  1  0.689 0.000
17  0  2  3  246   29   59   61    7    0    1    0    0    0    0  1  1  1  0.759 0.000
17  0  2  3  247   38   58   70    7    0    1    1    0    1    1  4  1  1  0.668 0.000
17  0  2  3  248    5   55   47    7    0    1    0    1    0    1  2  2  1  0.556 0.000
17  0  2  3  249   28   58   72    7    0    1    1    0    0    0  3  1  1  0.769 0.000
17  0  2  3  250    0   50   49    7    0    0    1    1    0    1  3  2  1  0.654 0.000
17  0  2  3  251   32   52   13    7    0    0    1    0    1    1  4  4  1  1.094 0.000
17  0  2  3  252   13   53   16    7    0    0    1    1    1    0  4  4  1  0.701 0.000
17  0  1  4  253   36   66   24    3    2    1    0    0    1    1  1  1  1  0.576 0.000
17  0  1  4  254   31   61    8    4    1    0    0    0    1    1  1  1  1  0.816 0.000
17  0  1  4  255   28   68   64    0    0    1    1    0    0    0  3  4  0  0.798 0.000
17  0  1  4  256   30   60   10    2    2    0    1    0    1    1  4  4  1  0.676 0.000
17  0  1  4  257   39   69   38    3    2    1    0    0    1    1  1  1  1  0.696 0.000
17  0  1  4  258   21   61   43    4    1    0    0    0    0    0  1  1  1  0.643 0.000
17  0  1  4  259    0   60    0    2    2    0    0    1    0    1  2  2  1  1.240 0.000
17  0  1  4  260   12   62   67    1    1    0    0    1    1    0  2  2  1  0.972 0.000
17  0  1  4  261   34   64   46    3    1    0    0    0    1    1  1  1  1  0.716 0.000
17  0  1  4  262   13   63   52    4    1    0    0    1    1    0  2  2  1  0.526 0.000
17  0  1  4  263   19   69   61    1    2    1    1    1    1    0  4  4  1  0.624 0.000
17  0  1  4  264   17   67   15    0    2    1    0    1    1    0  2  2  1  0.693 0.000
17  0  1  4  265   23   63   26    3    1    0    0    0    0    0  1  1  1  0.799 0.000
17  0  1  4  266   29   69   77    4    2    1    1    0    0    0  3  3  1  0.686 0.000
17  0  1  4  267   24   64   69    0    1    0    1    0    0    0  3  3  1  0.633 0.000
17  0  1  4  268   20   60    0    3    2    0    1    0    0    0  3  3  1  0.782 0.000
17  0  1  4  269    3   63   52    4    1    0    1    1    0    1  3  3  1  1.413 0.000
17  0  1  4  270   38   68   60    1    0    1    0    0    1    1  1  2  0  1.075 0.000
17  0  1  4  271   18   68   48    0    2    1    1    1    1    0  4  4  1  1.311 0.000
17  0  1  4  272   14   64   40    4    1    0    1    1    1    0  4  4  1  0.600 0.000
17  0  1  4  273    2   62    4    3    1    0    1    1    0    1  3  3  1  0.679 0.000
17  0  1  4  274   26   66    3    0    2    1    0    0    0    0  1  1  1  0.666 0.000
17  0  1  4  275   25   65   63    4    1    1    1    0    0    0  3  3  1  0.854 0.000
17  0  1  4  276   15   65   68    3    1    1    0    1    1    0  2  2  1  0.577 0.000
17  0  1  4  277   16   66   49    2    2    1    1    1    1    0  4  4  1  0.713 0.000
17  0  1  4  278    9   69    3    4    2    1    0    1    0    1  2  2  1  0.603 0.000
17  0  1  4  279    6   66   10    1    2    1    1    1    0    1  3  3  1  0.738 0.000
17  0  1  4  280   35   65   45    2    1    1    0    0    1    1  1  1  1  0.898 0.000
17  0  1  4  281    7   67   55    4    2    1    1    1    0    1  3  3  1  0.605 0.000
17  0  1  4  282   27   67   21    1    2    1    0    0    0    0  1  1  1  0.915 0.000
17  0  1  4  283    1   61   41    3    1    0    0    1    0    1  2  2  1  0.765 0.000
17  0  1  4  284   32   62   76    0    1    0    0    0    1    1  1  1  1  0.805 0.000
17  0  1  4  285   10   60   33    4    2    0    0    1    1    0  2  2  1  0.515 0.000
17  0  1  4  286    4   64   35    3    1    0    0    1    0    1  2  2  1  0.637 0.000
17  0  1  4  287   33   63   33    2    1    0    0    0    1    1  1  1  1  0.762 0.000
17  0  1  4  288    5   65   25    1    1    1    1    1    0    1  3  3  1  0.851 0.000
17  0  1  4  289   22   62   22    0    0    0    1    0    0    0  3  4  0  0.926 0.000
17  0  1  4  290   11   61   77    4    1    0    1    1    1    0  4  4  1  1.088 0.000
17  0  1  4  291   37   67   31    1    2    1    0    0    1    1  1  1  1  0.627 0.000
17  0  1  4  292    8   68    6    0    2    1    1    1    0    1  3  3  1  0.632 0.000
17  0  2  4  293    4   74    7    7    0    0    1    1    0    1  3  2  1  1.109 0.000
17  0  2  4  294    8   78   21    7    0    1    0    1    0    1  2  2  1  0.756 0.000
17  0  2  4  295   38   78   51    7    0    1    1    0    1    1  4  1  1  0.577 0.000
17  0  2  4  296   10   70   47    7    0    0    1    1    1    0  4  2  1  0.541 0.000
17  0  2  4  297   16   76   10    7    0    1    0    1    1    0  2  4  1  0.698 0.000
17  0  2  4  298   33   73   58    7    0    0    0    0    1    1  1  4  1  0.594 0.000
17  0  2  4  299   19   79   78    7    0    1    1    1    1    0  4  4  1  0.661 0.000
17  0  2  4  300   28   78   74    7    0    1    0    0    0    0  1  3  1  0.678 0.000
17  0  2  4  301   27   77   11    7    0    1    1    0    0    0  3  3  1  0.758 0.000
17  0  2  4  302   29   79   49    7    0    1    0    0    0    0  1  3  1  0.618 0.000
17  0  2  4  303   21   71   55    7    0    0    0    0    0    0  1  3  1  0.661 0.000
17  0  2  4  304   37   77   37    7    0    1    1    0    1    1  4  1  1  0.902 0.000
17  0  2  4  305    2   72   32    7    0    0    1    1    0    1  3  2  1  1.077 0.000
17  0  2  4  306   20   70   29    7    0    0    1    0    0    0  3  3  1  0.652 0.000
17  0  2  4  307   31   71   74    7    0    0    1    0    1    1  4  2  0  0.781 0.000
17  0  2  4  308   25   75    8    7    0    1    0    0    0    0  1  1  1  0.613 0.000
17  0  2  4  309    5   75   20    7    0    1    1    1    0    1  3  2  1  0.712 0.000
17  0  2  4  310   18   78   24    7    0    1    0    1    1    0  2  2  1  1.046 0.000
17  0  2  4  311    1   71   79    7    0    0    0    1    0    1  2  4  0  0.767 0.000
17  0  2  4  312   13   73   58    7    0    0    0    1    1    0  2  2  1  1.359 0.000
17  0  2  4  313   11   71    1    7    0    0    0    1    1    0  2  2  1  0.692 0.000
17  0  2  4  314   14   74   63    7    0    0    0    1    1    0  2  4  1  0.699 0.000
17  0  2  4  315   32   72   30    7    0    0    0    0    1    1  1  4  1  0.994 0.000
17  0  2  4  316   34   74   29    7    0    0    0    0    1    1  1  4  1  0.894 0.000
17  0  2  4  317   15   75    3    7    0    1    1    1    1    0  4  2  1  0.853 0.000
17  0  2  4  318    9   79   76    7    0    1    0    1    0    1  2  2  1  0.694 0.000
17  0  2  4  319    7   77   61    7    0    1    1    1    0    1  3  2  1  1.133 0.000
17  0  2  4  320   17   77   60    7    0    1    0    1    1    0  2  2  1  0.627 0.000
17  0  2  4  321   24   74   12    7    0    0    0    0    0    0  1  2  0  0.957 0.000
17  0  2  4  322   23   73   27    7    0    0    0    0    0    0  1  3  1  0.917 0.000
17  0  2  4  323   12   72   27    7    0    0    0    1    1    0  2  4  1  0.700 0.000
17  0  2  4  324    0   70   18    7    0    0    0    1    0    1  2  2  1  0.929 0.000
17  0  2  4  325   30   70    3    7    0    0    0    0    1    1  1  4  1  0.608 0.000
17  0  2  4  326   26   76   15    7    0    1    1    0    0    0  3  3  1  1.067 0.000
17  0  2  4  327   35   75   53    7    0    1    0    0    1    1  1  4  1  0.779 0.000
17  0  2  4  328    6   76   58    7    0    1    1    1    0    1  3  2  1  0.646 0.000
17  0  2  4  329   36   76   12    7    0    1    0    0    1    1  1  1  1  0.720 0.000
17  0  2  4  330   39   79   40    7    0    1    1    0    1    1  4  1  1  0.990 0.000
17  0  2  4  331   22   72   70    7    0    0    1    0    0    0  3  3  1  0.866 0.000
17  0  2  4  332    3   73   13    7    0    0    1    1    0    1  3  3  1  1.163 0.000
