34  1  0  0    1    0   -1   79    2    0    0    1    1    0    1  3  1  0  2.537 0.000
34  1  0  0    2    0   -1   79    2    0    0    1    0    1    1  4  4  1  1.906 0.000
34  1  0  0    3    0   -1   79    4    0    1    0    1    1    0  2  2  1  2.105 0.000
34  1  0  0    4    0   -1   79    1    0    1    1    0    0    0  3  4  0  1.664 0.000
34  1  0  0    5    0   -1   79    2    0    0    1    1    0    1  3  2  0  3.099 0.000
34  1  0  0    6    0   -1   79    0    0    1    0    1    0    1  2  1  0  2.494 0.000
34  1  0  0    7    0   -1   79    1    0    0    0    1    0    1  2  2  1  0.938 0.000
34  1  0  0    8    0   -1   79    2    0    1    1    1    0    1  3  2  0  0.686 0.000
34  1  0  0    9    0   -1   79    0    0    1    0    0    0    0  1  1  1  1.001 0.000
34  1  0  0   10    0   -1   79    4    0    0    0    1    1    0  2  2  1  1.132 0.000
34  1  0  0   11    0   -1   79    1    0    0    0    1    0    1  2  2  1  1.426 0.000
34  1  0  0   12    0   -1   79    0    0    0    0    0    0    0  1  2  0  2.924 0.000
34  1  1  1   13   27    7   73    2    0    1    1    0    0    0  3  1  0  1.162 0.000
34  1  1  1   14   33    3   33    3    2    0    1    0    1    1  4  4  1  1.914 0.000
34  1  1  1   15   38    8   36    1    0    1    0    0    1    1  1  2  0  3.677 0.000
34  1  1  1   16   13    3   75    4    2    0    0    1    1    0  2  2  1  1.784 0.000
34  1  1  1   17   23    3   22    3    2    0    0    0    0    0  1  1  1  2.295 0.000
34  1  1  1   18    1    1   54    2    0    0    0    1    0    1  2  1  0  0.315 0.000
34  1  1  1   19   24    4   58    1    2    0    0    0    0    0  1  1  1  1.836 0.000
34  1  1  1   20   19    9   68    4    1    1    1    1    1    0  4  4  1  1.913 0.000
34  1  1  1   21    2    2   25    2    0    0    1    1    0    1  3  2  0  1.548 0.000
34  1  1  1   22   29    9   23    3    1    1    0    0    0    0  1  1  1  1.819 0.000
34  1  1  1   23    6    6   20    1    0    1    1    1    0    1  3  4  0  3.049 0.000
34  1  1  1   24   36    6   72    0    0    1    0    0    1    1  1  2  0  3.534 0.000
34  1  1  1   25   26    6    4    3    1    1    1    0    0    0  3  3  1  3.174 0.000
34  1  1  1   26   10    0    5    1    1    0    1    1    1    0  4  4  1  0.854 0.000
34  1  1  1   27   21    1   71    4    2    0    1    0    0    0  3  3  1  0.754 0.000
34  1  1  1   28   39    9   46    0    1    1    0    0    1    1  1  1  1  1.003 0.000
34  1  1  1   29   22    2   70    1    2    0    0    0    0    0  1  1  1  1.896 0.000
34  1  1  1   30   32    2   45    4    2    0    0    0    1    1  1  1  1  0.940 0.000
34  1  1  1   31   28    8   62    3    1    1    1    0    0    0  3  3  1  0.748 0.000
34  1  1  1   32   35    5   28    0    2    1    0    0    1    1  1  1  1  2.788 0.000
34  1  1  1   33   31    1   74    1    2    0    0    0    1    1  1  1  1  1.003 0.000
34  1  1  1   34   15    5   37    4    2    1    1    1    1    0  4  4  1  1.289 0.000
34  1  1  1   35   25    5    2    0    2    1    0    0    0    0  1  1  1  2.075 0.000
34  1  1  1   36    7    7   22    3    1    1    1    1    0    1  3  3  1  0.863 0.000
34  1  1  1   37   30    0   40    2    0    0    1    0    1    1  4  1  0  2.355 0.000
34  1  1  1   38   12    2   21    0    2    0    1    1    1    0  4  4  1  0.796 0.000
34  1  1  1   39   20    0   69    1    1    0    1    0    0    0  3  3  1  1.026 0.000
34  1  1  1   40   16    6    0    4    1    1    0    1    1    0  2  2  1  2.176 0.000
34  1  1  1   41    8    8   43    2    1    1    1    1    0    1  3  3  1  1.464 0.000
34  1  1  1   42    9    9   31    0    0    1    0    1    0    1  2  1  0  2.371 0.000
34  1  1  1   43   34    4   24    1    2    0    0    0    1    1  1  1  1  3.963 0.000
34  1  1  1   44   14    4   28    2    2    0    0    1    1    0  2  2  1  2.091 0.000
34  1  1  1   45   37    7   44    0    1    1    1    0    1    1  4  4  1  0.902 0.000
34  1  1  1   46    0    0   66    3    1    0    1    1    0    1  3  3  1  2.424 0.000
34  1  1  1   47   11    1   56    2    2    0    1    1    1    0  4  4  1  1.295 0.000
34  1  1  1   48    5    5   52    4    0    1    0    1    0    1  2  1  0  1.577 0.000
34  1  1  1   49   17    7   23    0    1    1    1    1    1    0  4  4  1  1.535 0.000
34  1  1  1   50    4    4   36    1    2    0    1    1    0    1  3  3  1  0.752 0.000
34  1  1  1   51    3    3   46    2    2    0    1    1    0    1  3  3  1  1.665 0.000
34  1  1  1   52   18    8   38    3    1    1    0    1    1    0  2  2  1  1.636 0.000
34  1  2  1   53   29   19   10    7    0    1    1    0    0    0  3  1  1  2.930 0.000
34  1  2  1   54   32   12    9    7    0    0    1    0    1    1  4  1  1  2.352 0.000
34  1  2  1   55   37   17   78    7    0    1    0    0    1    1  1  1  1  2.500 0.000
34  1  2  1   56   17   17   71    7    0    1    1    1    1    0  4  2  1  1.763 0.000
34  1  2  1   57    2   12   10    7    0    0    1    1    0    1  3  2  1  2.976 0.000
34  1  2  1   58   25   15   24    7    0    1    0    0    0    0  1  1  1  2.180 0.000
34  1  2  1   59    6   16   45    7    0    1    1    1    0    1  3  2  1  1.240 0.000
34  1  2  1   60   33   13   43    7    0    0    1    0    1    1  4  2  0  2.506 0.000
34  1  2  1   61    4   14   47    7    0    0    1    1    0    1  3  2  1  0.948 0.000
34  1  2  1   62   36   16   55    7    0    1    0    0    1    1  1  1  1  0.841 0.000
34  1  2  1   63    5   15   77    7    0    1    1    1    0    1  3  2  1  1.818 0.000
34  1  2  1   64   31   11   51    7    0    0    1    0    1    1  4  1  1  1.213 0.000
34  1  2  1   65    7   17    2    7    0    1    0    1    0    1  2  2  1  1.336 0.000
34  1  2  1   66   18   18   10    7    0    1    1    1    1    0  4  2  1  0.988 0.000
34  1  2  1   67   22   12   38    7    0    0    1    0    0    0  3  1  1  1.488 0.000
34  1  2  1   68   27   17   63    7    0    1    0    0    0    0  1  1  1  0.712 0.000
34  1  2  1   69   11   11   49    7    0    0    0    1    1    0  2  2  1  0.823 0.000
34  1  2  1   70   13   13   27    7    0    0    0    1    1    0  2  2  1  0.984 0.000
34  1  2  1   71    3   13   64    7    0    0    0    1    0    1  2  2  1  0.756 0.000
34  1  2  1   72   30   10   14    7    0    0    0    0    1    1  1  1  1  0.800 0.000
34  1  2  1   73   24   14   79    7    0    0    0    0    0    0  1  1  1  0.939 0.000
34  1  2  1   74   12   12   64    7    0    0    0    1    1    0  2  2  1  0.977 0.000
34  1  2  1   75   10   10   52    7    0    0    0    1    1    0  2  2  1  2.148 0.000
34  1  2  1   76   34   14   60    7    0    0    0    0    1    1  1  2  0  0.810 0.000
34  1  2  1   77   39   19   38    7    0    1    1    0    1    1  4  2  0  0.960 0.000
34  1  2  1   78   38   18   19    7    0    1    0    0    1    1  1  1  1  1.265 0.000
34  1  2  1   79   21   11   55    7    0    0    0    0    0    0  1  1  1  0.961 0.000
34  1  2  1   80   15   15   14    7    0    1    1    1    1    0  4  2  1  1.286 0.000
34  1  2  1   81   20   10   28    7    0    0    1    0    0    0  3  1  1  0.749 0.000
34  1  2  1   82   19   19   20    7    0    1    0    1    1    0  2  2  1  0.835 0.000
34  1  2  1   83   28   18   77    7    0    1    1    0    0    0  3  1  1  0.819 0.000
34  1  2  1   84    9   19   24    7    0    1    0    1    0    1  2  2  1  0.950 0.000
34  1  2  1   85    8   18   27    7    0    1    1    1    0    1  3  2  1  0.731 0.000
34  1  2  1   86   23   13    9    7    0    0    1    0    0    0  3  1  1  0.865 0.000
34  1  2  1   87    1   11   26    7    0    0    1    1    0    1  3  2  1  1.049 0.000
34  1  2  1   88   35   15   29    7    0    1    0    0    1    1  1  1  1  1.035 0.000
34  1  2  1   89   14   14   46    7    0    0    0    1    1    0  2  2  1  0.756 0.000
34  1  2  1   90   16   16    9    7    0    1    1    1    1    0  4  2  1  0.697 0.000
34  1  2  1   91    0   10   12    7    0    0    1    1    0    1  3  2  1  0.625 0.000
34  1  2  1   92   26   16   51    7    0    1    0    0    0    0  1  1  1  1.466 0.000
34  1  1  2   93   12   22   25    4    0    0    0    1    1    0  2  1  0  1.404 0.000
34  1  1  2   94   34   24   11    3    2    0    0    0    1    1  1  1  1  1.113 0.000
34  1  1  2   95   39   29    5    1    1    1    1    0    1    1  4  4  1  0.939 0.000
34  1  1  2   96   25   25   61    0    2    1    0    0    0    0  1  1  1  2.644 0.000
34  1  1  2   97   35   25   37    3    2    1    1    0    1    1  4  4  1  0.714 0.000
34  1  1  2   98   36   26   23    4    1    1    0    0    1    1  1  1  1  1.795 0.000
34  1  1  2   99   16   26   33    1    1    1    1    1    1    0  4  4  1  0.610 0.000
34  1  1  2  100   11   21   18    2    2    0    1    1    1    0  4  4  1  0.800 0.000
34  1  1  2  101   31   21   77    3    2    0    1    0    1    1  4  4  1  0.678 0.000
34  1  1  2  102   26   26   65    1    1    1    0    0    0    0  1  1  1  1.209 0.000
34  1  1  2  103   17   27   32    2    1    1    1    1    1    0  4  4  1  0.656 0.000
34  1  1  2  104   33   23   62    0    2    0    1    0    1    1  4  4  1  2.580 0.000
34  1  1  2  105   14   24   59    3    2    0    1    1    1    0  4  4  1  0.787 0.000
34  1  1  2  106    2   22   74    1    0    0    1    1    0    1  3  4  0  1.386 0.000
34  1  1  2  107   22   22   39    0    2    0    1    0    0    0  3  3  1  0.817 0.000
34  1  1  2  108   37   27   48    3    1    1    0    0    1    1  1  1  1  0.766 0.000
34  1  1  2  109    6   26   38    2    0    1    1    1    0    1  3  2  0  1.589 0.000
34  1  1  2  110   20   20   48    1    1    0    1    0    0    0  3  3  1  1.292 0.000
34  1  1  2  111    4   24    6    0    2    0    1    1    0    1  3  3  1  0.743 0.000
34  1  1  2  112   19   29   58    4    1    1    0    1    1    0  2  2  1  1.455 0.000
34  1  1  2  113   23   23    6    3    0    0    0    0    0    0  1  2  0  1.339 0.000
34  1  1  2  114    9   29    9    2    0    1    1    1    0    1  3  4  0  1.836 0.000
34  1  1  2  115   15   25   44    4    2    1    0    1    1    0  2  2  1  1.225 0.000
34  1  1  2  116   32   22   68    3    2    0    0    0    1    1  1  1  1  3.438 0.000
34  1  1  2  117    7   27   72    2    1    1    1    1    0    1  3  3  1  2.843 0.000
34  1  1  2  118   28   28   35    1    1    1    0    0    0    0  1  1  1  1.240 0.000
34  1  1  2  119    3   23   50    0    2    0    0    1    0    1  2  2  1  0.708 0.000
34  1  1  2  120   27   27   29    2    1    1    1    0    0    0  3  3  1  0.687 0.000
34  1  1  2  121   13   23   12    1    2    0    1    1    1    0  4  4  1  0.810 0.000
34  1  1  2  122   30   20   59    4    1    0    1    0    1    1  4  4  1  1.056 0.000
34  1  1  2  123   18   28   36    2    1    1    0    1    1    0  2  2  1  0.819 0.000
34  1  1  2  124   21   21   54    1    2    0    0    0    0    0  1  1  1  1.329 0.000
34  1  1  2  125    0   20   70    4    1    0    0    1    0    1  2  2  1  2.563 0.000
34  1  1  2  126    8   28   35    3    1    1    1    1    0    1  3  3  1  1.642 0.000
34  1  1  2  127   24   24   75    0    2    0    1    0    0    0  3  3  1  0.839 0.000
34  1  1  2  128   38   28   22    4    1    1    0    0    1    1  1  1  1  3.132 0.000
34  1  1  2  129   29   29    8    1    1    1    1    0    0    0  3  3  1  1.949 0.000
34  1  1  2  130    5   25   11    0    2    1    0    1    0    1  2  2  1  1.558 0.000
34  1  1  2  131    1   21    3    3    2    0    0    1    0    1  2  2  1  2.374 0.000
34  1  1  2  132   10   20   39    4    1    0    0    1    1    0  2  2  1  3.037 0.000
34  1  2  2  133   37   37   30    7    0    1    1    0    1    1  4  4  1  2.026 0.000
34  1  2  2  134   32   32   52    7    0    0    1    0    1    1  4  4  1  0.853 0.000
34  1  2  2  135    0   30   14    7    0    0    1    1    0    1  3  3  1  1.102 0.000
34  1  2  2  136    1   31   79    7    0    0    1    1    0    1  3  3  1  0.924 0.000
34  1  2  2  137   22   32   53    7    0    0    1    0    0    0  3  3  1  0.946 0.000
34  1  2  2  138   10   30   35    7    0    0    1    1    1    0  4  4  1  0.743 0.000
34  1  2  2  139   25   35   66    7    0    1    0    0    0    0  1  3  1  1.293 0.000
34  1  2  2  140   21   31    7    7    0    0    0    0    0    0  1  3  1  0.908 0.000
34  1  2  2  141   17   37   69    7    0    1    1    1    1    0  4  4  1  1.323 0.000
34  1  2  2  142    4   34   58    7    0    0    1    1    0    1  3  3  1  1.017 0.000
34  1  2  2  143   23   33   31    7    0    0    1    0    0    0  3  3  1  0.867 0.000
34  1  2  2  144   28   38   64    7    0    1    0    0    0    0  1  3  1  0.716 0.000
34  1  2  2  145   27   37   68    7    0    1    1    0    0    0  3  3  1  0.841 0.000
34  1  2  2  146    6   36   73    7    0    1    0    1    0    1  2  3  1  0.875 0.000
34  1  2  2  147    5   35   44    7    0    1    1    1    0    1  3  3  1  0.971 0.000
34  1  2  2  148   24   34   45    7    0    0    1    0    0    0  3  3  1  0.992 0.000
34  1  2  2  149   18   38   43    7    0    1    0    1    1    0  2  4  1  1.218 0.000
34  1  2  2  150   20   30   60    7    0    0    0    0    0    0  1  4  0  1.013 0.000
34  1  2  2  151   33   33   69    7    0    0    0    0    1    1  1  4  1  0.843 0.000
34  1  2  2  152    8   38   51    7    0    1    1    1    0    1  3  3  1  1.061 0.000
34  1  2  2  153   35   35   34    7    0    1    0    0    1    1  1  4  1  0.917 0.000
34  1  2  2  154   29   39   27    7    0    1    1    0    0    0  3  3  1  0.691 0.000
34  1  2  2  155   14   34   66    7    0    0    1    1    1    0  4  4  1  1.410 0.000
34  1  2  2  156   26   36    0    7    0    1    0    0    0    0  1  3  1  1.661 0.000
34  1  2  2  157    3   33   19    7    0    0    0    1    0    1  2  3  1  1.325 0.000
34  1  2  2  158    2   32   33    7    0    0    0    1    0    1  2  4  0  1.076 0.000
34  1  2  2  159   11   31   24    7    0    0    0    1    1    0  2  4  1  0.783 0.000
34  1  2  2  160    9   39    5    7    0    1    1    1    0    1  3  3  1  0.827 0.000
34  1  2  2  161    7   37   42    7    0    1    0    1    0    1  2  3  1  1.221 0.000
34  1  2  2  162   39   39   41    7    0    1    1    0    1    1  4  4  1  1.287 0.000
34  1  2  2  163   12   32   67    7    0    0    1    1    1    0  4  4  1  0.806 0.000
34  1  2  2  164   34   34   70    7    0    0    1    0    1    1  4  4  1  0.897 0.000
34  1  2  2  165   19   39   72    7    0    1    0    1    1    0  2  4  1  0.945 0.000
34  1  2  2  166   13   33   15    7    0    0    0    1    1    0  2  4  1  0.653 0.000
34  1  2  2  167   15   35   13    7    0    1    1    1    1    0  4  4  1  0.990 0.000
34  1  2  2  168   31   31    2    7    0    0    1    0    1    1  4  4  1  0.914 0.000
34  1  2  2  169   36   36   26    7    0    1    0    0    1    1  1  4  1  0.705 0.000
34  1  2  2  170   38   38    3    7    0    1    1    0    1    1  4  4  1  0.823 0.000
34  1  2  2  171   16   36   22    7    0    1    0    1    1    0  2  4  1  0.961 0.000
34  1  2  2  172   30   30   73    7    0    0    0    0    1    1  1  4  1  0.990 0.000
34  1  1  3  173    2   42   41    3    2    0    0    1    0    1  2  2  1  1.117 0.000
34  1  1  3  174   31   41    8    4    2    0    0    0    1    1  1  1  1  0.887 0.000
34  1  1  3  175    6   46   21    0    1    1    1    1    0    1  3  3  1  0.721 0.000
34  1  1  3  176   36   46   56    3    1    1    0    0    1    1  1  1  1  0.699 0.000
34  1  1  3  177   25   45   26    2    2    1    1    0    0    0  3  3  1  0.629 0.000
34  1  1  3  178   20   40   33    1    1    0    1    0    0    0  3  3  1  1.107 0.000
34  1  1  3  179   24   44   15    4    2    0    1    0    0    0  3  3  1  0.821 0.000
34  1  1  3  180   32   42   49    2    2    0    1    0    1    1  4  4  1  0.931 0.000
34  1  1  3  181   23   43   19    3    2    0    1    0    0    0  3  3  1  1.011 0.000
34  1  1  3  182   15   45   55    4    2    1    0    1    1    0  2  2  1  0.786 0.000
34  1  1  3  183   39   49    4    2    1    1    1    0    1    1  4  4  1  2.865 0.000
34  1  1  3  184   10   40   42    3    1    0    1    1    1    0  4  4  1  1.140 0.000
34  1  1  3  185   28   48   72    1    1    1    0    0    0    0  1  1  1  0.693 0.000
34  1  1  3  186    7   47   67    0    1    1    1    1    0    1  3  3  1  1.616 0.000
34  1  1  3  187   27   47   25    4    1    1    0    0    0    0  1  1  1  1.494 0.000
34  1  1  3  188   26   46    1    1    1    1    1    0    0    0  3  3  1  1.688 0.000
34  1  1  3  189   16   46   78    2    1    1    0    1    1    0  2  2  1  1.659 0.000
34  1  1  3  190   34   44   71    0    2    0    0    0    1    1  1  1  1  1.095 0.000
34  1  1  3  191   29   49   34    4    1    1    1    0    0    0  3  3  1  0.954 0.000
34  1  1  3  192    3   43   75    2    2    0    1    1    0    1  3  3  1  0.746 0.000
34  1  1  3  193   14   44   31    1    2    0    1    1    1    0  4  4  1  3.355 0.000
34  1  1  3  194   33   43    0    4    2    0    1    0    1    1  4  4  1  1.099 0.000
34  1  1  3  195   11   41   29    0    2    0    1    1    1    0  4  4  1  0.909 0.000
34  1  1  3  196    8   48   48    3    1    1    0    1    0    1  2  2  1  0.711 0.000
34  1  1  3  197   30   40   18    1    1    0    0    0    1    1  1  1  1  1.506 0.000
34  1  1  3  198   21   41   59    4    2    0    0    0    0    0  1  1  1  0.956 0.000
34  1  1  3  199    1   41   34    2    2    0    0    1    0    1  2  2  1  1.459 0.000
34  1  1  3  200   18   48   51    1    1    1    1    1    1    0  4  4  1  1.808 0.000
34  1  1  3  201   13   43   77    4    2    0    1    1    1    0  4  4  1  0.982 0.000
34  1  1  3  202   17   47   30    2    1    1    0    1    1    0  2  2  1  2.565 0.000
34  1  1  3  203    9   49    8    3    1    1    1    1    0    1  3  3  1  2.461 0.000
34  1  1  3  204   38   48   53    0    1    1    0    0    1    1  1  1  1  4.058 0.000
34  1  1  3  205    5   45   16    1    2    1    1    1    0    1  3  3  1  1.621 0.000
34  1  1  3  206   19   49   16    2    1    1    0    1    1    0  2  2  1  0.851 0.000
34  1  1  3  207   35   45   61    3    2    1    1    0    1    1  4  4  1  2.663 0.000
34  1  1  3  208    4   44   23    1    2    0    1    1    0    1  3  3  1  1.187 0.000
34  1  1  3  209   22   42   52    2    2    0    1    0    0    0  3  3  1  1.178 0.000
34  1  1  3  210    0   40   55    3    1    0    1    1    0    1  3  3  1  2.585 0.000
34  1  1  3  211   37   47   10    1    1    1    0    0    1    1  1  1  1  1.816 0.000
34  1  1  3  212   12   42   11    2    2    0    0    1    1    0  2  2  1  0.830 0.000
34  1  2  3  213    2   52   32    7    0    0    0    1    0    1  2  2  1  1.292 0.000
34  1  2  3  214   31   51   63    7    0    0    0    0    1    1  1  1  1  0.692 0.000
34  1  2  3  215    6   56    0    7    0    1    1    1    0    1  3  2  1  1.410 0.000
34  1  2  3  216   37   57   17    7    0    1    0    0    1    1  1  1  1  0.629 0.000
34  1  2  3  217   27   57   13    7    0    1    1    0    0    0  3  1  1  1.039 0.000
34  1  2  3  218   10   50   62    7    0    0    1    1    1    0  4  2  1  1.785 0.000
34  1  2  3  219   11   51   19    7    0    0    1    1    1    0  4  2  1  0.787 0.000
34  1  2  3  220    0   50   53    7    0    0    1    1    0    1  3  1  0  0.671 0.000
34  1  2  3  221   38   58   27    7    0    1    0    0    1    1  1  1  1  0.843 0.000
34  1  2  3  222   13   53   34    7    0    0    0    1    1    0  2  2  1  0.884 0.000
34  1  2  3  223   39   59   58    7    0    1    1    0    1    1  4  1  1  1.012 0.000
34  1  2  3  224   24   54   67    7    0    0    1    0    0    0  3  1  1  0.886 0.000
34  1  2  3  225   25   55    3    7    0    1    0    0    0    0  1  1  1  0.813 0.000
34  1  2  3  226    8   58   39    7    0    1    1    1    0    1  3  2  1  0.960 0.000
34  1  2  3  227   32   52   12    7    0    0    1    0    1    1  4  1  1  0.669 0.000
34  1  2  3  228    9   59   30    7    0    1    0    1    0    1  2  2  1  0.749 0.000
34  1  2  3  229   33   53   25    7    0    0    0    0    1    1  1  1  1  0.826 0.000
34  1  2  3  230   36   56   79    7    0    1    1    0    1    1  4  1  1  1.029 0.000
34  1  2  3  231   20   50   43    7    0    0    1    0    0    0  3  1  1  1.527 0.000
34  1  2  3  232   16   56    3    7    0    1    0    1    1    0  2  2  1  0.861 0.000
34  1  2  3  233   15   55   65    7    0    1    1    1    1    0  4  2  1  1.469 0.000
34  1  2  3  234   19   59    8    7    0    1    0    1    1    0  2  2  1  0.693 0.000
34  1  2  3  235    4   54   29    7    0    0    0    1    0    1  2  2  1  0.621 0.000
34  1  2  3  236   35   55   15    7    0    1    1    0    1    1  4  1  1  0.871 0.000
34  1  2  3  237   34   54    7    7    0    0    1    0    1    1  4  1  1  2.983 0.000
34  1  2  3  238   18   58    6    7    0    1    0    1    1    0  2  2  1  1.131 0.000
34  1  2  3  239    7   57   65    7    0    1    1    1    0    1  3  2  1  1.057 0.000
34  1  2  3  240   17   57   40    7    0    1    0    1    1    0  2  2  1  0.754 0.000
34  1  2  3  241   14   54    2    7    0    0    0    1    1    0  2  2  1  0.622 0.000
34  1  2  3  242   22   52   32    7    0    0    0    0    0    0  1  1  1  1.464 0.000
34  1  2  3  243   28   58   21    7    0    1    1    0    0    0  3  1  1  0.865 0.000
34  1  2  3  244    1   51   18    7    0    0    1    1    0    1  3  2  1  1.522 0.000
34  1  2  3  245   29   59   46    7    0    1    0    0    0    0  1  1  1  0.744 0.000
34  1  2  3  246    5   55   13    7    0    1    1    1    0    1  3  2  1  1.037 0.000
34  1  2  3  247    3   53   61    7    0    0    1    1    0    1  3  2  1  0.903 0.000
34  1  2  3  248   12   52   61    7    0    0    1    1    1    0  4  2  1  0.702 0.000
34  1  2  3  249   26   56   18    7    0    1    0    0    0    0  1  1  1  0.852 0.000
34  1  2  3  250   30   50    6    7    0    0    0    0    1    1  1  1  1  0.941 0.000
34  1  2  3  251   23   53   30    7    0    0    0    0    0    0  1  1  1  0.754 0.000
34  1  2  3  252   21   51   57    7    0    0    0    0    0    0  1  1  1  0.639 0.000
34  1  1  4  253   18   68   41    3    1    1    1    1    1    0  4  4  1  0.898 0.000
34  1  1  4  254   11   61   63    0    2    0    1    1    1    0  4  4  1  0.852 0.000
34  1  1  4  255   29   69   44    1    1    1    0    0    0    0  1  1  1  1.865 0.000
34  1  1  4  256   13   63   57    2    2    0    0    1    1    0  2  2  1  1.132 0.000
34  1  1  4  257   36   66   32    3    1    1    1    0    1    1  4  4  1  0.902 0.000
34  1  1  4  258   32   62   20    0    2    0    1    0    1    1  4  4  1  1.840 0.000
34  1  1  4  259   28   68   78    4    1    1    0    0    0    0  1  1  1  1.045 0.000
34  1  1  4  260   19   69   76    2    1    1    1    1    1    0  4  4  1  0.609 0.000
34  1  1  4  261   37   67   35    1    1    1    0    0    1    1  1  1  1  2.215 0.000
34  1  1  4  262    6   66   15    0    1    1    1    1    0    1  3  3  1  1.726 0.000
34  1  1  4  263    9   69   69    3    1    1    0    1    0    1  2  2  1  1.118 0.000
34  1  1  4  264   25   65   12    2    2    1    1    0    0    0  3  3  1  1.080 0.000
34  1  1  4  265   15   65    4    0    2    1    0    1    1    0  2  2  1  2.084 0.000
34  1  1  4  266   35   65   75    1    2    1    1    0    1    1  4  4  1  0.743 0.000
34  1  1  4  267   16   66   53    4    1    1    0    1    1    0  2  2  1  1.719 0.000
34  1  1  4  268    0   60    4    2    1    0    0    1    0    1  2  2  1  1.481 0.000
34  1  1  4  269   34   64   16    3    2    0    0    0    1    1  1  1  1  1.372 0.000
34  1  1  4  270   39   69   42    1    1    1    1    0    1    1  4  4  1  0.971 0.000
34  1  1  4  271    7   67   71    2    1    1    0    1    0    1  2  2  1  1.211 0.000
34  1  1  4  272   31   61   39    0    2    0    0    0    1    1  1  1  1  0.817 0.000
34  1  1  4  273   38   68   64    1    1    1    1    0    1    1  4  4  1  1.775 0.000
34  1  1  4  274    8   68   17    3    1    1    0    1    0    1  2  2  1  0.933 0.000
34  1  1  4  275   27   67   47    4    1    1    1    0    0    0  3  3  1  0.710 0.000
34  1  1  4  276   14   64    1    1    2    0    1    1    1    0  4  4  1  1.753 0.000
34  1  1  4  277   12   62   60    3    2    0    1    1    1    0  4  4  1  0.793 0.000
34  1  1  4  278   26   66   37    0    1    1    0    0    0    0  1  1  1  1.895 0.000
34  1  1  4  279   20   60   76    4    1    0    0    0    0    0  1  1  1  1.874 0.000
34  1  1  4  280   10   60    7    1    1    0    0    1    1    0  2  2  1  0.870 0.000
34  1  1  4  281    5   65   63    2    2    1    1    1    0    1  3  3  1  2.560 0.000
34  1  1  4  282    3   63   49    0    2    0    1    1    0    1  3  3  1  2.777 0.000
34  1  1  4  283   17   67   26    1    1    1    0    1    1    0  2  2  1  2.393 0.000
34  1  1  4  284    1   61   40    2    0    0    0    1    0    1  2  3  0  1.951 0.000
34  1  1  4  285   30   60   65    0    1    0    0    0    1    1  1  1  1  4.143 0.000
34  1  1  4  286    4   64   59    1    0    0    0    1    0    1  2  1  0  3.967 0.000
34  1  1  4  287   22   62   50    4    2    0    0    0    0    0  1  1  1  0.847 0.000
34  1  1  4  288   23   63   42    2    2    0    0    0    0    0  1  1  1  1.588 0.000
34  1  1  4  289    2   62    7    0    2    0    0    1    0    1  2  2  1  2.131 0.000
34  1  1  4  290   24   64   41    3    2    0    0    0    0    0  1  1  1  3.436 0.000
34  1  1  4  291   21   61   16    4    2    0    0    0    0    0  1  1  1  5.609 0.000
34  1  1  4  292   33   63   54    2    2    0    0    0    1    1  1  1  1  0.975 0.000
34  1  2  4  293    9   79   78    7    0    1    1    1    0    1  3  2  1  1.271 0.000
34  1  2  4  294   12   72   45    7    0    0    1    1    1    0  4  2  1  0.911 0.000
34  1  2  4  295    1   71   68    7    0    0    1    1    0    1  3  2  1  0.814 0.000
34  1  2  4  296   18   78   70    7    0    1    0    1    1    0  2  2  1  0.744 0.000
34  1  2  4  297   11   71   17    7    0    0    0    1    1    0  2  2  1  0.813 0.000
34  1  2  4  298   24   74   56    7    0    0    0    0    0    0  1  1  1  0.752 0.000
34  1  2  4  299   28   78   36    7    0    1    1    0    0    0  3  1  1  1.397 0.000
34  1  2  4  300   20   70   14    7    0    0    1    0    0    0  3  1  1  1.369 0.000
34  1  2  4  301   29   79   20    7    0    1    0    0    0    0  1  1  1  0.748 0.000
34  1  2  4  302   34   74    1    7    0    0    0    0    1    1  1  1  1  1.186 0.000
34  1  2  4  303   17   77   73    7    0    1    1    1    1    0  4  2  1  0.789 0.000
34  1  2  4  304   37   77   13    7    0    1    0    0    1    1  1  1  1  1.409 0.000
34  1  2  4  305   15   75   74    7    0    1    1    1    1    0  4  2  1  1.387 0.000
34  1  2  4  306   23   73   17    7    0    0    1    0    0    0  3  1  1  0.975 0.000
34  1  2  4  307   30   70   76    7    0    0    1    0    1    1  4  1  1  1.051 0.000
34  1  2  4  308   35   75   50    7    0    1    0    0    1    1  1  1  1  0.844 0.000
34  1  2  4  309   36   76   47    7    0    1    1    0    1    1  4  1  1  0.885 0.000
34  1  2  4  310   14   74   54    7    0    0    1    1    1    0  4  2  1  0.893 0.000
34  1  2  4  311   19   79   79    7    0    1    0    1    1    0  2  2  1  1.004 0.000
34  1  2  4  312   25   75   40    7    0    1    1    0    0    0  3  1  1  0.967 0.000
34  1  2  4  313   32   72   31    7    0    0    1    0    1    1  4  1  1  0.802 0.000
34  1  2  4  314   26   76    5    7    0    1    0    0    0    0  1  1  1  0.765 0.000
34  1  2  4  315    0   70   60    7    0    0    0    1    0    1  2  2  1  1.306 0.000
34  1  2  4  316    7   77   56    7    0    1    1    1    0    1  3  2  1  0.785 0.000
34  1  2  4  317   31   71   66    7    0    0    1    0    1    1  4  1  1  0.941 0.000
34  1  2  4  318   13   73   48    7    0    0    1    1    1    0  4  2  1  0.953 0.000
34  1  2  4  319    5   75   76    7    0    1    0    1    0    1  2  2  1  1.118 0.000
34  1  2  4  320   22   72   11    7    0    0    0    0    0    0  1  1  1  0.692 0.000
34  1  2  4  321   39   79   67    7    0    1    1    0    1    1  4  1  1  0.732 0.000
34  1  2  4  322   38   78   57    7    0    1    0    0    1    1  1  1  1  0.841 0.000
34  1  2  4  323   21   71   74    7    0    0    0    0    0    0  1  1  1  0.547 0.000
34  1  2  4  324    3   73   57    7    0    0    0    1    0    1  2  2  1  0.992 0.000
34  1  2  4  325   10   70   47    7    0    0    0    1    1    0  2  2  1  1.028 0.000
34  1  2  4  326   33   73   21    7    0    0    0    0    1    1  1  1  1  0.622 0.000
34  1  2  4  327   27   77   49    7    0    1    1    0    0    0  3  1  1  0.928 0.000
34  1  2  4  328    2   72    1    7    0    0    1    1    0    1  3  2  1  0.902 0.000
34  1  2  4  329   16   76   50    7    0    1    0    1    1    0  2  2  1  0.821 0.000
34  1  2  4  330    8   78   62    7    0    1    1    1    0    1  3  2  1  0.583 0.000
34  1  2  4  331    6   76   28    7    0    1    0    1    0    1  2  2  1  0.546 0.000
34  1  2  4  332    4   74   37    7    0    0    0    1    0    1  2  2  1  0.775 0.000
34  1  0  0    1    0   -1   39    3    0    0    0    0    1    1  1  5  -1  -1.000 -1.000
34  1  0  0    2    0   -1   39    4    0    0    0    1    1    0  2  -1  -1  -1.000 -1.000
34  1  0  0    3    0   -1   39    2    0    0    0    0    1    1  1  -1  -1  -1.000 -1.000
34  1  0  0    4    0   -1   39    3    0    0    0    0    1    1  1  -1  -1  -1.000 -1.000
34  1  0  0    5    0   -1   39    0    0    0    0    1    0    1  2  -1  -1  -1.000 -1.000
34  1  0  0    6    0   -1   39    2    0    1    1    1    0    1  3  -1  -1  -1.000 -1.000
34  1  0  0    7    0   -1   39    4    0    0    1    0    1    1  4  -1  -1  -1.000 -1.000
34  1  0  0    8    0   -1   39    0    0    0    1    1    0    1  3  -1  -1  -1.000 -1.000
34  1  0  0    9    0   -1   39    2    0    1    0    0    1    1  1  -1  -1  -1.000 -1.000
34  1  0  0   10    0   -1   39    1    0    1    1    0    1    1  4  -1  -1  -1.000 -1.000
34  1  0  0   11    0   -1   39    0    0    0    1    0    1    1  4  -1  -1  -1.000 -1.000
34  1  0  0   12    0   -1   39    2    0    0    1    0    1    1  4  -1  -1  -1.000 -1.000
34  1  1  1   13   15    5   21    4    2    1    0    1    1    0  2  -1  -1  -1.000 -1.000
34  1  1  1   14   14    4   69    3    2    0    0    1    1    0  2  -1  -1  -1.000 -1.000
34  1  1  1   15    9    9   40    0    1    1    1    1    0    1  3  -1  -1  -1.000 -1.000
34  1  1  1   16   28    8   14    4    1    1    0    0    0    0  1  -1  -1  -1.000 -1.000
34  1  1  1   17   30    0   14    1    1    0    0    0    1    1  1  -1  -1  -1.000 -1.000
34  1  1  1   18   39    9    2    3    1    1    1    0    1    1  4  -1  -1  -1.000 -1.000
34  1  1  1   19   29    9   20    4    1    1    0    0    0    0  1  -1  -1  -1.000 -1.000
34  1  1  1   20    5    5   65    1    2    1    1    1    0    1  3  -1  -1  -1.000 -1.000
34  1  1  1   21   17    7    6    3    1    1    0    1    1    0  2  -1  -1  -1.000 -1.000
34  1  1  1   22    0    0   43    4    1    0    0    1    0    1  2  -1  -1  -1.000 -1.000
34  1  1  1   23   22    2   51    2    2    0    0    0    0    0  1  -1  -1  -1.000 -1.000
34  1  1  1   24   37    7   62    3    1    1    1    0    1    1  4  -1  -1  -1.000 -1.000
34  1  1  1   25   12    2   65    4    2    0    1    1    1    0  4  -1  -1  -1.000 -1.000
34  1  1  1   26   38    8    4    2    1    1    0    0    1    1  1  -1  -1  -1.000 -1.000
34  1  1  1   27    6    6    7    0    1    1    1    1    0    1  3  -1  -1  -1.000 -1.000
34  1  1  1   28   19    9    7    4    1    1    0    1    1    0  2  -1  -1  -1.000 -1.000
34  1  1  1   29   36    6   43    1    1    1    1    0    1    1  4  -1  -1  -1.000 -1.000
34  1  1  1   30   35    5   73    2    2    1    0    0    1    1  1  -1  -1  -1.000 -1.000
34  1  1  1   31   27    7   66    0    1    1    1    0    0    0  3  -1  -1  -1.000 -1.000
34  1  1  1   32   16    6   20    1    1    1    0    1    1    0  2  -1  -1  -1.000 -1.000
34  1  1  1   33    2    2    9    2    2    0    0    1    0    1  2  -1  -1  -1.000 -1.000
34  1  1  1   34    7    7   67    4    1    1    1    1    0    1  3  -1  -1  -1.000 -1.000
34  1  1  1   35   10    0   15    0    1    0    1    1    1    0  4  -1  -1  -1.000 -1.000
34  1  1  1   36   24    4   24    2    2    0    1    0    0    0  3  -1  -1  -1.000 -1.000
34  1  1  1   37   25    5    4    1    2    1    0    0    0    0  1  -1  -1  -1.000 -1.000
34  1  1  1   38   11    1   26    0    2    0    0    1    1    0  2  -1  -1  -1.000 -1.000
34  1  1  1   39   13    3   44    4    2    0    0    1    1    0  2  -1  -1  -1.000 -1.000
34  1  1  1   40   18    8   17    1    1    1    1    1    1    0  4  -1  -1  -1.000 -1.000
34  1  1  1   41   32    2   66    2    2    0    1    0    1    1  4  -1  -1  -1.000 -1.000
34  1  1  1   42   33    3   37    4    2    0    1    0    1    1  4  -1  -1  -1.000 -1.000
34  1  1  1   43    1    1   25    3    2    0    1    1    0    1  3  -1  -1  -1.000 -1.000
34  1  1  1   44    4    4   11    0    2    0    1    1    0    1  3  -1  -1  -1.000 -1.000
34  1  1  1   45   21    1   48    1    2    0    1    0    0    0  3  -1  -1  -1.000 -1.000
34  1  1  1   46   31    1   58    3    2    0    1    0    1    1  4  -1  -1  -1.000 -1.000
34  1  1  1   47   23    3   32    2    2    0    1    0    0    0  3  -1  -1  -1.000 -1.000
34  1  1  1   48    3    3   51    4    2    0    1    1    0    1  3  -1  -1  -1.000 -1.000
34  1  1  1   49   26    6   17    1    1    1    0    0    0    0  1  -1  -1  -1.000 -1.000
34  1  1  1   50   34    4   20    2    2    0    0    0    1    1  1  -1  -1  -1.000 -1.000
34  1  1  1   51   20    0   61    4    1    0    0    0    0    0  1  -1  -1  -1.000 -1.000
34  1  1  1   52    8    8   57    3    1    1    1    1    0    1  3  -1  -1  -1.000 -1.000
34  1  2  1   53    5   15   32    7    0    1    0    1    0    1  2  -1  -1  -1.000 -1.000
34  1  2  1   54    9   19   35    7    0    1    1    1    0    1  3  -1  -1  -1.000 -1.000
34  1  2  1   55   30   10   49    7    0    0    1    0    1    1  4  -1  -1  -1.000 -1.000
34  1  2  1   56   18   18    5    7    0    1    0    1    1    0  2  -1  -1  -1.000 -1.000
34  1  2  1   57   26   16   12    7    0    1    1    0    0    0  3  -1  -1  -1.000 -1.000
34  1  2  1   58   11   11   79    7    0    0    1    1    1    0  4  -1  -1  -1.000 -1.000
34  1  2  1   59   28   18   73    7    0    1    0    0    0    0  1  -1  -1  -1.000 -1.000
34  1  2  1   60    1   11   18    7    0    0    0    1    0    1  2  -1  -1  -1.000 -1.000
34  1  2  1   61    4   14   74    7    0    0    0    1    0    1  2  -1  -1  -1.000 -1.000
34  1  2  1   62   21   11   65    7    0    0    0    0    0    0  1  -1  -1  -1.000 -1.000
34  1  2  1   63   13   13   48    7    0    0    0    1    1    0  2  -1  -1  -1.000 -1.000
34  1  2  1   64   19   19   19    7    0    1    1    1    1    0  4  -1  -1  -1.000 -1.000
34  1  2  1   65   12   12   53    7    0    0    1    1    1    0  4  -1  -1  -1.000 -1.000
34  1  2  1   66   39   19   10    7    0    1    0    0    1    1  1  -1  -1  -1.000 -1.000
34  1  2  1   67   20   10   70    7    0    0    0    0    0    0  1  -1  -1  -1.000 -1.000
34  1  2  1   68   36   16   41    7    0    1    1    0    1    1  4  -1  -1  -1.000 -1.000
34  1  2  1   69   33   13   40    7    0    0    1    0    1    1  4  -1  -1  -1.000 -1.000
34  1  2  1   70    2   12   54    7    0    0    1    1    0    1  3  -1  -1  -1.000 -1.000
34  1  2  1   71   10   10   14    7    0    0    1    1    1    0  4  -1  -1  -1.000 -1.000
34  1  2  1   72    6   16   61    7    0    1    0    1    0    1  2  -1  -1  -1.000 -1.000
34  1  2  1   73   29   19   76    7    0    1    1    0    0    0  3  -1  -1  -1.000 -1.000
34  1  2  1   74   23   13   16    7    0    0    1    0    0    0  3  -1  -1  -1.000 -1.000
34  1  2  1   75   38   18   53    7    0    1    0    0    1    1  1  -1  -1  -1.000 -1.000
34  1  2  1   76   37   17   36    7    0    1    1    0    1    1  4  -1  -1  -1.000 -1.000
34  1  2  1   77   22   12   56    7    0    0    1    0    0    0  3  -1  -1  -1.000 -1.000
34  1  2  1   78   35   15    0    7    0    1    0    0    1    1  1  -1  -1  -1.000 -1.000
34  1  2  1   79    3   13    2    7    0    0    0    1    0    1  2  -1  -1  -1.000 -1.000
34  1  2  1   80    8   18    6    7    0    1    1    1    0    1  3  -1  -1  -1.000 -1.000
34  1  2  1   81    0   10   72    7    0    0    1    1    0    1  3  -1  -1  -1.000 -1.000
34  1  2  1   82   14   14    9    7    0    0    1    1    1    0  4  -1  -1  -1.000 -1.000
34  1  2  1   83   16   16   59    7    0    1    0    1    1    0  2  -1  -1  -1.000 -1.000
34  1  2  1   84   24   14   72    7    0    0    0    0    0    0  1  -1  -1  -1.000 -1.000
34  1  2  1   85   25   15   47    7    0    1    1    0    0    0  3  -1  -1  -1.000 -1.000
34  1  2  1   86    7   17   75    7    0    1    0    1    0    1  2  -1  -1  -1.000 -1.000
34  1  2  1   87   31   11   34    7    0    0    0    0    1    1  1  -1  -1  -1.000 -1.000
34  1  2  1   88   34   14   78    7    0    0    0    0    1    1  1  -1  -1  -1.000 -1.000
34  1  2  1   89   32   12   61    7    0    0    0    0    1    1  1  -1  -1  -1.000 -1.000
34  1  2  1   90   15   15   28    7    0    1    1    1    1    0  4  -1  -1  -1.000 -1.000
34  1  2  1   91   17   17   42    7    0    1    0    1    1    0  2  -1  -1  -1.000 -1.000
34  1  2  1   92   27   17   34    7    0    1    1    0    0    0  3  -1  -1  -1.000 -1.000
34  1  1  2   93   26   26   37    3    1    1    0    0    0    0  1  -1  -1  -1.000 -1.000
34  1  1  2   94   36   26   55    4    1    1    1    0    1    1  4  -1  -1  -1.000 -1.000
34  1  1  2   95   32   22   44    1    2    0    1    0    1    1  4  -1  -1  -1.000 -1.000
34  1  1  2   96   19   29   54    3    1    1    0    1    1    0  2  -1  -1  -1.000 -1.000
34  1  1  2   97   22   22   78    4    2    0    0    0    0    0  1  -1  -1  -1.000 -1.000
34  1  1  2   98   18   28   61    0    1    1    1    1    1    0  4  -1  -1  -1.000 -1.000
34  1  1  2   99   12   22   58    1    2    0    1    1    1    0  4  -1  -1  -1.000 -1.000
34  1  1  2  100   30   20    6    2    1    0    1    0    1    1  4  -1  -1  -1.000 -1.000
34  1  1  2  101   16   26   22    3    1    1    0    1    1    0  2  -1  -1  -1.000 -1.000
34  1  1  2  102   25   25   39    1    2    1    1    0    0    0  3  -1  -1  -1.000 -1.000
34  1  1  2  103   27   27   42    2    1    1    0    0    0    0  1  -1  -1  -1.000 -1.000
34  1  1  2  104    4   24   12    4    2    0    0    1    0    1  2  -1  -1  -1.000 -1.000
34  1  1  2  105   10   20   32    3    1    0    0    1    1    0  2  -1  -1  -1.000 -1.000
34  1  1  2  106   21   21   64    0    2    0    0    0    0    0  1  -1  -1  -1.000 -1.000
34  1  1  2  107    1   21   46    2    2    0    0    1    0    1  2  -1  -1  -1.000 -1.000
34  1  1  2  108   35   25   38    4    2    1    1    0    1    1  4  -1  -1  -1.000 -1.000
34  1  1  2  109   39   29   42    3    1    1    0    0    1    1  1  -1  -1  -1.000 -1.000
34  1  1  2  110   13   23   60    0    2    0    0    1    1    0  2  -1  -1  -1.000 -1.000
34  1  1  2  111   38   28   50    4    1    1    1    0    1    1  4  -1  -1  -1.000 -1.000
34  1  1  2  112   24   24   29    1    2    0    1    0    0    0  3  -1  -1  -1.000 -1.000
34  1  1  2  113    6   26   52    2    1    1    0    1    0    1  2  -1  -1  -1.000 -1.000
34  1  1  2  114    7   27   24    3    1    1    1    1    0    1  3  -1  -1  -1.000 -1.000
34  1  1  2  115   11   21   24    1    2    0    1    1    1    0  4  -1  -1  -1.000 -1.000
34  1  1  2  116    5   25   78    4    2    1    0    1    0    1  2  -1  -1  -1.000 -1.000
34  1  1  2  117   31   21   24    3    2    0    0    0    1    1  1  -1  -1  -1.000 -1.000
34  1  1  2  118   28   28   18    1    1    1    1    0    0    0  3  -1  -1  -1.000 -1.000
34  1  1  2  119    3   23   28    0    2    0    1    1    0    1  3  -1  -1  -1.000 -1.000
34  1  1  2  120   33   23   47    3    2    0    1    0    1    1  4  -1  -1  -1.000 -1.000
34  1  1  2  121   34   24    1    4    2    0    1    0    1    1  4  -1  -1  -1.000 -1.000
34  1  1  2  122    9   29   50    0    1    1    0    1    0    1  2  -1  -1  -1.000 -1.000
34  1  1  2  123    8   28   45    2    1    1    1    1    0    1  3  -1  -1  -1.000 -1.000
34  1  1  2  124   17   27   35    4    1    1    0    1    1    0  2  -1  -1  -1.000 -1.000
34  1  1  2  125   15   25   63    0    2    1    1    1    1    0  4  -1  -1  -1.000 -1.000
34  1  1  2  126    0   20    0    3    1    0    1    1    0    1  3  -1  -1  -1.000 -1.000
34  1  1  2  127    2   22   15    4    2    0    1    1    0    1  3  -1  -1  -1.000 -1.000
34  1  1  2  128   29   29   35    0    1    1    0    0    0    0  1  -1  -1  -1.000 -1.000
34  1  1  2  129   37   27   16    2    1    1    1    0    1    1  4  -1  -1  -1.000 -1.000
34  1  1  2  130   23   23   74    3    2    0    1    0    0    0  3  -1  -1  -1.000 -1.000
34  1  1  2  131   20   20   23    4    1    0    1    0    0    0  3  -1  -1  -1.000 -1.000
34  1  1  2  132   14   24   72    2    2    0    1    1    1    0  4  -1  -1  -1.000 -1.000
34  1  2  2  133   31   31   23    7    0    0    1    0    1    1  4  -1  -1  -1.000 -1.000
34  1  2  2  134   25   35   43    7    0    1    0    0    0    0  1  -1  -1  -1.000 -1.000
34  1  2  2  135    2   32    1    7    0    0    0    1    0    1  2  -1  -1  -1.000 -1.000
34  1  2  2  136   38   38   56    7    0    1    1    0    1    1  4  -1  -1  -1.000 -1.000
34  1  2  2  137    0   30   68    7    0    0    1    1    0    1  3  -1  -1  -1.000 -1.000
34  1  2  2  138   17   37   34    7    0    1    0    1    1    0  2  -1  -1  -1.000 -1.000
34  1  2  2  139   36   36   60    7    0    1    1    0    1    1  4  -1  -1  -1.000 -1.000
34  1  2  2  140   15   35    4    7    0    1    0    1    1    0  2  -1  -1  -1.000 -1.000
34  1  2  2  141   11   31   51    7    0    0    0    1    1    0  2  -1  -1  -1.000 -1.000
34  1  2  2  142    8   38   64    7    0    1    1    1    0    1  3  -1  -1  -1.000 -1.000
34  1  2  2  143   26   36   31    7    0    1    0    0    0    0  1  -1  -1  -1.000 -1.000
34  1  2  2  144    6   36   14    7    0    1    1    1    0    1  3  -1  -1  -1.000 -1.000
34  1  2  2  145   33   33   25    7    0    0    1    0    1    1  4  -1  -1  -1.000 -1.000
34  1  2  2  146   21   31   21    7    0    0    1    0    0    0  3  -1  -1  -1.000 -1.000
34  1  2  2  147   16   36   37    7    0    1    0    1    1    0  2  -1  -1  -1.000 -1.000
34  1  2  2  148   14   34   73    7    0    0    0    1    1    0  2  -1  -1  -1.000 -1.000
34  1  2  2  149    3   33   16    7    0    0    0    1    0    1  2  -1  -1  -1.000 -1.000
34  1  2  2  150    5   35   37    7    0    1    1    1    0    1  3  -1  -1  -1.000 -1.000
34  1  2  2  151   10   30   68    7    0    0    1    1    1    0  4  -1  -1  -1.000 -1.000
34  1  2  2  152   20   30   11    7    0    0    1    0    0    0  3  -1  -1  -1.000 -1.000
34  1  2  2  153   29   39   41    7    0    1    0    0    0    0  1  -1  -1  -1.000 -1.000
34  1  2  2  154   28   38   69    7    0    1    1    0    0    0  3  -1  -1  -1.000 -1.000
34  1  2  2  155    9   39   17    7    0    1    0    1    0    1  2  -1  -1  -1.000 -1.000
34  1  2  2  156   32   32   51    7    0    0    0    0    1    1  1  -1  -1  -1.000 -1.000
34  1  2  2  157   37   37   35    7    0    1    1    0    1    1  4  -1  -1  -1.000 -1.000
34  1  2  2  158    4   34   34    7    0    0    1    1    0    1  3  -1  -1  -1.000 -1.000
34  1  2  2  159    7   37   33    7    0    1    0    1    0    1  2  -1  -1  -1.000 -1.000
34  1  2  2  160   18   38   31    7    0    1    1    1    1    0  4  -1  -1  -1.000 -1.000
34  1  2  2  161   12   32   77    7    0    0    1    1    1    0  4  -1  -1  -1.000 -1.000
34  1  2  2  162   35   35   27    7    0    1    0    0    1    1  1  -1  -1  -1.000 -1.000
34  1  2  2  163   27   37   25    7    0    1    1    0    0    0  3  -1  -1  -1.000 -1.000
34  1  2  2  164   23   33   49    7    0    0    1    0    0    0  3  -1  -1  -1.000 -1.000
34  1  2  2  165   13   33   30    7    0    0    1    1    1    0  4  -1  -1  -1.000 -1.000
34  1  2  2  166    1   31   53    7    0    0    1    1    0    1  3  -1  -1  -1.000 -1.000
34  1  2  2  167   22   32   30    7    0    0    1    0    0    0  3  -1  -1  -1.000 -1.000
34  1  2  2  168   30   30   77    7    0    0    1    0    1    1  4  -1  -1  -1.000 -1.000
34  1  2  2  169   39   39   68    7    0    1    0    0    1    1  1  -1  -1  -1.000 -1.000
34  1  2  2  170   24   34   28    7    0    0    0    0    0    0  1  -1  -1  -1.000 -1.000
34  1  2  2  171   19   39   64    7    0    1    1    1    1    0  4  -1  -1  -1.000 -1.000
34  1  2  2  172   34   34   32    7    0    0    1    0    1    1  4  -1  -1  -1.000 -1.000
34  1  1  3  173   28   48   33    1    1    1    0    0    0    0  1  -1  -1  -1.000 -1.000
34  1  1  3  174   25   45   79    4    2    1    1    0    0    0  3  -1  -1  -1.000 -1.000
34  1  1  3  175   34   44    7    2    2    0    1    0    1    1  4  -1  -1  -1.000 -1.000
34  1  1  3  176   31   41   74    3    2    0    1    0    1    1  4  -1  -1  -1.000 -1.000
34  1  1  3  177   12   42   41    0    2    0    1    1    1    0  4  -1  -1  -1.000 -1.000
34  1  1  3  178    7   47   56    4    1    1    0    1    0    1  2  -1  -1  -1.000 -1.000
34  1  1  3  179   35   45   76    2    2    1    1    0    1    1  4  -1  -1  -1.000 -1.000
34  1  1  3  180   27   47   52    0    1    1    0    0    0    0  1  -1  -1  -1.000 -1.000
34  1  1  3  181    2   42   49    4    2    0    0    1    0    1  2  -1  -1  -1.000 -1.000
34  1  1  3  182   10   40   29    1    1    0    0    1    1    0  2  -1  -1  -1.000 -1.000
34  1  1  3  183   19   49    8    0    1    1    1    1    1    0  4  -1  -1  -1.000 -1.000
34  1  1  3  184   11   41   74    3    2    0    1    1    1    0  4  -1  -1  -1.000 -1.000
34  1  1  3  185   38   48   39    1    1    1    0    0    1    1  1  -1  -1  -1.000 -1.000
34  1  1  3  186   33   43   19    4    2    0    0    0    1    1  1  -1  -1  -1.000 -1.000
34  1  1  3  187   20   40   53    0    1    0    0    0    0    0  1  -1  -1  -1.000 -1.000
34  1  1  3  188    0   40   48    3    1    0    0    1    0    1  2  -1  -1  -1.000 -1.000
34  1  1  3  189   16   46    3    2    1    1    1    1    1    0  4  -1  -1  -1.000 -1.000
34  1  1  3  190   26   46   15    4    1    1    0    0    0    0  1  -1  -1  -1.000 -1.000
34  1  1  3  191   30   40    5    0    1    0    0    0    1    1  1  -1  -1  -1.000 -1.000
34  1  1  3  192    4   44   58    2    2    0    0    1    0    1  2  -1  -1  -1.000 -1.000
34  1  1  3  193   18   48   33    4    1    1    1    1    1    0  4  -1  -1  -1.000 -1.000
34  1  1  3  194    6   46   73    1    1    1    0    1    0    1  2  -1  -1  -1.000 -1.000
34  1  1  3  195   21   41    7    0    2    0    0    0    0    0  1  -1  -1  -1.000 -1.000
34  1  1  3  196   29   49   44    2    1    1    1    0    0    0  3  -1  -1  -1.000 -1.000
34  1  1  3  197    3   43   19    4    2    0    1    1    0    1  3  -1  -1  -1.000 -1.000
34  1  1  3  198   37   47   71    1    1    1    0    0    1    1  1  -1  -1  -1.000 -1.000
34  1  1  3  199    9   49   21    0    1    1    1    1    0    1  3  -1  -1  -1.000 -1.000
34  1  1  3  200   22   42   62    2    2    0    1    0    0    0  3  -1  -1  -1.000 -1.000
34  1  1  3  201   36   46   67    4    1    1    0    0    1    1  1  -1  -1  -1.000 -1.000
34  1  1  3  202    8   48   42    0    1    1    1    1    0    1  3  -1  -1  -1.000 -1.000
34  1  1  3  203   32   42   79    3    2    0    1    0    1    1  4  -1  -1  -1.000 -1.000
34  1  1  3  204   13   43   18    1    2    0    1    1    1    0  4  -1  -1  -1.000 -1.000
34  1  1  3  205   24   44   55    2    2    0    1    0    0    0  3  -1  -1  -1.000 -1.000
34  1  1  3  206   23   43   68    3    2    0    1    0    0    0  3  -1  -1  -1.000 -1.000
34  1  1  3  207   15   45   25    4    2    1    0    1    1    0  2  -1  -1  -1.000 -1.000
34  1  1  3  208   39   49   12    1    1    1    1    0    1    1  4  -1  -1  -1.000 -1.000
34  1  1  3  209   14   44   70    2    2    0    1    1    1    0  4  -1  -1  -1.000 -1.000
34  1  1  3  210    5   45   70    3    2    1    0    1    0    1  2  -1  -1  -1.000 -1.000
34  1  1  3  211    1   41   77    1    2    0    0    1    0    1  2  -1  -1  -1.000 -1.000
34  1  1  3  212   17   47   56    4    1    1    1    1    1    0  4  -1  -1  -1.000 -1.000
34  1  2  3  213   20   50   77    7    0    0    1    0    0    0  3  -1  -1  -1.000 -1.000
34  1  2  3  214   33   53   26    7    0    0    1    0    1    1  4  -1  -1  -1.000 -1.000
34  1  2  3  215    1   51   38    7    0    0    1    1    0    1  3  -1  -1  -1.000 -1.000
34  1  2  3  216   12   52   52    7    0    0    1    1    1    0  4  -1  -1  -1.000 -1.000
34  1  2  3  217    8   58   60    7    0    1    0    1    0    1  2  -1  -1  -1.000 -1.000
34  1  2  3  218   37   57   15    7    0    1    1    0    1    1  4  -1  -1  -1.000 -1.000
34  1  2  3  219   18   58   50    7    0    1    0    1    1    0  2  -1  -1  -1.000 -1.000
34  1  2  3  220   36   56   13    7    0    1    1    0    1    1  4  -1  -1  -1.000 -1.000
34  1  2  3  221   11   51   13    7    0    0    1    1    1    0  4  -1  -1  -1.000 -1.000
34  1  2  3  222   38   58   46    7    0    1    0    0    1    1  1  -1  -1  -1.000 -1.000
34  1  2  3  223   30   50   57    7    0    0    0    0    1    1  1  -1  -1  -1.000 -1.000
34  1  2  3  224    0   50    4    7    0    0    0    1    0    1  2  -1  -1  -1.000 -1.000
34  1  2  3  225   27   57   10    7    0    1    1    0    0    0  3  -1  -1  -1.000 -1.000
34  1  2  3  226   19   59   45    7    0    1    0    1    1    0  2  -1  -1  -1.000 -1.000
34  1  2  3  227   28   58   36    7    0    1    1    0    0    0  3  -1  -1  -1.000 -1.000
34  1  2  3  228    7   57   30    7    0    1    0    1    0    1  2  -1  -1  -1.000 -1.000
34  1  2  3  229   17   57   11    7    0    1    1    1    1    0  4  -1  -1  -1.000 -1.000
34  1  2  3  230   23   53   54    7    0    0    1    0    0    0  3  -1  -1  -1.000 -1.000
34  1  2  3  231    3   53   27    7    0    0    1    1    0    1  3  -1  -1  -1.000 -1.000
34  1  2  3  232   16   56    2    7    0    1    0    1    1    0  2  -1  -1  -1.000 -1.000
34  1  2  3  233   22   52   63    7    0    0    0    0    0    0  1  -1  -1  -1.000 -1.000
34  1  2  3  234    2   52   62    7    0    0    0    1    0    1  2  -1  -1  -1.000 -1.000
34  1  2  3  235   13   53   67    7    0    0    0    1    1    0  2  -1  -1  -1.000 -1.000
34  1  2  3  236   25   55    0    7    0    1    1    0    0    0  3  -1  -1  -1.000 -1.000
34  1  2  3  237    6   56   63    7    0    1    0    1    0    1  2  -1  -1  -1.000 -1.000
34  1  2  3  238    5   55   69    7    0    1    1    1    0    1  3  -1  -1  -1.000 -1.000
34  1  2  3  239   34   54   65    7    0    0    1    0    1    1  4  -1  -1  -1.000 -1.000
34  1  2  3  240   14   54    1    7    0    0    1    1    1    0  4  -1  -1  -1.000 -1.000
34  1  2  3  241    9   59   41    7    0    1    0    1    0    1  2  -1  -1  -1.000 -1.000
34  1  2  3  242   39   59   22    7    0    1    1    0    1    1  4  -1  -1  -1.000 -1.000
34  1  2  3  243   29   59   75    7    0    1    0    0    0    0  1  -1  -1  -1.000 -1.000
34  1  2  3  244    4   54    3    7    0    0    0    1    0    1  2  -1  -1  -1.000 -1.000
34  1  2  3  245   21   51   58    7    0    0    0    0    0    0  1  -1  -1  -1.000 -1.000
34  1  2  3  246   15   55   40    7    0    1    1    1    1    0  4  -1  -1  -1.000 -1.000
34  1  2  3  247   31   51    9    7    0    0    1    0    1    1  4  -1  -1  -1.000 -1.000
34  1  2  3  248   26   56    6    7    0    1    0    0    0    0  1  -1  -1  -1.000 -1.000
34  1  2  3  249   32   52   72    7    0    0    0    0    1    1  1  -1  -1  -1.000 -1.000
34  1  2  3  250   35   55   29    7    0    1    1    0    1    1  4  -1  -1  -1.000 -1.000
34  1  2  3  251   24   54   19    7    0    0    1    0    0    0  3  -1  -1  -1.000 -1.000
34  1  2  3  252   10   50   71    7    0    0    1    1    1    0  4  -1  -1  -1.000 -1.000
34  1  1  4  253   11   61    0    0    2    0    1    1    1    0  4  -1  -1  -1.000 -1.000
34  1  1  4  254   22   62   71    2    2    0    1    0    0    0  3  -1  -1  -1.000 -1.000
34  1  1  4  255   19   69   12    3    1    1    0    1    1    0  2  -1  -1  -1.000 -1.000
34  1  1  4  256   12   62   27    1    2    0    0    1    1    0  2  -1  -1  -1.000 -1.000
34  1  1  4  257    5   65   39    0    2    1    1    1    0    1  3  -1  -1  -1.000 -1.000
34  1  1  4  258   13   63   49    4    2    0    1    1    1    0  4  -1  -1  -1.000 -1.000
34  1  1  4  259    3   63   29    3    2    0    1    1    0    1  3  -1  -1  -1.000 -1.000
34  1  1  4  260   10   60   55    0    1    0    1    1    1    0  4  -1  -1  -1.000 -1.000
34  1  1  4  261   15   65   76    4    2    1    0    1    1    0  2  -1  -1  -1.000 -1.000
34  1  1  4  262    4   64    8    3    2    0    0    1    0    1  2  -1  -1  -1.000 -1.000
34  1  1  4  263   35   65   45    2    2    1    1    0    1    1  4  -1  -1  -1.000 -1.000
34  1  1  4  264   32   62    8    1    2    0    1    0    1    1  4  -1  -1  -1.000 -1.000
34  1  1  4  265    0   60   26    4    1    0    1    1    0    1  3  -1  -1  -1.000 -1.000
34  1  1  4  266   16   66   46    0    1    1    0    1    1    0  2  -1  -1  -1.000 -1.000
34  1  1  4  267   23   63   27    3    2    0    0    0    0    0  1  -1  -1  -1.000 -1.000
34  1  1  4  268    6   66   66    2    1    1    1    1    0    1  3  -1  -1  -1.000 -1.000
34  1  1  4  269   39   69    3    1    1    1    0    0    1    1  1  -1  -1  -1.000 -1.000
34  1  1  4  270    7   67   22    4    1    1    1    1    0    1  3  -1  -1  -1.000 -1.000
34  1  1  4  271    9   69   71    3    1    1    0    1    0    1  2  -1  -1  -1.000 -1.000
34  1  1  4  272    1   61   59    1    2    0    0    1    0    1  2  -1  -1  -1.000 -1.000
34  1  1  4  273   25   65   60    4    2    1    1    0    0    0  3  -1  -1  -1.000 -1.000
34  1  1  4  274   29   69   57    3    1    1    0    0    0    0  1  -1  -1  -1.000 -1.000
34  1  1  4  275   18   68   10    0    1    1    1    1    1    0  4  -1  -1  -1.000 -1.000
34  1  1  4  276   38   68   75    1    1    1    0    0    1    1  1  -1  -1  -1.000 -1.000
34  1  1  4  277   33   63   18    2    2    0    0    0    1    1  1  -1  -1  -1.000 -1.000
34  1  1  4  278   34   64   28    4    2    0    0    0    1    1  1  -1  -1  -1.000 -1.000
34  1  1  4  279   21   61   45    0    2    0    0    0    0    0  1  -1  -1  -1.000 -1.000
34  1  1  4  280   17   67   47    3    1    1    1    1    1    0  4  -1  -1  -1.000 -1.000
34  1  1  4  281   37   67   31    4    1    1    0    0    1    1  1  -1  -1  -1.000 -1.000
34  1  1  4  282   27   67    8    1    1    1    1    0    0    0  3  -1  -1  -1.000 -1.000
34  1  1  4  283   14   64   36    2    2    0    1    1    1    0  4  -1  -1  -1.000 -1.000
34  1  1  4  284   20   60   22    0    1    0    1    0    0    0  3  -1  -1  -1.000 -1.000
34  1  1  4  285   24   64    9    4    2    0    1    0    0    0  3  -1  -1  -1.000 -1.000
34  1  1  4  286   36   66   69    1    1    1    0    0    1    1  1  -1  -1  -1.000 -1.000
34  1  1  4  287   28   68   67    0    1    1    1    0    0    0  3  -1  -1  -1.000 -1.000
34  1  1  4  288   26   66    2    4    1    1    0    0    0    0  1  -1  -1  -1.000 -1.000
34  1  1  4  289   31   61   64    1    2    0    0    0    1    1  1  -1  -1  -1.000 -1.000
34  1  1  4  290    8   68   20    3    1    1    1    1    0    1  3  -1  -1  -1.000 -1.000
34  1  1  4  291   30   60   70    0    1    0    1    0    1    1  4  -1  -1  -1.000 -1.000
34  1  1  4  292    2   62   76    1    2    0    1    1    0    1  3  -1  -1  -1.000 -1.000
34  1  2  4  293   37   77   21    7    0    1    0    0    1    1  1  -1  -1  -1.000 -1.000
34  1  2  4  294    0   70   79    7    0    0    0    1    0    1  2  -1  -1  -1.000 -1.000
34  1  2  4  295    4   74   36    7    0    0    0    1    0    1  2  -1  -1  -1.000 -1.000
34  1  2  4  296   25   75   40    7    0    1    1    0    0    0  3  -1  -1  -1.000 -1.000
34  1  2  4  297   16   76   62    7    0    1    0    1    1    0  2  -1  -1  -1.000 -1.000
34  1  2  4  298   38   78   63    7    0    1    1    0    1    1  4  -1  -1  -1.000 -1.000
34  1  2  4  299    7   77   31    7    0    1    0    1    0    1  2  -1  -1  -1.000 -1.000
34  1  2  4  300   13   73   16    7    0    0    0    1    1    0  2  -1  -1  -1.000 -1.000
34  1  2  4  301    5   75    5    7    0    1    1    1    0    1  3  -1  -1  -1.000 -1.000
34  1  2  4  302   29   79   59    7    0    1    0    0    0    0  1  -1  -1  -1.000 -1.000
34  1  2  4  303   11   71   78    7    0    0    0    1    1    0  2  -1  -1  -1.000 -1.000
34  1  2  4  304   18   78   66    7    0    1    1    1    1    0  4  -1  -1  -1.000 -1.000
34  1  2  4  305   21   71    5    7    0    0    1    0    0    0  3  -1  -1  -1.000 -1.000
34  1  2  4  306   27   77   38    7    0    1    0    0    0    0  1  -1  -1  -1.000 -1.000
34  1  2  4  307   39   79   59    7    0    1    1    0    1    1  4  -1  -1  -1.000 -1.000
34  1  2  4  308   17   77   75    7    0    1    0    1    1    0  2  -1  -1  -1.000 -1.000
34  1  2  4  309   26   76   46    7    0    1    1    0    0    0  3  -1  -1  -1.000 -1.000
34  1  2  4  310    8   78   23    7    0    1    0    1    0    1  2  -1  -1  -1.000 -1.000
34  1  2  4  311   32   72   52    7    0    0    0    0    1    1  1  -1  -1  -1.000 -1.000
34  1  2  4  312   28   78    1    7    0    1    1    0    0    0  3  -1  -1  -1.000 -1.000
34  1  2  4  313   31   71   48    7    0    0    1    0    1    1  4  -1  -1  -1.000 -1.000
34  1  2  4  314   12   72   43    7    0    0    1    1    1    0  4  -1  -1  -1.000 -1.000
34  1  2  4  315   30   70   54    7    0    0    1    0    1    1  4  -1  -1  -1.000 -1.000
34  1  2  4  316   19   79   39    7    0    1    0    1    1    0  2  -1  -1  -1.000 -1.000
34  1  2  4  317    1   71   55    7    0    0    0    1    0    1  2  -1  -1  -1.000 -1.000
34  1  2  4  318   23   73   26    7    0    0    0    0    0    0  1  -1  -1  -1.000 -1.000
34  1  2  4  319   34   74   33    7    0    0    0    0    1    1  1  -1  -1  -1.000 -1.000
34  1  2  4  320   14   74   57    7    0    0    0    1    1    0  2  -1  -1  -1.000 -1.000
34  1  2  4  321   24   74   13    7    0    0    0    0    0    0  1  -1  -1  -1.000 -1.000
34  1  2  4  322    3   73   47    7    0    0    0    1    0    1  2  -1  -1  -1.000 -1.000
34  1  2  4  323   15   75   23    7    0    1    1    1    1    0  4  -1  -1  -1.000 -1.000
34  1  2  4  324    2   72   10    7    0    0    1    1    0    1  3  -1  -1  -1.000 -1.000
34  1  2  4  325   20   70   50    7    0    0    1    0    0    0  3  -1  -1  -1.000 -1.000
34  1  2  4  326   33   73   11    7    0    0    1    0    1    1  4  -1  -1  -1.000 -1.000
34  1  2  4  327   22   72    3    7    0    0    1    0    0    0  3  -1  -1  -1.000 -1.000
34  1  2  4  328   36   76   30    7    0    1    0    0    1    1  1  -1  -1  -1.000 -1.000
34  1  2  4  329   35   75   17    7    0    1    1    0    1    1  4  -1  -1  -1.000 -1.000
34  1  2  4  330    6   76   13    7    0    1    0    1    0    1  2  -1  -1  -1.000 -1.000
34  1  2  4  331    9   79   44    7    0    1    1    1    0    1  3  -1  -1  -1.000 -1.000
34  1  2  4  332   10   70   38    7    0    0    1    1    1    0  4  -1  -1  -1.000 -1.000
