39  1  0  0    1    0   -1    2    2    0    1    1    1    1    0  2  4  0  3.520 0.000
39  1  0  0    2    0   -1    2    3    0    1    0    0    1    1  3  1  0  3.082 0.000
39  1  0  0    3    0   -1    2    4    0    1    1    0    0    0  1  3  0  8.494 0.000
39  1  0  0    4    0   -1    2    1    0    1    0    1    0    1  4  4  1  2.895 0.000
39  1  0  0    5    0   -1    2    0    0    0    0    1    1    0  4  1  0  2.407 0.000
39  1  0  0    6    0   -1    2    4    0    1    1    0    1    1  2  1  0  6.053 0.000
39  1  0  0    7    0   -1    2    1    0    1    0    0    1    1  3  3  1  4.986 0.000
39  1  0  0    8    0   -1    2    2    0    1    1    0    1    1  2  1  0  2.894 0.000
39  1  0  0    9    0   -1    2    3    0    1    0    0    1    1  3  3  1  1.640 0.000
39  1  0  0   10    0   -1    2    4    0    0    0    0    0    0  3  3  1  3.914 0.000
39  1  0  0   11    0   -1    2    0    0    1    1    1    0    1  1  1  1  0.754 0.000
39  1  0  0   12    0   -1    2    3    0    1    0    0    1    1  3  3  1  1.150 0.000
39  1  1  1   13   32    2   66    2    1    0    0    0    1    1  3  3  1  1.457 0.000
39  1  1  1   14    1    1   28    4    0    0    0    1    0    1  4  3  0  0.925 0.000
39  1  1  1   15   29    9    0    0    2    1    1    0    0    0  1  1  1  1.413 0.000
39  1  1  1   16   39    9   12    2    2    1    0    0    1    1  3  3  1  1.365 0.000
39  1  1  1   17   31    1   18    1    1    0    0    0    1    1  3  3  1  2.436 0.000
39  1  1  1   18    3    3   20    0    1    0    0    1    0    1  4  4  1  0.953 0.000
39  1  1  1   19   12    2   31    4    0    0    0    1    1    0  4  3  0  0.833 0.000
39  1  1  1   20    8    8   70    1    2    1    1    1    0    1  1  1  1  0.583 0.000
39  1  1  1   21    9    9   26    0    2    1    0    1    0    1  4  4  1  1.733 0.000
39  1  1  1   22   23    3   13    3    1    0    0    0    0    0  3  3  1  1.958 0.000
39  1  1  1   23   17    7   53    1    0    1    1    1    1    0  2  1  0  0.655 0.000
39  1  1  1   24    4    4   25    2    1    0    1    1    0    1  1  1  1  1.738 0.000
39  1  1  1   25   27    7   33    3    2    1    0    0    0    0  3  3  1  2.108 0.000
39  1  1  1   26   24    4   20    0    1    0    0    0    0    0  3  3  1  0.885 0.000
39  1  1  1   27   28    8   54    1    2    1    1    0    0    0  1  1  1  0.793 0.000
39  1  1  1   28   22    2   64    3    1    0    1    0    0    0  1  1  1  0.902 0.000
39  1  1  1   29   38    8   59    4    2    1    0    0    1    1  3  3  1  0.760 0.000
39  1  1  1   30    5    5   30    1    1    1    1    1    0    1  1  1  1  0.601 0.000
39  1  1  1   31   37    7   68    0    2    1    0    0    1    1  3  3  1  0.976 0.000
39  1  1  1   32   14    4   57    2    1    0    0    1    1    0  4  4  1  1.870 0.000
39  1  1  1   33   11    1   45    3    1    0    0    1    1    0  4  4  1  0.841 0.000
39  1  1  1   34    7    7   75    0    2    1    1    1    0    1  1  1  1  0.582 0.000
39  1  1  1   35    6    6   73    4    2    1    0    1    0    1  4  4  1  0.718 0.000
39  1  1  1   36   34    4   10    3    1    0    0    0    1    1  3  3  1  1.350 0.000
39  1  1  1   37   35    5   36    1    0    1    1    0    1    1  2  1  0  0.599 0.000
39  1  1  1   38   15    5    3    2    1    1    0    1    1    0  4  4  1  0.750 0.000
39  1  1  1   39   25    5   48    4    1    1    1    0    0    0  1  1  1  0.718 0.000
39  1  1  1   40   16    6   25    0    2    1    0    1    1    0  4  4  1  0.863 0.000
39  1  1  1   41    0    0   51    2    2    0    0    1    0    1  4  4  1  0.779 0.000
39  1  1  1   42   18    8    9    1    0    1    1    1    1    0  2  1  0  0.419 0.000
39  1  1  1   43   30    0   22    0    0    0    1    0    1    1  2  1  0  0.432 0.000
39  1  1  1   44    2    2    9    2    0    0    1    1    0    1  1  4  0  1.029 0.000
39  1  1  1   45   13    3    8    1    0    0    1    1    1    0  2  1  0  0.627 0.000
39  1  1  1   46   36    6   46    3    2    1    0    0    1    1  3  3  1  1.681 0.000
39  1  1  1   47   20    0   77    0    2    0    0    0    0    0  3  3  1  1.060 0.000
39  1  1  1   48   19    9   13    2    0    1    1    1    1    0  2  1  0  0.631 0.000
39  1  1  1   49   26    6   28    4    2    1    0    0    0    0  3  3  1  1.221 0.000
39  1  1  1   50   33    3    0    3    1    0    0    0    1    1  3  3  1  0.939 0.000
39  1  1  1   51   21    1   41    1    1    0    0    0    0    0  3  3  1  0.636 0.000
39  1  1  1   52   10    0   40    0    2    0    0    1    1    0  4  4  1  1.192 0.000
39  1  2  1   53   30   10   56    7    0    0    0    0    1    1  3  3  1  3.487 0.000
39  1  2  1   54   36   16   13    7    0    1    1    0    1    1  2  4  0  1.959 0.000
39  1  2  1   55   33   13   76    7    0    0    1    0    1    1  2  0  0  10.000 0.000
39  1  2  1   56    7   17   21    7    0    1    0    1    0    1  4  4  1  6.173 0.000
39  1  2  1   57   15   15   19    7    0    1    1    1    1    0  2  0  1  10.000 0.000
39  1  2  1   58   11   11   11    7    0    0    1    1    1    0  2  4  1  3.181 0.000
39  1  2  1   59   13   13   50    7    0    0    1    1    1    0  2  2  1  4.968 0.000
39  1  2  1   60   37   17   74    7    0    1    0    0    1    1  3  0  1  10.000 0.000
39  1  2  1   61   26   16   39    7    0    1    1    0    0    0  1  3  1  4.039 0.000
39  1  2  1   62    0   10   57    7    0    0    1    1    0    1  1  4  1  1.168 0.000
39  1  2  1   63    5   15   58    7    0    1    0    1    0    1  4  4  1  0.692 0.000
39  1  2  1   64   38   18   28    7    0    1    1    0    1    1  2  3  1  0.940 0.000
39  1  2  1   65   32   12   49    7    0    0    1    0    1    1  2  4  0  0.938 0.000
39  1  2  1   66   20   10    2    7    0    0    1    0    0    0  1  3  1  0.714 0.000
39  1  2  1   67   21   11   11    7    0    0    1    0    0    0  1  3  1  0.841 0.000
39  1  2  1   68   14   14   23    7    0    0    1    1    1    0  2  4  1  0.578 0.000
39  1  2  1   69   34   14   30    7    0    0    1    0    1    1  2  3  1  2.151 0.000
39  1  2  1   70   35   15   14    7    0    1    0    0    1    1  3  3  1  0.859 0.000
39  1  2  1   71    1   11   41    7    0    0    0    1    0    1  4  4  1  0.859 0.000
39  1  2  1   72    6   16    7    7    0    1    1    1    0    1  1  4  1  0.844 0.000
39  1  2  1   73    9   19   50    7    0    1    0    1    0    1  4  4  1  0.526 0.000
39  1  2  1   74   19   19    5    7    0    1    1    1    1    0  2  4  1  1.076 0.000
39  1  2  1   75   31   11   37    7    0    0    1    0    1    1  2  4  0  1.188 0.000
39  1  2  1   76    3   13   10    7    0    0    1    1    0    1  1  4  1  1.115 0.000
39  1  2  1   77   10   10   49    7    0    0    1    1    1    0  2  4  1  0.930 0.000
39  1  2  1   78   12   12   42    7    0    0    1    1    1    0  2  4  1  1.552 0.000
39  1  2  1   79    2   12    6    7    0    0    1    1    0    1  1  4  1  0.692 0.000
39  1  2  1   80   23   13   42    7    0    0    1    0    0    0  1  3  1  1.027 0.000
39  1  2  1   81   28   18   57    7    0    1    0    0    0    0  3  3  1  0.854 0.000
39  1  2  1   82   27   17   36    7    0    1    1    0    0    0  1  3  1  0.855 0.000
39  1  2  1   83    4   14   45    7    0    0    1    1    0    1  1  3  0  0.743 0.000
39  1  2  1   84   18   18   12    7    0    1    0    1    1    0  4  4  1  0.760 0.000
39  1  2  1   85    8   18   42    7    0    1    1    1    0    1  1  4  1  0.693 0.000
39  1  2  1   86   24   14   73    7    0    0    1    0    0    0  1  3  1  1.020 0.000
39  1  2  1   87   29   19   12    7    0    1    0    0    0    0  3  3  1  0.782 0.000
39  1  2  1   88   22   12   21    7    0    0    0    0    0    0  3  3  1  1.066 0.000
39  1  2  1   89   25   15   66    7    0    1    1    0    0    0  1  3  1  1.003 0.000
39  1  2  1   90   17   17   24    7    0    1    0    1    1    0  4  4  1  0.566 0.000
39  1  2  1   91   39   19    6    7    0    1    1    0    1    1  2  4  0  0.731 0.000
39  1  2  1   92   16   16   52    7    0    1    0    1    1    0  4  4  1  0.931 0.000
39  1  1  2   93   30   20   67    0    2    0    0    0    1    1  3  3  1  2.571 0.000
39  1  1  2   94   16   26   27    1    0    1    1    1    1    0  2  1  0  0.515 0.000
39  1  1  2   95    9   29   66    2    2    1    0    1    0    1  4  4  1  0.661 0.000
39  1  1  2   96   13   23   26    0    1    0    0    1    1    0  4  4  1  0.586 0.000
39  1  1  2   97    0   20   12    4    2    0    0    1    0    1  4  4  1  0.944 0.000
39  1  1  2   98    1   21   65    3    1    0    0    1    0    1  4  4  1  0.601 0.000
39  1  1  2   99   12   22   71    0    1    0    0    1    1    0  4  4  1  0.695 0.000
39  1  1  2  100   24   24   32    1    1    0    0    0    0    0  3  3  1  0.922 0.000
39  1  1  2  101   19   29   28    2    0    1    1    1    1    0  2  1  0  0.539 0.000
39  1  1  2  102   29   29   69    3    2    1    0    0    0    0  3  3  1  3.380 0.000
39  1  1  2  103   32   22   63    1    1    0    0    0    1    1  3  3  1  0.811 0.000
39  1  1  2  104    7   27   60    0    2    1    1    1    0    1  1  1  1  0.594 0.000
39  1  1  2  105   25   25   68    3    1    1    0    0    0    0  3  3  1  1.856 0.000
39  1  1  2  106   14   24   54    2    1    0    0    1    1    0  4  4  1  0.517 0.000
39  1  1  2  107   26   26   26    0    2    1    1    0    0    0  1  1  1  0.550 0.000
39  1  1  2  108   11   21   69    3    0    0    1    1    1    0  2  1  0  0.503 0.000
39  1  1  2  109   39   29    4    4    2    1    0    0    1    1  3  3  1  3.376 0.000
39  1  1  2  110   38   28   15    2    0    1    1    0    1    1  2  1  0  1.320 0.000
39  1  1  2  111   10   20    7    0    0    0    1    1    1    0  2  1  0  3.977 0.000
39  1  1  2  112   18   28   37    4    2    1    0    1    1    0  4  4  1  1.384 0.000
39  1  1  2  113   20   20   23    1    2    0    0    0    0    0  3  3  1  0.927 0.000
39  1  1  2  114   17   27   73    0    2    1    1    1    1    0  2  2  1  0.577 0.000
39  1  1  2  115   27   27   29    2    2    1    0    0    0    0  3  3  1  1.136 0.000
39  1  1  2  116   31   21   27    4    1    0    0    0    1    1  3  3  1  1.001 0.000
39  1  1  2  117    3   23   16    0    1    0    0    1    0    1  4  4  1  0.671 0.000
39  1  1  2  118    6   26   29    3    0    1    1    1    0    1  1  2  0  0.555 0.000
39  1  1  2  119    8   28   72    4    2    1    0    1    0    1  4  4  1  1.434 0.000
39  1  1  2  120    2   22   14    1    1    0    0    1    0    1  4  4  1  0.719 0.000
39  1  1  2  121    4   24    8    3    1    0    0    1    0    1  4  4  1  0.673 0.000
39  1  1  2  122   34   24   70    0    1    0    0    0    1    1  3  3  1  0.916 0.000
39  1  1  2  123   28   28   56    1    2    1    1    0    0    0  1  1  1  1.141 0.000
39  1  1  2  124   36   26    2    2    2    1    0    0    1    1  3  3  1  0.830 0.000
39  1  1  2  125   35   25   32    0    0    1    1    0    1    1  2  1  0  1.220 0.000
39  1  1  2  126   37   27   17    3    2    1    0    0    1    1  3  3  1  1.609 0.000
39  1  1  2  127   23   23   16    1    1    0    0    0    0    0  3  3  1  1.471 0.000
39  1  1  2  128   15   25   43    0    0    1    1    1    1    0  2  1  0  1.338 0.000
39  1  1  2  129   33   23   19    4    1    0    1    0    1    1  2  2  1  3.611 0.000
39  1  1  2  130   22   22   44    1    0    0    1    0    0    0  1  2  0  2.249 0.000
39  1  1  2  131    5   25   43    3    1    1    0    1    0    1  4  4  1  1.526 0.000
39  1  1  2  132   21   21   63    4    1    0    0    0    0    0  3  3  1  0.920 0.000
39  1  2  2  133   20   30   52    7    0    0    0    0    0    0  3  3  1  1.176 0.000
39  1  2  2  134   38   38   58    7    0    1    1    0    1    1  2  3  1  2.053 0.000
39  1  2  2  135   39   39   25    7    0    1    0    0    1    1  3  3  1  0.870 0.000
39  1  2  2  136   37   37   72    7    0    1    1    0    1    1  2  3  1  1.222 0.000
39  1  2  2  137   34   34   24    7    0    0    1    0    1    1  2  3  1  0.711 0.000
39  1  2  2  138   16   36   77    7    0    1    0    1    1    0  4  4  1  0.742 0.000
39  1  2  2  139   32   32   40    7    0    0    0    0    1    1  3  3  1  0.852 0.000
39  1  2  2  140   29   39   50    7    0    1    1    0    0    0  1  3  1  1.245 0.000
39  1  2  2  141   27   37   74    7    0    1    0    0    0    0  3  3  1  0.734 0.000
39  1  2  2  142   14   34   65    7    0    0    0    1    1    0  4  3  0  0.995 0.000
39  1  2  2  143    3   33   38    7    0    0    0    1    0    1  4  4  1  0.666 0.000
39  1  2  2  144    0   30   15    7    0    0    0    1    0    1  4  4  1  0.859 0.000
39  1  2  2  145   24   34   10    7    0    0    0    0    0    0  3  3  1  0.892 0.000
39  1  2  2  146   23   33   59    7    0    0    0    0    0    0  3  3  1  0.978 0.000
39  1  2  2  147    9   39   74    7    0    1    1    1    0    1  1  4  1  0.711 0.000
39  1  2  2  148   17   37   47    7    0    1    0    1    1    0  4  4  1  0.662 0.000
39  1  2  2  149   36   36    1    7    0    1    1    0    1    1  2  3  1  0.751 0.000
39  1  2  2  150    8   38   71    7    0    1    0    1    0    1  4  4  1  0.891 0.000
39  1  2  2  151    1   31   19    7    0    0    0    1    0    1  4  4  1  0.770 0.000
39  1  2  2  152   26   36   25    7    0    1    1    0    0    0  1  3  1  1.182 0.000
39  1  2  2  153   18   38   68    7    0    1    0    1    1    0  4  4  1  2.251 0.000
39  1  2  2  154   21   31   49    7    0    0    0    0    0    0  3  3  1  1.811 0.000
39  1  2  2  155    5   35   35    7    0    1    1    1    0    1  1  4  1  3.046 0.000
39  1  2  2  156    6   36   55    7    0    1    0    1    0    1  4  4  1  2.384 0.000
39  1  2  2  157   33   33   53    7    0    0    0    0    1    1  3  3  1  0.763 0.000
39  1  2  2  158   35   35   55    7    0    1    1    0    1    1  2  3  1  0.807 0.000
39  1  2  2  159   30   30    3    7    0    0    1    0    1    1  2  3  1  1.426 0.000
39  1  2  2  160    4   34   77    7    0    0    1    1    0    1  1  4  1  0.972 0.000
39  1  2  2  161   12   32   55    7    0    0    1    1    1    0  2  3  0  3.233 0.000
39  1  2  2  162   28   38   35    7    0    1    0    0    0    0  3  3  1  1.941 0.000
39  1  2  2  163   25   35   47    7    0    1    1    0    0    0  1  3  1  1.139 0.000
39  1  2  2  164   13   33   56    7    0    0    1    1    1    0  2  4  1  1.984 0.000
39  1  2  2  165   11   31   21    7    0    0    1    1    1    0  2  4  1  0.987 0.000
39  1  2  2  166   15   35   15    7    0    1    0    1    1    0  4  4  1  1.127 0.000
39  1  2  2  167   10   30   30    7    0    0    0    1    1    0  4  4  1  1.141 0.000
39  1  2  2  168    2   32    1    7    0    0    0    1    0    1  4  4  1  1.067 0.000
39  1  2  2  169    7   37    0    7    0    1    1    1    0    1  1  4  1  1.682 0.000
39  1  2  2  170   22   32   45    7    0    0    1    0    0    0  1  3  1  0.962 0.000
39  1  2  2  171   31   31   61    7    0    0    1    0    1    1  2  3  1  1.639 0.000
39  1  2  2  172   19   39   35    7    0    1    0    1    1    0  4  4  1  1.001 0.000
39  1  1  3  173   10   40   59    2    2    0    0    1    1    0  4  4  1  2.786 0.000
39  1  1  3  174   11   41    0    1    1    0    0    1    1    0  4  4  1  0.841 0.000
39  1  1  3  175   20   40   65    0    2    0    0    0    0    0  3  3  1  0.614 0.000
39  1  1  3  176    8   48   59    4    2    1    1    1    0    1  1  1  1  0.916 0.000
39  1  1  3  177   32   42   39    2    0    0    1    0    1    1  2  3  0  1.533 0.000
39  1  1  3  178    4   44   79    0    1    0    1    1    0    1  1  1  1  1.118 0.000
39  1  1  3  179   19   49   22    3    2    1    0    1    1    0  4  4  1  0.640 0.000
39  1  1  3  180    2   42   68    1    1    0    0    1    0    1  4  4  1  2.341 0.000
39  1  1  3  181   14   44   66    0    1    0    0    1    1    0  4  4  1  0.549 0.000
39  1  1  3  182   38   48    8    2    0    1    1    0    1    1  2  3  0  1.254 0.000
39  1  1  3  183    6   46   31    4    2    1    0    1    0    1  4  4  1  3.635 0.000
39  1  1  3  184   35   45   77    1    0    1    1    0    1    1  2  1  0  4.239 0.000
39  1  1  3  185   13   43   44    0    1    0    1    1    1    0  2  2  1  0.684 0.000
39  1  1  3  186   36   46   44    2    2    1    0    0    1    1  3  3  1  2.863 0.000
39  1  1  3  187   33   43   29    1    1    0    0    0    1    1  3  3  1  0.802 0.000
39  1  1  3  188   17   47    4    4    0    1    1    1    1    0  2  1  0  0.753 0.000
39  1  1  3  189   31   41   34    3    1    0    1    0    1    1  2  2  1  2.137 0.000
39  1  1  3  190   22   42   58    0    1    0    1    0    0    0  1  1  1  1.145 0.000
39  1  1  3  191   30   40    7    1    2    0    1    0    1    1  2  2  1  1.618 0.000
39  1  1  3  192   23   43    4    2    0    0    1    0    0    0  1  2  0  0.728 0.000
39  1  1  3  193   18   48   58    4    2    1    0    1    1    0  4  4  1  1.153 0.000
39  1  1  3  194   25   45   67    0    1    1    1    0    0    0  1  1  1  1.921 0.000
39  1  1  3  195   37   47   57    3    2    1    0    0    1    1  3  3  1  3.234 0.000
39  1  1  3  196    7   47   64    1    2    1    1    1    0    1  1  1  1  0.696 0.000
39  1  1  3  197    0   40    3    0    2    0    1    1    0    1  1  1  1  0.673 0.000
39  1  1  3  198   15   45   78    3    1    1    0    1    1    0  4  4  1  0.637 0.000
39  1  1  3  199    3   43   36    4    1    0    0    1    0    1  4  4  1  1.770 0.000
39  1  1  3  200    5   45   62    1    1    1    1    1    0    1  1  1  1  1.026 0.000
39  1  1  3  201   39   49   43    0    0    1    0    0    1    1  3  4  0  1.119 0.000
39  1  1  3  202    1   41   67    4    1    0    0    1    0    1  4  4  1  1.040 0.000
39  1  1  3  203   34   44   79    1    1    0    0    0    1    1  3  3  1  0.901 0.000
39  1  1  3  204   24   44   27    3    1    0    0    0    0    0  3  3  1  0.648 0.000
39  1  1  3  205   12   42   74    2    1    0    0    1    1    0  4  4  1  1.299 0.000
39  1  1  3  206   27   47   79    1    2    1    1    0    0    0  1  1  1  0.550 0.000
39  1  1  3  207   21   41   37    4    0    0    1    0    0    0  1  2  0  0.806 0.000
39  1  1  3  208   16   46   75    3    2    1    0    1    1    0  4  4  1  2.595 0.000
39  1  1  3  209   28   48   30    0    2    1    1    0    0    0  1  1  1  1.355 0.000
39  1  1  3  210   29   49   55    2    2    1    0    0    0    0  3  3  1  3.107 0.000
39  1  1  3  211    9   49    4    4    2    1    1    1    0    1  1  1  1  5.941 0.000
39  1  1  3  212   26   46   61    1    2    1    0    0    0    0  3  3  1  0.694 0.000
39  1  2  3  213   35   55    5    7    0    1    1    0    1    1  2  3  1  0.865 0.000
39  1  2  3  214    5   55   53    7    0    1    0    1    0    1  4  4  1  1.658 0.000
39  1  2  3  215   16   56   33    7    0    1    1    1    1    0  2  4  1  0.706 0.000
39  1  2  3  216    8   58   49    7    0    1    0    1    0    1  4  4  1  0.977 0.000
39  1  2  3  217   21   51   78    7    0    0    0    0    0    0  3  3  1  0.773 0.000
39  1  2  3  218   28   58    9    7    0    1    1    0    0    0  1  3  1  0.825 0.000
39  1  2  3  219   26   56   75    7    0    1    0    0    0    0  3  3  1  1.170 0.000
39  1  2  3  220   22   52    3    7    0    0    0    0    0    0  3  3  1  1.503 0.000
39  1  2  3  221   36   56   31    7    0    1    1    0    1    1  2  3  1  0.830 0.000
39  1  2  3  222   38   58   60    7    0    1    0    0    1    1  3  3  1  0.888 0.000
39  1  2  3  223   32   52    9    7    0    0    0    0    1    1  3  3  1  1.399 0.000
39  1  2  3  224    3   53   39    7    0    0    0    1    0    1  4  4  1  3.122 0.000
39  1  2  3  225   39   59   21    7    0    1    1    0    1    1  2  3  1  1.025 0.000
39  1  2  3  226   19   59   29    7    0    1    0    1    1    0  4  4  1  1.275 0.000
39  1  2  3  227   18   58   16    7    0    1    1    1    1    0  2  4  1  1.066 0.000
39  1  2  3  228   13   53    6    7    0    0    1    1    1    0  2  4  1  0.675 0.000
39  1  2  3  229   25   55    5    7    0    1    0    0    0    0  3  3  1  0.835 0.000
39  1  2  3  230   17   57   79    7    0    1    1    1    1    0  2  4  1  0.845 0.000
39  1  2  3  231    9   59   13    7    0    1    0    1    0    1  4  4  1  0.749 0.000
39  1  2  3  232   34   54   78    7    0    0    0    0    1    1  3  3  1  0.715 0.000
39  1  2  3  233   37   57   26    7    0    1    1    0    1    1  2  3  1  1.194 0.000
39  1  2  3  234    0   50   63    7    0    0    1    1    0    1  1  4  1  1.861 0.000
39  1  2  3  235   20   50   18    7    0    0    1    0    0    0  1  3  1  0.782 0.000
39  1  2  3  236    4   54   47    7    0    0    1    1    0    1  1  4  1  1.042 0.000
39  1  2  3  237   15   55   18    7    0    1    0    1    1    0  4  4  1  0.771 0.000
39  1  2  3  238    6   56   69    7    0    1    1    1    0    1  1  4  1  0.976 0.000
39  1  2  3  239    7   57   33    7    0    1    0    1    0    1  4  4  1  0.764 0.000
39  1  2  3  240   29   59   22    7    0    1    1    0    0    0  1  3  1  1.216 0.000
39  1  2  3  241   24   54   38    7    0    0    1    0    0    0  1  3  1  3.883 0.000
39  1  2  3  242   10   50   48    7    0    0    1    1    1    0  2  4  1  1.171 0.000
39  1  2  3  243   31   51   11    7    0    0    1    0    1    1  2  3  1  0.814 0.000
39  1  2  3  244   30   50   45    7    0    0    1    0    1    1  2  3  1  0.721 0.000
39  1  2  3  245   33   53   38    7    0    0    1    0    1    1  2  3  1  1.143 0.000
39  1  2  3  246   12   52   41    7    0    0    1    1    1    0  2  4  1  1.198 0.000
39  1  2  3  247    1   51   27    7    0    0    1    1    0    1  1  4  1  1.296 0.000
39  1  2  3  248    2   52   17    7    0    0    1    1    0    1  1  4  1  1.919 0.000
39  1  2  3  249   23   53    1    7    0    0    1    0    0    0  1  3  1  2.677 0.000
39  1  2  3  250   14   54   76    7    0    0    1    1    1    0  2  4  1  1.670 0.000
39  1  2  3  251   27   57    8    7    0    1    0    0    0    0  3  3  1  0.901 0.000
39  1  2  3  252   11   51   36    7    0    0    0    1    1    0  4  4  1  1.964 0.000
39  1  1  4  253    1   61   46    4    1    0    0    1    0    1  4  4  1  5.028 0.000
39  1  1  4  254    7   67   40    1    2    1    1    1    0    1  1  1  1  0.570 0.000
39  1  1  4  255   25   65   24    2    1    1    0    0    0    0  3  3  1  0.881 0.000
39  1  1  4  256   14   64   60    4    1    0    0    1    1    0  4  4  1  0.677 0.000
39  1  1  4  257    4   64   54    3    1    0    0    1    0    1  4  4  1  0.824 0.000
39  1  1  4  258   10   60   10    2    2    0    0    1    1    0  4  4  1  0.654 0.000
39  1  1  4  259   23   63   62    4    1    0    0    0    0    0  3  3  1  0.730 0.000
39  1  1  4  260   32   62   16    3    1    0    0    0    1    1  3  3  1  1.251 0.000
39  1  1  4  261   17   67   34    2    2    1    1    1    1    0  2  2  1  1.951 0.000
39  1  1  4  262   24   64   31    0    1    0    1    0    0    0  1  1  1  0.439 0.000
39  1  1  4  263   36   66   42    3    2    1    0    0    1    1  3  3  1  0.747 0.000
39  1  1  4  264    8   68   52    2    2    1    1    1    0    1  1  1  1  0.972 0.000
39  1  1  4  265   20   60   14    0    2    0    1    0    0    0  1  1  1  0.844 0.000
39  1  1  4  266   30   60   20    1    0    0    1    0    1    1  2  3  0  1.457 0.000
39  1  1  4  267   19   69   64    4    2    1    0    1    1    0  4  4  1  0.781 0.000
39  1  1  4  268   39   69   64    3    0    1    1    0    1    1  2  1  0  1.380 0.000
39  1  1  4  269   35   65   23    1    1    1    0    0    1    1  3  3  1  1.396 0.000
39  1  1  4  270   12   62   20    2    1    0    0    1    1    0  4  4  1  0.891 0.000
39  1  1  4  271   18   68   62    4    0    1    1    1    1    0  2  1  0  0.597 0.000
39  1  1  4  272    3   63    5    0    1    0    1    1    0    1  1  1  1  1.100 0.000
39  1  1  4  273   13   63   14    2    0    0    1    1    1    0  2  1  0  3.134 0.000
39  1  1  4  274   31   61   71    4    0    0    1    0    1    1  2  1  0  1.070 0.000
39  1  1  4  275    2   62   34    3    0    0    1    1    0    1  1  3  0  0.402 0.000
39  1  1  4  276   29   69    6    1    2    1    0    0    0    0  3  3  1  3.696 0.000
39  1  1  4  277   16   66   39    0    0    1    1    1    1    0  2  1  0  0.587 0.000
39  1  1  4  278   33   63   51    2    0    0    1    0    1    1  2  1  0  1.513 0.000
39  1  1  4  279   37   67   50    1    2    1    0    0    1    1  3  3  1  0.828 0.000
39  1  1  4  280   38   68   54    3    0    1    1    0    1    1  2  3  0  0.169 0.000
39  1  1  4  281   11   61   63    0    0    0    1    1    1    0  2  1  0  1.640 0.000
39  1  1  4  282   27   67   51    2    2    1    0    0    0    0  3  3  1  2.517 0.000
39  1  1  4  283   22   62   46    4    1    0    0    0    0    0  3  3  1  0.783 0.000
39  1  1  4  284   34   64   35    1    1    0    0    0    1    1  3  3  1  1.238 0.000
39  1  1  4  285    6   66   76    2    2    1    1    1    0    1  1  1  1  0.618 0.000
39  1  1  4  286   26   66   71    4    2    1    0    0    0    0  3  3  1  1.399 0.000
39  1  1  4  287   15   65   38    0    0    1    1    1    1    0  2  1  0  0.774 0.000
39  1  1  4  288   28   68   53    1    2    1    0    0    0    0  3  3  1  1.261 0.000
39  1  1  4  289    0   60   32    4    0    0    0    1    0    1  4  1  0  1.569 0.000
39  1  1  4  290   21   61   15    2    1    0    0    0    0    0  3  3  1  1.137 0.000
39  1  1  4  291    9   69   61    3    0    1    1    1    0    1  1  2  0  0.658 0.000
39  1  1  4  292    5   65   37    1    1    1    0    1    0    1  4  4  1  0.813 0.000
39  1  2  4  293   10   70   17    7    0    0    0    1    1    0  4  4  1  1.211 0.000
39  1  2  4  294   17   77    1    7    0    1    1    1    1    0  2  4  1  0.766 0.000
39  1  2  4  295   24   74   60    7    0    0    1    0    0    0  1  3  1  1.299 0.000
39  1  2  4  296   16   76   61    7    0    1    0    1    1    0  4  4  1  0.739 0.000
39  1  2  4  297   19   79    2    7    0    1    1    1    1    0  2  4  1  0.759 0.000
39  1  2  4  298    0   70   48    7    0    0    1    1    0    1  1  4  1  0.860 0.000
39  1  2  4  299   28   78   76    7    0    1    0    0    0    0  3  3  1  0.869 0.000
39  1  2  4  300    8   78   44    7    0    1    1    1    0    1  1  4  1  1.381 0.000
39  1  2  4  301   23   73   34    7    0    0    1    0    0    0  1  3  1  1.825 0.000
39  1  2  4  302   33   73   69    7    0    0    1    0    1    1  2  3  1  1.691 0.000
39  1  2  4  303    2   72    2    7    0    0    1    1    0    1  1  3  0  1.035 0.000
39  1  2  4  304   21   71    7    7    0    0    1    0    0    0  1  3  1  0.800 0.000
39  1  2  4  305   25   75   17    7    0    1    0    0    0    0  3  3  1  1.490 0.000
39  1  2  4  306    5   75   18    7    0    1    1    1    0    1  1  4  1  1.753 0.000
39  1  2  4  307    9   79   22    7    0    1    0    1    0    1  4  4  1  1.334 0.000
39  1  2  4  308   20   70   72    7    0    0    0    0    0    0  3  3  1  2.091 0.000
39  1  2  4  309   22   72   43    7    0    0    0    0    0    0  3  3  1  5.179 0.000
39  1  2  4  310    7   77   78    7    0    1    1    1    0    1  1  4  1  0.631 0.000
39  1  2  4  311   14   74   46    7    0    0    1    1    1    0  2  4  1  0.722 0.000
39  1  2  4  312    3   73   24    7    0    0    1    1    0    1  1  4  1  1.031 0.000
39  1  2  4  313   31   71   41    7    0    0    1    0    1    1  2  3  1  1.505 0.000
39  1  2  4  314   27   77   40    7    0    1    0    0    0    0  3  3  1  0.712 0.000
39  1  2  4  315   18   78   67    7    0    1    1    1    1    0  2  3  0  0.767 0.000
39  1  2  4  316   37   77   75    7    0    1    0    0    1    1  3  3  1  0.822 0.000
39  1  2  4  317   36   76   62    7    0    1    1    0    1    1  2  3  1  0.904 0.000
39  1  2  4  318   13   73   72    7    0    0    1    1    1    0  2  4  1  1.119 0.000
39  1  2  4  319   12   72   51    7    0    0    1    1    1    0  2  4  1  1.181 0.000
39  1  2  4  320    4   74   56    7    0    0    1    1    0    1  1  4  1  0.881 0.000
39  1  2  4  321   11   71   70    7    0    0    1    1    1    0  2  4  1  1.857 0.000
39  1  2  4  322   30   70   52    7    0    0    1    0    1    1  2  3  1  0.698 0.000
39  1  2  4  323   29   79   70    7    0    1    0    0    0    0  3  3  1  0.754 0.000
39  1  2  4  324   32   72   33    7    0    0    0    0    1    1  3  3  1  0.766 0.000
39  1  2  4  325    1   71   23    7    0    0    0    1    0    1  4  4  1  0.930 0.000
39  1  2  4  326   34   74   73    7    0    0    0    0    1    1  3  3  1  0.624 0.000
39  1  2  4  327   35   75   65    7    0    1    1    0    1    1  2  3  1  0.650 0.000
39  1  2  4  328   15   75   32    7    0    1    0    1    1    0  4  4  1  0.907 0.000
39  1  2  4  329   39   79   47    7    0    1    1    0    1    1  2  3  1  0.657 0.000
39  1  2  4  330   38   78   48    7    0    1    0    0    1    1  3  3  1  0.922 0.000
39  1  2  4  331   26   76   19    7    0    1    1    0    0    0  1  3  1  0.712 0.000
39  1  2  4  332    6   76   11    7    0    1    0    1    0    1  4  4  1  0.847 0.000
