31  1  0  0    1    0   -1    4    2    0    1    0    0    1    1  3  3  1  5.264 0.000
31  1  0  0    2    0   -1    4    1    0    1    1    0    0    0  1  1  1  2.849 0.000
31  1  0  0    3    0   -1    4    0    0    0    1    0    0    0  1  1  1  1.562 0.000
31  1  0  0    4    0   -1    4    2    0    0    1    1    1    0  2  2  1  1.007 0.000
31  1  0  0    5    0   -1    4    4    0    1    0    0    1    1  3  4  0  2.674 0.000
31  1  0  0    6    0   -1    4    3    0    1    1    0    1    1  2  2  1  3.575 0.000
31  1  0  0    7    0   -1    4    1    0    0    1    0    1    1  2  2  1  1.962 0.000
31  1  0  0    8    0   -1    4    4    0    0    1    1    1    0  2  2  1  5.847 0.000
31  1  0  0    9    0   -1    4    0    0    1    0    0    0    0  3  3  1  2.634 0.000
31  1  0  0   10    0   -1    4    1    0    1    1    0    1    1  2  2  1  2.603 0.000
31  1  0  0   11    0   -1    4    3    0    1    0    1    0    1  4  4  1  2.982 0.000
31  1  0  0   12    0   -1    4    2    0    0    0    1    1    0  4  4  1  1.275 0.000
31  1  1  1   13   38    8   55    0    2    1    1    0    1    1  2  2  1  1.552 0.000
31  1  1  1   14    7    7   41    3    2    1    0    1    0    1  4  4  1  1.256 0.000
31  1  1  1   15   23    3   78    4    1    0    0    0    0    0  3  3  1  1.269 0.000
31  1  1  1   16   18    8    1    2    2    1    1    1    1    0  2  2  1  1.880 0.000
31  1  1  1   17   26    6   44    3    2    1    0    0    0    0  3  3  1  1.236 0.000
31  1  1  1   18   13    3   66    1    1    0    0    1    1    0  4  4  1  1.567 0.000
31  1  1  1   19   34    4   53    2    1    0    0    0    1    1  3  3  1  1.655 0.000
31  1  1  1   20   31    1   52    3    1    0    0    0    1    1  3  3  1  0.868 0.000
31  1  1  1   21   19    9   76    4    2    1    1    1    1    0  2  2  1  1.190 0.000
31  1  1  1   22   10    0   78    2    2    0    1    1    1    0  2  2  1  1.214 0.000
31  1  1  1   23   17    7   39    1    2    1    0    1    1    0  4  4  1  1.380 0.000
31  1  1  1   24   35    5   70    3    1    1    1    0    1    1  2  2  1  3.172 0.000
31  1  1  1   25   27    7   18    2    2    1    0    0    0    0  3  3  1  0.738 0.000
31  1  1  1   26   28    8   66    1    2    1    1    0    0    0  1  1  1  1.091 0.000
31  1  1  1   27   14    4   13    3    1    0    1    1    1    0  2  2  1  1.838 0.000
31  1  1  1   28    6    6    8    4    2    1    0    1    0    1  4  4  1  1.210 0.000
31  1  1  1   29    3    3   58    0    1    0    0    1    0    1  4  4  1  0.921 0.000
31  1  1  1   30    8    8   29    3    2    1    1    1    0    1  1  1  1  1.378 0.000
31  1  1  1   31    2    2   48    1    1    0    1    1    0    1  1  1  1  2.626 0.000
31  1  1  1   32   24    4   59    0    1    0    1    0    0    0  1  1  1  2.288 0.000
31  1  1  1   33    9    9   13    3    2    1    0    1    0    1  4  4  1  0.858 0.000
31  1  1  1   34   37    7   48    4    2    1    1    0    1    1  2  2  1  1.486 0.000
31  1  1  1   35   29    9   21    1    2    1    0    0    0    0  3  3  1  2.289 0.000
31  1  1  1   36   25    5    4    3    1    1    1    0    0    0  1  1  1  3.652 0.000
31  1  1  1   37   22    2   58    2    1    0    1    0    0    0  1  1  1  1.608 0.000
31  1  1  1   38   32    2   25    4    1    0    1    0    1    1  2  2  1  1.398 0.000
31  1  1  1   39    5    5   52    3    1    1    0    1    0    1  4  4  1  0.925 0.000
31  1  1  1   40   15    5   19    0    1    1    1    1    1    0  2  2  1  0.806 0.000
31  1  1  1   41   20    0   25    2    2    0    1    0    0    0  1  1  1  1.197 0.000
31  1  1  1   42   33    3   61    3    1    0    1    0    1    1  2  2  1  1.731 0.000
31  1  1  1   43   39    9   59    0    2    1    0    0    1    1  3  3  1  0.956 0.000
31  1  1  1   44    1    1   53    2    1    0    0    1    0    1  4  4  1  3.453 0.000
31  1  1  1   45   16    6   48    1    2    1    1    1    1    0  2  2  1  1.184 0.000
31  1  1  1   46   30    0   16    0    2    0    1    0    1    1  2  2  1  2.007 0.000
31  1  1  1   47   12    2   11    3    1    0    1    1    1    0  2  2  1  1.087 0.000
31  1  1  1   48    0    0   61    2    2    0    1    1    0    1  1  1  1  2.504 0.000
31  1  1  1   49    4    4   65    1    1    0    1    1    0    1  1  1  1  3.506 0.000
31  1  1  1   50   21    1   33    3    1    0    1    0    0    0  1  1  1  1.149 0.000
31  1  1  1   51   11    1   28    4    1    0    1    1    1    0  2  2  1  1.125 0.000
31  1  1  1   52   36    6   44    0    2    1    0    0    1    1  3  3  1  0.823 0.000
31  1  2  1   53    4   14   47    7    0    0    0    1    0    1  4  4  1  1.933 0.000
31  1  2  1   54   19   19   41    7    0    1    1    1    1    0  2  2  1  1.635 0.000
31  1  2  1   55   25   15   60    7    0    1    0    0    0    0  3  1  1  1.435 0.000
31  1  2  1   56   18   18   22    7    0    1    1    1    1    0  2  4  1  1.053 0.000
31  1  2  1   57   24   14   12    7    0    0    1    0    0    0  1  3  1  0.934 0.000
31  1  2  1   58   31   11    9    7    0    0    1    0    1    1  2  2  1  1.012 0.000
31  1  2  1   59   15   15    6    7    0    1    0    1    1    0  4  2  1  3.662 0.000
31  1  2  1   60    3   13   44    7    0    0    0    1    0    1  4  4  1  1.407 0.000
31  1  2  1   61   27   17    3    7    0    1    1    0    0    0  1  3  1  2.562 0.000
31  1  2  1   62   39   19   50    7    0    1    0    0    1    1  3  2  1  1.718 0.000
31  1  2  1   63    9   19    5    7    0    1    1    1    0    1  1  1  1  4.068 0.000
31  1  2  1   64   38   18   32    7    0    1    0    0    1    1  3  3  1  1.525 0.000
31  1  2  1   65   17   17    7    7    0    1    1    1    1    0  2  4  1  2.986 0.000
31  1  2  1   66   13   13   27    7    0    0    1    1    1    0  2  4  1  2.614 0.000
31  1  2  1   67   16   16   71    7    0    1    0    1    1    0  4  2  1  1.881 0.000
31  1  2  1   68   37   17   45    7    0    1    1    0    1    1  2  3  1  1.050 0.000
31  1  2  1   69    7   17   78    7    0    1    0    1    0    1  4  4  1  0.745 0.000
31  1  2  1   70   29   19   31    7    0    1    1    0    0    0  1  1  1  0.879 0.000
31  1  2  1   71   12   12   20    7    0    0    1    1    1    0  2  2  1  0.975 0.000
31  1  2  1   72   23   13   17    7    0    0    1    0    0    0  1  3  1  1.372 0.000
31  1  2  1   73    8   18    1    7    0    1    0    1    0    1  4  4  1  0.911 0.000
31  1  2  1   74   10   10   24    7    0    0    0    1    1    0  4  2  1  0.926 0.000
31  1  2  1   75    1   11   54    7    0    0    0    1    0    1  4  1  1  2.140 0.000
31  1  2  1   76   33   13   40    7    0    0    0    0    1    1  3  2  1  1.234 0.000
31  1  2  1   77   34   14   38    7    0    0    0    0    1    1  3  3  1  2.139 0.000
31  1  2  1   78   20   10   23    7    0    0    0    0    0    0  3  1  1  0.713 0.000
31  1  2  1   79    5   15   59    7    0    1    1    1    0    1  1  4  1  1.175 0.000
31  1  2  1   80    2   12   55    7    0    0    1    1    0    1  1  4  1  1.092 0.000
31  1  2  1   81   21   11   32    7    0    0    1    0    0    0  1  1  1  1.098 0.000
31  1  2  1   82   32   12   14    7    0    0    1    0    1    1  2  2  1  1.426 0.000
31  1  2  1   83   28   18    0    7    0    1    0    0    0    0  3  3  1  0.732 0.000
31  1  2  1   84    6   16   26    7    0    1    1    1    0    1  1  1  1  1.459 0.000
31  1  2  1   85    0   10    3    7    0    0    1    1    0    1  1  4  1  0.675 0.000
31  1  2  1   86   26   16   74    7    0    1    0    0    0    0  3  3  1  1.859 0.000
31  1  2  1   87   14   14   34    7    0    0    0    1    1    0  4  2  1  1.124 0.000
31  1  2  1   88   30   10   46    7    0    0    0    0    1    1  3  2  1  1.042 0.000
31  1  2  1   89   35   15   11    7    0    1    1    0    1    1  2  3  1  2.459 0.000
31  1  2  1   90   22   12   53    7    0    0    1    0    0    0  1  1  1  1.436 0.000
31  1  2  1   91   36   16   78    7    0    1    0    0    1    1  3  3  1  1.686 0.000
31  1  2  1   92   11   11   79    7    0    0    0    1    1    0  4  2  1  1.694 0.000
31  1  1  2   93   15   25   47    0    1    1    1    1    1    0  2  2  1  2.219 0.000
31  1  1  2   94   29   29   77    2    2    1    0    0    0    0  3  3  1  3.081 0.000
31  1  1  2   95    0   20   73    3    2    0    0    1    0    1  4  4  1  0.677 0.000
31  1  1  2   96   39   29   71    4    2    1    1    0    1    1  2  2  1  1.800 0.000
31  1  1  2   97   18   28   62    2    2    1    0    1    1    0  4  4  1  0.734 0.000
31  1  1  2   98   33   23   68    3    1    0    0    0    1    1  3  3  1  0.919 0.000
31  1  1  2   99   10   20   53    0    2    0    0    1    1    0  4  4  1  1.137 0.000
31  1  1  2  100   25   25   75    1    1    1    1    0    0    0  1  1  1  1.369 0.000
31  1  1  2  101   34   24   42    3    1    0    1    0    1    1  2  2  1  0.840 0.000
31  1  1  2  102   20   20   56    4    2    0    1    0    0    0  1  1  1  3.222 0.000
31  1  1  2  103   26   26   27    1    2    1    0    0    0    0  3  3  1  1.666 0.000
31  1  1  2  104   22   22   55    3    1    0    0    0    0    0  3  3  1  1.270 0.000
31  1  1  2  105   24   24   67    0    1    0    0    0    0    0  3  3  1  1.490 0.000
31  1  1  2  106    3   23   45    2    1    0    0    1    0    1  4  4  1  1.085 0.000
31  1  1  2  107   32   22   47    4    1    0    0    0    1    1  3  3  1  1.807 0.000
31  1  1  2  108    4   24   36    1    1    0    0    1    0    1  4  4  1  1.133 0.000
31  1  1  2  109    9   29   74    0    2    1    1    1    0    1  1  1  1  1.094 0.000
31  1  1  2  110   30   20   63    2    2    0    1    0    1    1  2  2  1  1.104 0.000
31  1  1  2  111   23   23   61    3    1    0    1    0    0    0  1  1  1  1.051 0.000
31  1  1  2  112   14   24   69    4    1    0    1    1    1    0  2  2  1  3.463 0.000
31  1  1  2  113    6   26   17    0    2    1    0    1    0    1  4  4  1  1.515 0.000
31  1  1  2  114   16   26   58    2    2    1    1    1    1    0  2  2  1  1.117 0.000
31  1  1  2  115   17   27   26    3    2    1    0    1    1    0  4  4  1  0.751 0.000
31  1  1  2  116   19   29   12    4    2    1    1    1    1    0  2  2  1  1.343 0.000
31  1  1  2  117   21   21   70    1    1    0    1    0    0    0  1  1  1  2.335 0.000
31  1  1  2  118    1   21   14    0    1    0    1    1    0    1  1  1  1  3.632 0.000
31  1  1  2  119   35   25   28    3    1    1    0    0    1    1  3  3  1  0.814 0.000
31  1  1  2  120   12   22   25    1    1    0    0    1    1    0  4  4  1  1.107 0.000
31  1  1  2  121   37   27   24    2    2    1    1    0    1    1  2  2  1  2.278 0.000
31  1  1  2  122   27   27    5    0    2    1    0    0    0    0  3  3  1  1.490 0.000
31  1  1  2  123   31   21   39    3    1    0    0    0    1    1  3  3  1  1.332 0.000
31  1  1  2  124   36   26   66    4    2    1    1    0    1    1  2  2  1  2.469 0.000
31  1  1  2  125    5   25   71    2    1    1    0    1    0    1  4  4  1  0.969 0.000
31  1  1  2  126   13   23   54    1    1    0    0    1    1    0  4  4  1  3.162 0.000
31  1  1  2  127   28   28   19    3    2    1    1    0    0    0  1  1  1  1.744 0.000
31  1  1  2  128    7   27   70    0    2    1    0    1    0    1  4  4  1  1.105 0.000
31  1  1  2  129   11   21   16    4    1    0    0    1    1    0  4  4  1  0.884 0.000
31  1  1  2  130    8   28   11    3    2    1    1    1    0    1  1  1  1  1.862 0.000
31  1  1  2  131    2   22   60    0    0    0    1    1    0    1  1  2  0  1.210 0.000
31  1  1  2  132   38   28   65    1    2    1    0    0    1    1  3  3  1  3.753 0.000
31  1  2  2  133   38   38   21    7    0    1    1    0    1    1  2  3  1  1.344 0.000
31  1  2  2  134   21   31   49    7    0    0    1    0    0    0  1  3  1  1.374 0.000
31  1  2  2  135   39   39   67    7    0    1    0    0    1    1  3  2  1  1.290 0.000
31  1  2  2  136   11   31   18    7    0    0    0    1    1    0  4  4  1  0.994 0.000
31  1  2  2  137   25   35   73    7    0    1    1    0    0    0  1  3  1  2.149 0.000
31  1  2  2  138    9   39   19    7    0    1    0    1    0    1  4  1  1  1.746 0.000
31  1  2  2  139   34   34   72    7    0    0    0    0    1    1  3  2  1  2.080 0.000
31  1  2  2  140   17   37   21    7    0    1    1    1    1    0  2  4  1  0.936 0.000
31  1  2  2  141   23   33   26    7    0    0    1    0    0    0  1  1  1  1.293 0.000
31  1  2  2  142   14   34   17    7    0    0    1    1    1    0  2  2  1  1.613 0.000
31  1  2  2  143   19   39   38    7    0    1    0    1    1    0  4  4  1  2.016 0.000
31  1  2  2  144    0   30   72    7    0    0    0    1    0    1  4  1  1  0.947 0.000
31  1  2  2  145    2   32   25    7    0    0    0    1    0    1  4  4  1  0.903 0.000
31  1  2  2  146   16   36    5    7    0    1    1    1    1    0  2  4  1  1.086 0.000
31  1  2  2  147   20   30   48    7    0    0    1    0    0    0  1  3  1  2.182 0.000
31  1  2  2  148    6   36   68    7    0    1    0    1    0    1  4  1  1  1.610 0.000
31  1  2  2  149   32   32   12    7    0    0    0    0    1    1  3  3  1  0.876 0.000
31  1  2  2  150    8   38   57    7    0    1    1    1    0    1  1  1  1  0.973 0.000
31  1  2  2  151   28   38   41    7    0    1    0    0    0    0  3  1  1  0.985 0.000
31  1  2  2  152   10   30   46    7    0    0    0    1    1    0  4  4  1  0.829 0.000
31  1  2  2  153    4   34   76    7    0    0    0    1    0    1  4  1  1  0.934 0.000
31  1  2  2  154   30   30    3    7    0    0    0    0    1    1  3  3  1  1.380 0.000
31  1  2  2  155    1   31   27    7    0    0    0    1    0    1  4  4  1  1.984 0.000
31  1  2  2  156   12   32   33    7    0    0    0    1    1    0  4  4  1  0.852 0.000
31  1  2  2  157   18   38   55    7    0    1    1    1    1    0  2  2  1  1.484 0.000
31  1  2  2  158   22   32   22    7    0    0    1    0    0    0  1  1  1  0.995 0.000
31  1  2  2  159   27   37   13    7    0    1    0    0    0    0  3  3  1  0.783 0.000
31  1  2  2  160   37   37   19    7    0    1    1    0    1    1  2  2  1  1.411 0.000
31  1  2  2  161   31   31   15    7    0    0    1    0    1    1  2  2  1  1.293 0.000
31  1  2  2  162   36   36   37    7    0    1    0    0    1    1  3  2  1  4.413 0.000
31  1  2  2  163   26   36   42    7    0    1    1    0    0    0  1  3  1  1.712 0.000
31  1  2  2  164    3   33   42    7    0    0    1    1    0    1  1  1  1  3.749 0.000
31  1  2  2  165   35   35    8    7    0    1    0    0    1    1  3  3  1  1.283 0.000
31  1  2  2  166   33   33   74    7    0    0    0    0    1    1  3  2  1  2.019 0.000
31  1  2  2  167    5   35   18    7    0    1    1    1    0    1  1  4  1  3.141 0.000
31  1  2  2  168   24   34   34    7    0    0    1    0    0    0  1  3  1  1.186 0.000
31  1  2  2  169   13   33    8    7    0    0    1    1    1    0  2  2  1  2.342 0.000
31  1  2  2  170   15   35   30    7    0    1    0    1    1    0  4  4  1  0.900 0.000
31  1  2  2  171    7   37   20    7    0    1    1    1    0    1  1  1  1  1.498 0.000
31  1  2  2  172   29   39   45    7    0    1    0    0    0    0  3  1  1  0.962 0.000
31  1  1  3  173    4   44   24    0    1    0    0    1    0    1  4  4  1  1.895 0.000
31  1  1  3  174   17   47   72    4    2    1    1    1    1    0  2  2  1  1.049 0.000
31  1  1  3  175   14   44   61    3    1    0    1    1    1    0  2  2  1  0.910 0.000
31  1  1  3  176   28   48   14    0    2    1    0    0    0    0  3  3  1  4.008 0.000
31  1  1  3  177   12   42    9    1    1    0    0    1    1    0  4  4  1  0.742 0.000
31  1  1  3  178   29   49   79    4    2    1    1    0    0    0  1  1  1  1.247 0.000
31  1  1  3  179    3   43   39    0    1    0    1    1    0    1  1  1  1  2.092 0.000
31  1  1  3  180   25   45   63    3    1    1    0    0    0    0  3  3  1  0.847 0.000
31  1  1  3  181   10   40   70    1    2    0    0    1    1    0  4  4  1  2.419 0.000
31  1  1  3  182   32   42   57    0    1    0    0    0    1    1  3  3  1  1.041 0.000
31  1  1  3  183   16   46   56    4    2    1    1    1    1    0  2  2  1  0.878 0.000
31  1  1  3  184   34   44   30    3    1    0    1    0    1    1  2  2  1  6.008 0.000
31  1  1  3  185   37   47   69    1    2    1    0    0    1    1  3  3  1  1.311 0.000
31  1  1  3  186   13   43   57    2    1    0    0    1    1    0  4  4  1  0.897 0.000
31  1  1  3  187   21   41   43    4    1    0    0    0    0    0  3  3  1  1.939 0.000
31  1  1  3  188   36   46    1    0    2    1    1    0    1    1  2  2  1  1.053 0.000
31  1  1  3  189   23   43   76    3    1    0    1    0    0    0  1  1  1  0.769 0.000
31  1  1  3  190   19   49   14    4    2    1    0    1    1    0  4  4  1  0.976 0.000
31  1  1  3  191   24   44   69    0    1    0    0    0    0    0  3  3  1  1.311 0.000
31  1  1  3  192    6   46    9    2    2    1    1    1    0    1  1  1  1  1.122 0.000
31  1  1  3  193   15   45   29    3    1    1    0    1    1    0  4  4  1  1.395 0.000
31  1  1  3  194   39   49   33    1    2    1    1    0    1    1  2  2  1  1.905 0.000
31  1  1  3  195   27   47   68    0    2    1    0    0    0    0  3  3  1  1.268 0.000
31  1  1  3  196    9   49   35    4    2    1    1    1    0    1  1  1  1  2.024 0.000
31  1  1  3  197    5   45   40    1    1    1    0    1    0    1  4  4  1  1.092 0.000
31  1  1  3  198   33   43   79    2    1    0    0    0    1    1  3  3  1  0.679 0.000
31  1  1  3  199   30   40   51    3    2    0    0    0    1    1  3  3  1  1.531 0.000
31  1  1  3  200    2   42   69    0    1    0    0    1    0    1  4  4  1  0.989 0.000
31  1  1  3  201   31   41   73    2    1    0    0    0    1    1  3  3  1  1.267 0.000
31  1  1  3  202    7   47   75    4    0    1    1    1    0    1  1  4  0  2.486 0.000
31  1  1  3  203    8   48   33    1    2    1    0    1    0    1  4  4  1  2.202 0.000
31  1  1  3  204   22   42   54    3    1    0    0    0    0    0  3  3  1  1.991 0.000
31  1  1  3  205   26   46   15    0    2    1    1    0    0    0  1  1  1  1.846 0.000
31  1  1  3  206    1   41   62    2    1    0    1    1    0    1  1  1  1  0.803 0.000
31  1  1  3  207   11   41   42    1    1    0    1    1    1    0  2  2  1  4.249 0.000
31  1  1  3  208   18   48   44    0    2    1    0    1    1    0  4  4  1  0.646 0.000
31  1  1  3  209   20   40   72    4    2    0    0    0    0    0  3  3  1  2.275 0.000
31  1  1  3  210   38   48   62    1    2    1    1    0    1    1  2  2  1  0.983 0.000
31  1  1  3  211   35   45    5    3    1    1    0    0    1    1  3  3  1  0.709 0.000
31  1  1  3  212    0   40   37    2    2    0    0    1    0    1  4  4  1  0.768 0.000
31  1  2  3  213   31   51   56    7    0    0    0    0    1    1  3  3  1  1.295 0.000
31  1  2  3  214   38   58   77    7    0    1    1    0    1    1  2  2  1  1.247 0.000
31  1  2  3  215   19   59   63    7    0    1    0    1    1    0  4  2  1  0.688 0.000
31  1  2  3  216   28   58   52    7    0    1    1    0    0    0  1  3  1  1.983 0.000
31  1  2  3  217   24   54   46    7    0    0    1    0    0    0  1  1  1  0.699 0.000
31  1  2  3  218    8   58   49    7    0    1    0    1    0    1  4  4  1  1.059 0.000
31  1  2  3  219   10   50   10    7    0    0    0    1    1    0  4  4  1  0.675 0.000
31  1  2  3  220   16   56   45    7    0    1    1    1    1    0  2  4  1  0.659 0.000
31  1  2  3  221   30   50   27    7    0    0    1    0    1    1  2  2  1  1.092 0.000
31  1  2  3  222    2   52   43    7    0    0    1    1    0    1  1  4  1  0.659 0.000
31  1  2  3  223   35   55   17    7    0    1    0    0    1    1  3  2  1  0.931 0.000
31  1  2  3  224    6   56   15    7    0    1    1    1    0    1  1  1  1  1.250 0.000
31  1  2  3  225   33   53    6    7    0    0    1    0    1    1  2  2  1  1.355 0.000
31  1  2  3  226   22   52   37    7    0    0    1    0    0    0  1  3  1  0.952 0.000
31  1  2  3  227    1   51   31    7    0    0    1    1    0    1  1  1  1  1.436 0.000
31  1  2  3  228   36   56   43    7    0    1    0    0    1    1  3  3  1  4.558 0.000
31  1  2  3  229   23   53   51    7    0    0    0    0    0    0  3  3  1  2.291 0.000
31  1  2  3  230    5   55   22    7    0    1    1    1    0    1  1  1  1  2.729 0.000
31  1  2  3  231    4   54    0    7    0    0    1    1    0    1  1  4  1  1.912 0.000
31  1  2  3  232   37   57   58    7    0    1    0    0    1    1  3  2  1  0.967 0.000
31  1  2  3  233   20   50   47    7    0    0    0    0    0    0  3  3  1  1.643 0.000
31  1  2  3  234    0   50   64    7    0    0    0    1    0    1  4  4  1  0.764 0.000
31  1  2  3  235    9   59   77    7    0    1    1    1    0    1  1  4  1  0.713 0.000
31  1  2  3  236   13   53   51    7    0    0    1    1    1    0  2  2  1  1.496 0.000
31  1  2  3  237   11   51   52    7    0    0    1    1    1    0  2  4  1  0.672 0.000
31  1  2  3  238   18   58   74    7    0    1    0    1    1    0  4  2  1  1.167 0.000
31  1  2  3  239   21   51   71    7    0    0    0    0    0    0  3  1  1  1.411 0.000
31  1  2  3  240    7   57   51    7    0    1    1    1    0    1  1  4  1  0.702 0.000
31  1  2  3  241   39   59   36    7    0    1    0    0    1    1  3  2  1  1.053 0.000
31  1  2  3  242   15   55   32    7    0    1    1    1    1    0  2  4  1  0.670 0.000
31  1  2  3  243    3   53   38    7    0    0    1    1    0    1  1  4  1  0.989 0.000
31  1  2  3  244   12   52    2    7    0    0    1    1    1    0  2  2  1  1.753 0.000
31  1  2  3  245   25   55   30    7    0    1    0    0    0    0  3  1  1  1.110 0.000
31  1  2  3  246   34   54   18    7    0    0    0    0    1    1  3  3  1  1.669 0.000
31  1  2  3  247   27   57   11    7    0    1    1    0    0    0  1  3  1  0.988 0.000
31  1  2  3  248   32   52   22    7    0    0    1    0    1    1  2  2  1  0.944 0.000
31  1  2  3  249   26   56   16    7    0    1    0    0    0    0  3  3  1  0.750 0.000
31  1  2  3  250   29   59   36    7    0    1    1    0    0    0  1  1  1  6.170 0.000
31  1  2  3  251   14   54   43    7    0    0    1    1    1    0  2  4  1  1.542 0.000
31  1  2  3  252   17   57    0    7    0    1    0    1    1    0  4  2  1  1.668 0.000
31  1  1  4  253   15   65   23    2    1    1    1    1    1    0  2  2  1  1.479 0.000
31  1  1  4  254   17   67   77    4    2    1    0    1    1    0  4  4  1  0.570 0.000
31  1  1  4  255   14   64   15    0    1    0    0    1    1    0  4  4  1  0.650 0.000
31  1  1  4  256   31   61   75    3    1    0    0    0    1    1  3  3  1  0.662 0.000
31  1  1  4  257   32   62   26    4    1    0    0    0    1    1  3  3  1  0.954 0.000
31  1  1  4  258   10   60   67    0    2    0    0    1    1    0  4  4  1  1.074 0.000
31  1  1  4  259   12   62   31    3    1    0    0    1    1    0  4  4  1  1.189 0.000
31  1  1  4  260   26   66   57    1    2    1    1    0    0    0  1  1  1  1.076 0.000
31  1  1  4  261    7   67   50    0    2    1    0    1    0    1  4  4  1  0.624 0.000
31  1  1  4  262    5   65   12    3    1    1    1    1    0    1  1  1  1  3.829 0.000
31  1  1  4  263   36   66   34    1    2    1    0    0    1    1  3  3  1  1.843 0.000
31  1  1  4  264   13   63   36    4    1    0    0    1    1    0  4  4  1  1.576 0.000
31  1  1  4  265    2   62    2    3    1    0    0    1    0    1  4  4  1  0.727 0.000
31  1  1  4  266   30   60   64    0    2    0    0    0    1    1  3  3  1  0.648 0.000
31  1  1  4  267   24   64   64    2    1    0    0    0    0    0  3  3  1  1.021 0.000
31  1  1  4  268   39   69    0    1    2    1    1    0    1    1  2  2  1  1.595 0.000
31  1  1  4  269    4   64   79    3    1    0    1    1    0    1  1  1  1  1.033 0.000
31  1  1  4  270   29   69    7    0    2    1    0    0    0    0  3  3  1  1.494 0.000
31  1  1  4  271   27   67   62    2    2    1    1    0    0    0  1  1  1  0.969 0.000
31  1  1  4  272    0   60    7    1    2    0    1    1    0    1  1  1  1  1.169 0.000
31  1  1  4  273   16   66   50    4    2    1    0    1    1    0  4  4  1  0.911 0.000
31  1  1  4  274    1   61   10    2    1    0    0    1    0    1  4  4  1  0.906 0.000
31  1  1  4  275   11   61   35    3    1    0    0    1    1    0  4  4  1  0.620 0.000
31  1  1  4  276   22   62   50    1    1    0    0    0    0    0  3  3  1  0.978 0.000
31  1  1  4  277    9   69   46    4    2    1    1    1    0    1  1  1  1  0.864 0.000
31  1  1  4  278    8   68   34    0    2    1    0    1    0    1  4  4  1  0.853 0.000
31  1  1  4  279   19   69   68    1    2    1    1    1    1    0  2  2  1  1.633 0.000
31  1  1  4  280   38   68   35    2    2    1    0    0    1    1  3  3  1  0.829 0.000
31  1  1  4  281   33   63   10    0    1    0    0    0    1    1  3  3  1  1.211 0.000
31  1  1  4  282   18   68   49    3    2    1    1    1    1    0  2  2  1  0.745 0.000
31  1  1  4  283    3   63   67    1    1    0    1    1    0    1  1  1  1  1.530 0.000
31  1  1  4  284   35   65   23    0    1    1    0    0    1    1  3  3  1  0.915 0.000
31  1  1  4  285   37   67   29    3    2    1    1    0    1    1  2  2  1  1.189 0.000
31  1  1  4  286   21   61    8    2    1    0    1    0    0    0  1  1  1  2.020 0.000
31  1  1  4  287    6   66   63    4    2    1    0    1    0    1  4  4  1  1.234 0.000
31  1  1  4  288   25   65    9    0    1    1    1    0    0    0  1  1  1  2.078 0.000
31  1  1  4  289   28   68   29    1    2    1    0    0    0    0  3  3  1  1.402 0.000
31  1  1  4  290   34   64    4    2    1    0    0    0    1    1  3  3  1  0.680 0.000
31  1  1  4  291   23   63   38    4    1    0    0    0    0    0  3  3  1  0.907 0.000
31  1  1  4  292   20   60   28    3    2    0    0    0    0    0  3  3  1  2.517 0.000
31  1  2  4  293   32   72   20    7    0    0    0    0    1    1  3  3  1  1.327 0.000
31  1  2  4  294   29   79   24    7    0    1    1    0    0    0  1  1  1  1.070 0.000
31  1  2  4  295    5   75    4    7    0    1    0    1    0    1  4  4  1  1.053 0.000
31  1  2  4  296   25   75   65    7    0    1    1    0    0    0  1  1  1  0.910 0.000
31  1  2  4  297    8   78   23    7    0    1    0    1    0    1  4  1  1  1.981 0.000
31  1  2  4  298    2   72   16    7    0    0    0    1    0    1  4  4  1  0.737 0.000
31  1  2  4  299   24   74   39    7    0    0    0    0    0    0  3  1  1  0.686 0.000
31  1  2  4  300   33   73   76    7    0    0    0    0    1    1  3  3  1  1.845 0.000
31  1  2  4  301   39   79   31    7    0    1    1    0    1    1  2  3  1  0.847 0.000
31  1  2  4  302   23   73    2    7    0    0    1    0    0    0  1  3  1  0.705 0.000
31  1  2  4  303    4   74   56    7    0    0    1    1    0    1  1  1  1  2.039 0.000
31  1  2  4  304   22   72   40    7    0    0    1    0    0    0  1  3  1  0.760 0.000
31  1  2  4  305   16   76   73    7    0    1    0    1    1    0  4  2  1  1.021 0.000
31  1  2  4  306   15   75   59    7    0    1    1    1    1    0  2  4  1  0.688 0.000
31  1  2  4  307    7   77   21    7    0    1    0    1    0    1  4  4  1  0.622 0.000
31  1  2  4  308   34   74   13    7    0    0    0    0    1    1  3  2  1  1.249 0.000
31  1  2  4  309   37   77    7    7    0    1    1    0    1    1  2  3  1  0.658 0.000
31  1  2  4  310    6   76   28    7    0    1    0    1    0    1  4  1  1  0.995 0.000
31  1  2  4  311   27   77    6    7    0    1    1    0    0    0  1  3  1  2.183 0.000
31  1  2  4  312   35   75   41    7    0    1    0    0    1    1  3  2  1  1.770 0.000
31  1  2  4  313    1   71    6    7    0    0    0    1    0    1  4  4  1  1.318 0.000
31  1  2  4  314   14   74   65    7    0    0    0    1    1    0  4  2  1  1.396 0.000
31  1  2  4  315   38   78   60    7    0    1    1    0    1    1  2  3  1  0.640 0.000
31  1  2  4  316   13   73   60    7    0    0    1    1    1    0  2  4  1  0.633 0.000
31  1  2  4  317   20   70   35    7    0    0    1    0    0    0  1  1  1  1.059 0.000
31  1  2  4  318   30   70   49    7    0    0    1    0    1    1  2  2  1  1.068 0.000
31  1  2  4  319   17   77   40    7    0    1    0    1    1    0  4  2  1  1.012 0.000
31  1  2  4  320   28   78   10    7    0    1    1    0    0    0  1  3  1  1.318 0.000
31  1  2  4  321    3   73   66    7    0    0    1    1    0    1  1  4  1  2.205 0.000
31  1  2  4  322    9   79   30    7    0    1    0    1    0    1  4  1  1  1.640 0.000
31  1  2  4  323   18   78   37    7    0    1    1    1    1    0  2  4  1  1.241 0.000
31  1  2  4  324    0   70   32    7    0    0    1    1    0    1  1  4  1  2.506 0.000
31  1  2  4  325   19   79    4    7    0    1    0    1    1    0  4  2  1  1.105 0.000
31  1  2  4  326   36   76    2    7    0    1    1    0    1    1  2  3  1  0.648 0.000
31  1  2  4  327   26   76    1    7    0    1    0    0    0    0  3  1  1  2.193 0.000
31  1  2  4  328   31   71   54    7    0    0    0    0    1    1  3  3  1  1.245 0.000
31  1  2  4  329   10   70    3    7    0    0    0    1    1    0  4  4  1  1.094 0.000
31  1  2  4  330   21   71   20    7    0    0    0    0    0    0  3  1  1  2.262 0.000
31  1  2  4  331   12   72   64    7    0    0    0    1    1    0  4  4  1  1.246 0.000
31  1  2  4  332   11   71   75    7    0    0    0    1    1    0  4  4  1  0.640 0.000
