20  0  0  0    1    0   -1   35    4    0    0    1    0    0    0  1  1  1  1.438 0.000
20  0  0  0    2    0   -1   35    0    0    0    1    1    0    1  1  1  1  0.568 0.000
20  0  0  0    3    0   -1   35    3    0    0    1    0    0    0  1  1  1  0.716 0.000
20  0  0  0    4    0   -1   35    4    0    1    0    0    1    1  3  3  1  1.259 0.000
20  0  0  0    5    0   -1   35    0    0    1    1    1    1    0  2  1  0  0.612 0.000
20  0  0  0    6    0   -1   35    1    0    1    0    0    0    0  3  3  1  1.810 0.000
20  0  0  0    7    0   -1   35    2    0    0    0    1    1    0  4  4  1  0.854 0.000
20  0  0  0    8    0   -1   35    4    0    1    1    0    0    0  1  1  1  0.638 0.000
20  0  0  0    9    0   -1   35    0    0    0    1    0    0    0  1  1  1  0.544 0.000
20  0  0  0   10    0   -1   35    3    0    0    1    1    0    1  1  1  1  0.493 0.000
20  0  0  0   11    0   -1   35    4    0    1    0    0    1    1  3  3  1  0.797 0.000
20  0  0  0   12    0   -1   35    2    0    1    1    1    0    1  1  1  1  0.609 0.000
20  0  1  1   13    8    8   68    0    0    1    0    1    0    1  4  3  0  1.020 0.000
20  0  1  1   14   25    5   73    3    0    1    1    0    0    0  1  2  0  0.704 0.000
20  0  1  1   15   12    2   39    2    0    0    1    1    1    0  2  1  0  1.475 0.000
20  0  1  1   16   26    6   58    4    1    1    0    0    0    0  3  3  1  0.630 0.000
20  0  1  1   17    9    9   75    3    1    1    1    1    0    1  1  1  1  1.053 0.000
20  0  1  1   18   32    2   26    0    0    0    1    0    1    1  2  1  0  0.655 0.000
20  0  1  1   19   34    4   33    4    2    0    1    0    1    1  2  2  1  0.532 0.000
20  0  1  1   20   23    3   76    3    2    0    1    0    0    0  1  1  1  0.373 0.000
20  0  1  1   21   17    7   12    1    0    1    0    1    1    0  4  3  0  0.669 0.000
20  0  1  1   22    2    2    1    0    0    0    0    1    0    1  4  3  0  1.207 0.000
20  0  1  1   23    3    3   56    4    2    0    0    1    0    1  4  4  1  0.909 0.000
20  0  1  1   24   13    3   55    3    2    0    0    1    1    0  4  4  1  0.680 0.000
20  0  1  1   25    0    0   24    1    1    0    0    1    0    1  4  4  1  0.723 0.000
20  0  1  1   26   27    7    0    0    0    1    1    0    0    0  1  2  0  0.532 0.000
20  0  1  1   27   24    4   32    2    0    0    1    0    0    0  1  2  0  0.638 0.000
20  0  1  1   28   35    5   72    1    2    1    0    0    1    1  3  3  1  0.763 0.000
20  0  1  1   29    1    1    5    0    2    0    0    1    0    1  4  4  1  0.900 0.000
20  0  1  1   30   11    1   58    2    2    0    0    1    1    0  4  4  1  1.285 0.000
20  0  1  1   31   18    8   11    1    1    1    1    1    1    0  2  2  1  0.657 0.000
20  0  1  1   32   38    8   10    4    1    1    0    0    1    1  3  3  1  0.797 0.000
20  0  1  1   33   31    1   15    3    2    0    0    0    1    1  3  3  1  0.795 0.000
20  0  1  1   34   20    0   20    2    0    0    0    0    0    0  3  1  0  0.961 0.000
20  0  1  1   35   21    1   33    0    2    0    0    0    0    0  3  3  1  0.914 0.000
20  0  1  1   36   15    5   45    1    2    1    1    1    1    0  2  2  1  0.476 0.000
20  0  1  1   37   29    9   51    3    1    1    0    0    0    0  3  3  1  0.736 0.000
20  0  1  1   38   33    3   25    0    2    0    0    0    1    1  3  3  1  0.704 0.000
20  0  1  1   39   36    6    4    1    0    1    1    0    1    1  2  1  0  0.554 0.000
20  0  1  1   40   28    8   43    2    1    1    0    0    0    0  3  3  1  0.810 0.000
20  0  1  1   41   14    4   31    3    2    0    0    1    1    0  4  4  1  0.473 0.000
20  0  1  1   42   19    9   36    0    0    1    1    1    1    0  2  1  0  0.691 0.000
20  0  1  1   43    4    4   27    1    0    0    1    1    0    1  1  2  0  0.662 0.000
20  0  1  1   44   39    9   27    2    0    1    0    0    1    1  3  1  0  0.850 0.000
20  0  1  1   45   10    0   41    4    1    0    0    1    1    0  4  4  1  0.808 0.000
20  0  1  1   46   30    0   69    0    1    0    0    0    1    1  3  3  1  0.692 0.000
20  0  1  1   47    7    7   59    2    0    1    1    1    0    1  1  2  0  1.183 0.000
20  0  1  1   48   37    7   68    4    1    1    0    0    1    1  3  3  1  0.654 0.000
20  0  1  1   49    5    5   55    1    0    1    1    1    0    1  1  2  0  0.578 0.000
20  0  1  1   50   16    6   30    3    1    1    0    1    1    0  4  4  1  0.713 0.000
20  0  1  1   51    6    6   21    4    0    1    1    1    0    1  1  2  0  0.411 0.000
20  0  1  1   52   22    2   63    1    2    0    1    0    0    0  1  1  1  0.626 0.000
20  0  2  1   53   30   10   55    7    0    0    1    0    1    1  2  1  0  1.032 0.000
20  0  2  1   54   28   18    3    7    0    1    0    0    0    0  3  1  1  1.548 0.000
20  0  2  1   55   13   13   40    7    0    0    0    1    1    0  4  4  1  0.770 0.000
20  0  2  1   56    9   19   65    7    0    1    1    1    0    1  1  4  1  0.862 0.000
20  0  2  1   57    0   10   47    7    0    0    1    1    0    1  1  3  0  0.871 0.000
20  0  2  1   58   24   14    4    7    0    0    1    0    0    0  1  2  0  0.953 0.000
20  0  2  1   59   26   16   42    7    0    1    0    0    0    0  3  3  1  1.050 0.000
20  0  2  1   60    1   11   49    7    0    0    0    1    0    1  4  1  1  0.907 0.000
20  0  2  1   61   15   15   27    7    0    1    1    1    1    0  2  1  0  0.962 0.000
20  0  2  1   62   25   15   10    7    0    1    0    0    0    0  3  3  1  0.625 0.000
20  0  2  1   63    4   14   61    7    0    0    0    1    0    1  4  4  1  1.291 0.000
20  0  2  1   64   14   14    8    7    0    0    0    1    1    0  4  4  1  1.475 0.000
20  0  2  1   65   39   19   76    7    0    1    1    0    1    1  2  3  1  0.723 0.000
20  0  2  1   66   35   15   50    7    0    1    0    0    1    1  3  2  1  0.601 0.000
20  0  2  1   67    7   17   40    7    0    1    1    1    0    1  1  4  1  0.947 0.000
20  0  2  1   68    3   13   45    7    0    0    1    1    0    1  1  3  0  1.377 0.000
20  0  2  1   69   37   17   41    7    0    1    0    0    1    1  3  1  0  0.961 0.000
20  0  2  1   70   17   17   29    7    0    1    1    1    1    0  2  4  1  0.889 0.000
20  0  2  1   71   11   11   19    7    0    0    1    1    1    0  2  1  0  0.721 0.000
20  0  2  1   72   19   19   18    7    0    1    0    1    1    0  4  4  1  0.841 0.000
20  0  2  1   73    8   18   36    7    0    1    1    1    0    1  1  1  1  1.203 0.000
20  0  2  1   74   32   12   44    7    0    0    1    0    1    1  2  1  0  1.022 0.000
20  0  2  1   75   34   14   36    7    0    0    1    0    1    1  2  3  1  1.083 0.000
20  0  2  1   76   20   10    6    7    0    0    1    0    0    0  1  3  1  0.651 0.000
20  0  2  1   77   12   12   25    7    0    0    1    1    1    0  2  1  0  0.564 0.000
20  0  2  1   78   18   18   26    7    0    1    0    1    1    0  4  4  1  0.844 0.000
20  0  2  1   79   29   19   59    7    0    1    1    0    0    0  1  3  1  0.853 0.000
20  0  2  1   80   22   12   27    7    0    0    1    0    0    0  1  3  1  0.702 0.000
20  0  2  1   81    6   16   64    7    0    1    0    1    0    1  4  4  1  0.869 0.000
20  0  2  1   82   36   16   58    7    0    1    1    0    1    1  2  2  1  0.629 0.000
20  0  2  1   83   31   11   13    7    0    0    1    0    1    1  2  3  1  1.559 0.000
20  0  2  1   84   16   16   61    7    0    1    0    1    1    0  4  4  1  0.651 0.000
20  0  2  1   85   21   11   21    7    0    0    0    0    0    0  3  1  1  0.756 0.000
20  0  2  1   86   23   13   64    7    0    0    0    0    0    0  3  1  1  0.633 0.000
20  0  2  1   87   38   18   16    7    0    1    1    0    1    1  2  1  0  1.211 0.000
20  0  2  1   88    2   12   23    7    0    0    1    1    0    1  1  2  0  1.248 0.000
20  0  2  1   89   10   10   44    7    0    0    1    1    1    0  2  4  1  0.933 0.000
20  0  2  1   90   27   17    2    7    0    1    0    0    0    0  3  3  1  1.571 0.000
20  0  2  1   91    5   15   53    7    0    1    1    1    0    1  1  4  1  1.071 0.000
20  0  2  1   92   33   13   54    7    0    0    1    0    1    1  2  3  1  0.814 0.000
20  0  1  2   93    4   24   44    2    0    0    1    1    0    1  1  2  0  1.773 0.000
20  0  1  2   94    9   29   39    1    1    1    0    1    0    1  4  4  1  0.739 0.000
20  0  1  2   95   38   28   40    3    0    1    1    0    1    1  2  1  0  0.580 0.000
20  0  1  2   96   17   27   38    0    1    1    0    1    1    0  4  4  1  0.772 0.000
20  0  1  2   97   13   23   15    4    2    0    0    1    1    0  4  4  1  0.900 0.000
20  0  1  2   98    8   28   41    2    0    1    1    1    0    1  1  2  0  0.637 0.000
20  0  1  2   99   29   29    9    1    1    1    0    0    0    0  3  3  1  0.874 0.000
20  0  1  2  100    3   23   42    3    2    0    0    1    0    1  4  4  1  0.646 0.000
20  0  1  2  101   12   22   21    2    2    0    0    1    1    0  4  4  1  0.683 0.000
20  0  1  2  102   34   24   24    1    2    0    0    0    1    1  3  3  1  0.669 0.000
20  0  1  2  103   31   21   63    3    2    0    0    0    1    1  3  3  1  0.769 0.000
20  0  1  2  104   23   23   25    4    2    0    0    0    0    0  3  3  1  0.712 0.000
20  0  1  2  105   15   25   73    2    0    1    1    1    1    0  2  1  0  0.867 0.000
20  0  1  2  106   21   21   78    3    2    0    1    0    0    0  1  1  1  0.773 0.000
20  0  1  2  107   11   21   32    1    0    0    1    1    1    0  2  1  0  0.821 0.000
20  0  1  2  108   26   26   14    0    1    1    0    0    0    0  3  3  1  0.619 0.000
20  0  1  2  109    6   26   70    2    1    1    1    1    0    1  1  1  1  0.496 0.000
20  0  1  2  110   35   25   45    3    2    1    0    0    1    1  3  3  1  0.650 0.000
20  0  1  2  111   16   26   16    1    0    1    1    1    1    0  2  1  0  1.223 0.000
20  0  1  2  112   20   20   65    0    1    0    1    0    0    0  1  1  1  0.556 0.000
20  0  1  2  113   30   20   42    2    0    0    1    0    1    1  2  1  0  0.413 0.000
20  0  1  2  114   39   29   29    3    1    1    0    0    1    1  3  3  1  0.650 0.000
20  0  1  2  115    1   21   74    4    2    0    0    1    0    1  4  4  1  0.574 0.000
20  0  1  2  116   37   27   70    2    0    1    1    0    1    1  2  1  0  0.662 0.000
20  0  1  2  117   28   28   52    1    1    1    0    0    0    0  3  3  1  1.066 0.000
20  0  1  2  118   33   23    9    3    2    0    0    0    1    1  3  3  1  1.301 0.000
20  0  1  2  119   10   20   79    4    1    0    0    1    1    0  4  4  1  0.543 0.000
20  0  1  2  120    0   20    6    2    1    0    0    1    0    1  4  4  1  0.712 0.000
20  0  1  2  121    7   27    7    0    1    1    1    1    0    1  1  1  1  0.458 0.000
20  0  1  2  122   18   28   42    1    1    1    0    1    1    0  4  4  1  0.534 0.000
20  0  1  2  123   14   24   54    3    2    0    0    1    1    0  4  4  1  0.640 0.000
20  0  1  2  124   27   27   30    0    1    1    1    0    0    0  1  1  1  0.364 0.000
20  0  1  2  125   25   25   53    4    2    1    0    0    0    0  3  3  1  0.756 0.000
20  0  1  2  126    2   22   33    1    2    0    0    1    0    1  4  4  1  0.867 0.000
20  0  1  2  127   24   24   74    3    2    0    0    0    0    0  3  3  1  0.607 0.000
20  0  1  2  128   32   22   53    0    2    0    0    0    1    1  3  3  1  0.725 0.000
20  0  1  2  129   22   22   36    2    0    0    0    0    0    0  3  4  0  0.567 0.000
20  0  1  2  130   36   26   56    1    1    1    1    0    1    1  2  2  1  0.509 0.000
20  0  1  2  131    5   25   54    0    2    1    0    1    0    1  4  4  1  0.680 0.000
20  0  1  2  132   19   29   66    2    0    1    1    1    1    0  2  1  0  0.483 0.000
20  0  2  2  133   23   33   41    7    0    0    1    0    0    0  1  1  1  0.510 0.000
20  0  2  2  134   24   34   50    7    0    0    1    0    0    0  1  1  1  0.765 0.000
20  0  2  2  135    8   38   25    7    0    1    0    1    0    1  4  4  1  0.705 0.000
20  0  2  2  136   36   36   23    7    0    1    1    0    1    1  2  3  1  0.664 0.000
20  0  2  2  137   28   38   12    7    0    1    0    0    0    0  3  3  1  1.409 0.000
20  0  2  2  138   15   35    6    7    0    1    1    1    1    0  2  4  1  0.860 0.000
20  0  2  2  139    2   32   31    7    0    0    1    1    0    1  1  1  1  0.660 0.000
20  0  2  2  140    3   33   48    7    0    0    1    1    0    1  1  1  1  0.581 0.000
20  0  2  2  141   32   32   28    7    0    0    1    0    1    1  2  1  0  0.857 0.000
20  0  2  2  142    9   39   58    7    0    1    0    1    0    1  4  1  1  1.302 0.000
20  0  2  2  143   37   37   59    7    0    1    1    0    1    1  2  2  1  1.147 0.000
20  0  2  2  144   30   30   79    7    0    0    1    0    1    1  2  3  1  0.721 0.000
20  0  2  2  145   25   35   37    7    0    1    0    0    0    0  3  3  1  0.775 0.000
20  0  2  2  146   12   32   23    7    0    0    0    1    1    0  4  3  0  1.060 0.000
20  0  2  2  147   34   34   31    7    0    0    0    0    1    1  3  2  1  1.144 0.000
20  0  2  2  148   11   31   72    7    0    0    0    1    1    0  4  4  1  0.773 0.000
20  0  2  2  149   38   38   43    7    0    1    1    0    1    1  2  1  0  1.313 0.000
20  0  2  2  150   14   34   76    7    0    0    1    1    1    0  2  4  1  0.811 0.000
20  0  2  2  151   20   30   35    7    0    0    1    0    0    0  1  3  1  0.854 0.000
20  0  2  2  152    5   35    0    7    0    1    0    1    0    1  4  2  0  0.550 0.000
20  0  2  2  153   33   33   11    7    0    0    0    0    1    1  3  3  1  1.703 0.000
20  0  2  2  154   13   33   75    7    0    0    0    1    1    0  4  1  0  0.405 0.000
20  0  2  2  155   26   36   45    7    0    1    1    0    0    0  1  3  1  1.100 0.000
20  0  2  2  156    0   30   15    7    0    0    1    1    0    1  1  4  1  0.898 0.000
20  0  2  2  157    7   37   63    7    0    1    0    1    0    1  4  4  1  1.265 0.000
20  0  2  2  158   35   35   71    7    0    1    1    0    1    1  2  1  0  0.786 0.000
20  0  2  2  159   10   30   13    7    0    0    1    1    1    0  2  4  1  1.097 0.000
20  0  2  2  160    6   36   26    7    0    1    0    1    0    1  4  4  1  0.872 0.000
20  0  2  2  161   19   39    9    7    0    1    1    1    1    0  2  4  1  0.984 0.000
20  0  2  2  162   16   36   67    7    0    1    0    1    1    0  4  1  0  1.692 0.000
20  0  2  2  163   22   32   57    7    0    0    0    0    0    0  3  1  1  0.831 0.000
20  0  2  2  164   39   39   35    7    0    1    1    0    1    1  2  3  1  1.072 0.000
20  0  2  2  165    1   31   14    7    0    0    1    1    0    1  1  4  1  0.721 0.000
20  0  2  2  166   31   31   75    7    0    0    1    0    1    1  2  1  0  0.975 0.000
20  0  2  2  167   29   39   39    7    0    1    0    0    0    0  3  1  1  0.622 0.000
20  0  2  2  168   17   37    5    7    0    1    1    1    1    0  2  1  0  0.761 0.000
20  0  2  2  169   21   31   49    7    0    0    1    0    0    0  1  1  1  0.704 0.000
20  0  2  2  170   27   37   79    7    0    1    0    0    0    0  3  3  1  0.727 0.000
20  0  2  2  171    4   34   62    7    0    0    0    1    0    1  4  3  0  0.589 0.000
20  0  2  2  172   18   38    7    7    0    1    1    1    1    0  2  4  1  1.068 0.000
20  0  1  3  173    0   40    2    3    0    0    1    1    0    1  1  2  0  1.570 0.000
20  0  1  3  174   34   44    8    4    0    0    1    0    1    1  2  1  0  0.706 0.000
20  0  1  3  175    5   45   71    0    2    1    0    1    0    1  4  4  1  0.604 0.000
20  0  1  3  176   25   45   22    3    2    1    1    0    0    0  1  1  1  0.515 0.000
20  0  1  3  177   20   40   56    4    0    0    1    0    0    0  1  2  0  0.525 0.000
20  0  1  3  178   31   41   32    2    2    0    1    0    1    1  2  2  1  0.718 0.000
20  0  1  3  179   17   47   20    0    1    1    0    1    1    0  4  4  1  0.711 0.000
20  0  1  3  180    4   44   78    3    2    0    0    1    0    1  4  4  1  0.945 0.000
20  0  1  3  181   21   41   11    4    2    0    0    0    0    0  3  3  1  0.826 0.000
20  0  1  3  182   12   42   46    2    2    0    0    1    1    0  4  4  1  0.607 0.000
20  0  1  3  183   35   45   62    1    0    1    1    0    1    1  2  1  0  0.661 0.000
20  0  1  3  184    3   43   51    4    2    0    1    1    0    1  1  1  1  0.442 0.000
20  0  1  3  185   28   48   34    0    1    1    0    0    0    0  3  3  1  0.711 0.000
20  0  1  3  186    2   42    3    1    2    0    0    1    0    1  4  4  1  0.536 0.000
20  0  1  3  187   11   41   71    3    2    0    0    1    1    0  4  4  1  0.721 0.000
20  0  1  3  188   30   40    5    4    1    0    0    0    1    1  3  3  1  0.579 0.000
20  0  1  3  189   37   47    1    2    1    1    1    0    1    1  2  2  1  1.034 0.000
20  0  1  3  190   38   48   12    0    1    1    0    0    1    1  3  3  1  0.830 0.000
20  0  1  3  191   33   43   66    4    2    0    0    0    1    1  3  3  1  0.612 0.000
20  0  1  3  192   13   43   14    2    2    0    0    1    1    0  4  4  1  0.690 0.000
20  0  1  3  193    7   47   22    1    1    1    1    1    0    1  1  1  1  0.605 0.000
20  0  1  3  194   15   45   47    0    2    1    0    1    1    0  4  4  1  0.570 0.000
20  0  1  3  195   16   46   28    4    0    1    1    1    1    0  2  1  0  0.850 0.000
20  0  1  3  196   29   49   44    1    1    1    0    0    0    0  3  3  1  0.774 0.000
20  0  1  3  197   39   49    2    2    0    1    1    0    1    1  2  1  0  0.374 0.000
20  0  1  3  198   14   44   70    0    0    0    1    1    1    0  2  1  0  0.397 0.000
20  0  1  3  199   32   42   52    4    2    0    1    0    1    1  2  2  1  0.812 0.000
20  0  1  3  200   19   49   50    2    1    1    0    1    1    0  4  4  1  0.722 0.000
20  0  1  3  201   23   43   26    3    2    0    0    0    0    0  3  3  1  0.700 0.000
20  0  1  3  202    1   41   69    4    2    0    0    1    0    1  4  4  1  0.661 0.000
20  0  1  3  203   22   42    5    2    2    0    0    0    0    0  3  3  1  0.745 0.000
20  0  1  3  204   26   46   28    0    1    1    1    0    0    0  1  1  1  1.530 0.000
20  0  1  3  205    8   48   67    1    1    1    0    1    0    1  4  4  1  0.620 0.000
20  0  1  3  206   27   47   67    3    1    1    1    0    0    0  1  1  1  0.352 0.000
20  0  1  3  207   24   44   71    4    0    0    1    0    0    0  1  2  0  0.617 0.000
20  0  1  3  208   10   40   22    2    0    0    1    1    1    0  2  1  0  0.478 0.000
20  0  1  3  209    6   46   66    1    1    1    0    1    0    1  4  4  1  0.618 0.000
20  0  1  3  210   36   46    3    3    1    1    1    0    1    1  2  2  1  1.199 0.000
20  0  1  3  211    9   49   50    2    1    1    0    1    0    1  4  4  1  0.470 0.000
20  0  1  3  212   18   48   60    1    0    1    1    1    1    0  2  1  0  0.513 0.000
20  0  2  3  213   20   50   60    7    0    0    1    0    0    0  1  2  0  0.788 0.000
20  0  2  3  214   35   55   38    7    0    1    0    0    1    1  3  3  1  0.642 0.000
20  0  2  3  215   21   51   47    7    0    0    0    0    0    0  3  3  1  0.627 0.000
20  0  2  3  216   15   55   49    7    0    1    1    1    1    0  2  1  0  0.421 0.000
20  0  2  3  217    5   55    4    7    0    1    0    1    0    1  4  2  0  0.715 0.000
20  0  2  3  218   28   58   13    7    0    1    1    0    0    0  1  3  1  0.621 0.000
20  0  2  3  219   19   59   34    7    0    1    0    1    1    0  4  4  1  0.839 0.000
20  0  2  3  220   11   51   56    7    0    0    0    1    1    0  4  4  1  0.784 0.000
20  0  2  3  221   13   53   63    7    0    0    0    1    1    0  4  1  0  0.628 0.000
20  0  2  3  222    8   58   30    7    0    1    1    1    0    1  1  1  1  0.690 0.000
20  0  2  3  223    9   59   57    7    0    1    0    1    0    1  4  3  0  0.960 0.000
20  0  2  3  224   30   50    6    7    0    0    0    0    1    1  3  1  0  1.192 0.000
20  0  2  3  225    0   50   16    7    0    0    0    1    0    1  4  4  1  0.991 0.000
20  0  2  3  226   31   51   61    7    0    0    0    0    1    1  3  1  0  1.011 0.000
20  0  2  3  227   38   58   78    7    0    1    1    0    1    1  2  1  0  0.864 0.000
20  0  2  3  228   29   59   31    7    0    1    0    0    0    0  3  3  1  0.957 0.000
20  0  2  3  229    4   54   37    7    0    0    0    1    0    1  4  3  0  0.898 0.000
20  0  2  3  230    3   53   35    7    0    0    0    1    0    1  4  4  1  0.653 0.000
20  0  2  3  231   24   54   68    7    0    0    0    0    0    0  3  1  1  0.861 0.000
20  0  2  3  232   36   56   34    7    0    1    1    0    1    1  2  3  1  1.134 0.000
20  0  2  3  233   39   59   48    7    0    1    0    0    1    1  3  3  1  1.787 0.000
20  0  2  3  234   17   57   68    7    0    1    1    1    1    0  2  2  1  0.647 0.000
20  0  2  3  235   16   56    3    7    0    1    0    1    1    0  4  4  1  1.104 0.000
20  0  2  3  236   10   50   17    7    0    0    0    1    1    0  4  4  1  0.998 0.000
20  0  2  3  237    7   57   29    7    0    1    1    1    0    1  1  1  1  0.498 0.000
20  0  2  3  238   23   53   61    7    0    0    1    0    0    0  1  1  1  0.730 0.000
20  0  2  3  239   14   54   78    7    0    0    1    1    1    0  2  4  1  0.736 0.000
20  0  2  3  240   25   55   23    7    0    1    0    0    0    0  3  3  1  0.837 0.000
20  0  2  3  241   18   58   10    7    0    1    1    1    1    0  2  4  1  0.758 0.000
20  0  2  3  242   34   54   20    7    0    0    1    0    1    1  2  1  0  0.427 0.000
20  0  2  3  243   27   57   24    7    0    1    0    0    0    0  3  2  0  1.249 0.000
20  0  2  3  244   12   52   59    7    0    0    0    1    1    0  4  4  1  1.229 0.000
20  0  2  3  245    2   52    9    7    0    0    0    1    0    1  4  2  0  1.167 0.000
20  0  2  3  246    6   56   60    7    0    1    1    1    0    1  1  4  1  0.807 0.000
20  0  2  3  247   26   56    7    7    0    1    0    0    0    0  3  1  1  1.418 0.000
20  0  2  3  248   22   52   54    7    0    0    0    0    0    0  3  1  1  0.835 0.000
20  0  2  3  249   37   57   74    7    0    1    1    0    1    1  2  4  0  1.117 0.000
20  0  2  3  250   33   53   57    7    0    0    1    0    1    1  2  1  0  1.006 0.000
20  0  2  3  251   32   52   65    7    0    0    1    0    1    1  2  2  1  0.581 0.000
20  0  2  3  252    1   51   17    7    0    0    1    1    0    1  1  4  1  0.881 0.000
20  0  1  4  253   12   62   51    1    0    0    1    1    1    0  2  1  0  0.552 0.000
20  0  1  4  254   36   66   37    0    1    1    0    0    1    1  3  3  1  0.857 0.000
20  0  1  4  255   17   67   65    4    0    1    1    1    1    0  2  1  0  0.973 0.000
20  0  1  4  256   29   69    8    1    1    1    0    0    0    0  3  3  1  0.813 0.000
20  0  1  4  257   33   63   30    0    0    0    0    0    1    1  3  4  0  0.474 0.000
20  0  1  4  258   32   62   17    2    2    0    0    0    1    1  3  3  1  0.734 0.000
20  0  1  4  259    9   69   34    1    1    1    1    1    0    1  1  1  1  0.935 0.000
20  0  1  4  260   28   68   38    3    1    1    0    0    0    0  3  3  1  0.768 0.000
20  0  1  4  261   14   64   62    2    2    0    0    1    1    0  4  4  1  0.606 0.000
20  0  1  4  262   25   65   29    1    2    1    1    0    0    0  1  1  1  0.420 0.000
20  0  1  4  263   15   65   33    0    2    1    0    1    1    0  4  4  1  0.570 0.000
20  0  1  4  264   16   66   77    4    1    1    1    1    1    0  2  2  1  0.562 0.000
20  0  1  4  265   24   64   17    1    2    0    1    0    0    0  1  1  1  0.537 0.000
20  0  1  4  266   10   60   37    3    1    0    1    1    1    0  2  2  1  0.466 0.000
20  0  1  4  267   31   61   46    4    2    0    1    0    1    1  2  2  1  0.550 0.000
20  0  1  4  268   34   64   47    1    0    0    1    0    1    1  2  1  0  0.399 0.000
20  0  1  4  269   22   62   19    0    2    0    1    0    0    0  1  1  1  0.430 0.000
20  0  1  4  270   13   63   74    3    0    0    1    1    1    0  2  1  0  0.506 0.000
20  0  1  4  271   37   67   60    4    1    1    0    0    1    1  3  3  1  0.540 0.000
20  0  1  4  272   11   61   53    0    2    0    0    1    1    0  4  4  1  0.541 0.000
20  0  1  4  273    6   66   19    2    1    1    1    1    0    1  1  1  1  0.382 0.000
20  0  1  4  274    2   62   18    3    2    0    1    1    0    1  1  1  1  0.661 0.000
20  0  1  4  275   18   68   43    4    1    1    0    1    1    0  4  4  1  0.865 0.000
20  0  1  4  276   35   65    7    0    2    1    1    0    1    1  2  2  1  0.766 0.000
20  0  1  4  277   30   60   19    1    0    0    1    0    1    1  2  1  0  0.518 0.000
20  0  1  4  278   27   67   18    2    1    1    0    0    0    0  3  3  1  0.751 0.000
20  0  1  4  279   26   66   66    0    1    1    1    0    0    0  1  1  1  0.439 0.000
20  0  1  4  280   38   68   51    1    1    1    0    0    1    1  3  3  1  1.196 0.000
20  0  1  4  281   21   61   77    4    2    0    0    0    0    0  3  3  1  0.787 0.000
20  0  1  4  282   19   69   69    2    0    1    1    1    1    0  2  1  0  0.433 0.000
20  0  1  4  283    3   63   12    3    0    0    1    1    0    1  1  2  0  0.702 0.000
20  0  1  4  284    7   67   52    1    1    1    0    1    0    1  4  4  1  1.200 0.000
20  0  1  4  285    1   61   11    2    2    0    0    1    0    1  4  4  1  0.598 0.000
20  0  1  4  286    8   68   72    4    1    1    1    1    0    1  1  1  1  0.436 0.000
20  0  1  4  287   20   60   72    0    1    0    1    0    0    0  1  1  1  0.513 0.000
20  0  1  4  288    5   65   38    3    2    1    0    1    0    1  4  4  1  0.548 0.000
20  0  1  4  289   39   69    0    4    0    1    1    0    1    1  2  1  0  0.485 0.000
20  0  1  4  290    0   60   28    1    1    0    1    1    0    1  1  1  1  0.431 0.000
20  0  1  4  291    4   64   13    2    2    0    1    1    0    1  1  1  1  0.492 0.000
20  0  1  4  292   23   63   15    4    0    0    1    0    0    0  1  2  0  0.447 0.000
20  0  2  4  293   27   77    1    7    0    1    0    0    0    0  3  2  0  0.604 0.000
20  0  2  4  294   31   71   39    7    0    0    0    0    1    1  3  3  1  1.097 0.000
20  0  2  4  295   12   72    2    7    0    0    0    1    1    0  4  2  1  1.609 0.000
20  0  2  4  296   23   73   75    7    0    0    0    0    0    0  3  2  0  1.060 0.000
20  0  2  4  297   22   72   48    7    0    0    0    0    0    0  3  3  1  1.384 0.000
20  0  2  4  298    2   72   10    7    0    0    0    1    0    1  4  1  1  1.491 0.000
20  0  2  4  299   38   78   49    7    0    1    1    0    1    1  2  3  1  1.339 0.000
20  0  2  4  300   24   74   69    7    0    0    1    0    0    0  1  3  1  0.848 0.000
20  0  2  4  301   37   77   14    7    0    1    0    0    1    1  3  1  0  0.762 0.000
20  0  2  4  302   10   70   48    7    0    0    0    1    1    0  4  4  1  1.129 0.000
20  0  2  4  303   28   78   16    7    0    1    1    0    0    0  1  2  0  0.496 0.000
20  0  2  4  304    9   79   46    7    0    1    0    1    0    1  4  3  0  0.667 0.000
20  0  2  4  305    3   73   43    7    0    0    0    1    0    1  4  4  1  0.998 0.000
20  0  2  4  306   32   72   73    7    0    0    0    0    1    1  3  1  0  0.546 0.000
20  0  2  4  307   30   70   77    7    0    0    0    0    1    1  3  4  0  1.082 0.000
20  0  2  4  308   39   79   64    7    0    1    1    0    1    1  2  3  1  0.933 0.000
20  0  2  4  309   13   73   57    7    0    0    1    1    1    0  2  4  1  0.851 0.000
20  0  2  4  310   20   70   46    7    0    0    1    0    0    0  1  3  1  0.796 0.000
20  0  2  4  311   11   71   64    7    0    0    1    1    1    0  2  4  1  0.847 0.000
20  0  2  4  312    1   71   76    7    0    0    1    1    0    1  1  1  1  0.576 0.000
20  0  2  4  313   21   71   55    7    0    0    1    0    0    0  1  1  1  0.637 0.000
20  0  2  4  314    0   70    8    7    0    0    1    1    0    1  1  1  1  1.590 0.000
20  0  2  4  315   36   76   21    7    0    1    0    0    1    1  3  1  0  0.769 0.000
20  0  2  4  316    6   76   20    7    0    1    1    1    0    1  1  3  0  1.312 0.000
20  0  2  4  317   33   73   67    7    0    0    1    0    1    1  2  1  0  0.851 0.000
20  0  2  4  318   25   75   40    7    0    1    0    0    0    0  3  3  1  0.639 0.000
20  0  2  4  319    5   75   77    7    0    1    1    1    0    1  1  1  1  0.480 0.000
20  0  2  4  320   18   78    1    7    0    1    0    1    1    0  4  4  1  1.048 0.000
20  0  2  4  321   16   76    0    7    0    1    1    1    1    0  2  4  1  0.626 0.000
20  0  2  4  322    8   78   73    7    0    1    0    1    0    1  4  4  1  0.756 0.000
20  0  2  4  323    7   77   32    7    0    1    1    1    0    1  1  4  1  0.729 0.000
20  0  2  4  324   29   79   70    7    0    1    0    0    0    0  3  1  1  0.446 0.000
20  0  2  4  325    4   74   79    7    0    0    0    1    0    1  4  1  1  0.496 0.000
20  0  2  4  326   26   76   62    7    0    1    1    0    0    0  1  1  1  0.559 0.000
20  0  2  4  327   14   74   52    7    0    0    1    1    1    0  2  4  1  0.996 0.000
20  0  2  4  328   17   77   24    7    0    1    0    1    1    0  4  4  1  0.648 0.000
20  0  2  4  329   15   75    4    7    0    1    1    1    1    0  2  4  1  0.665 0.000
20  0  2  4  330   19   79   35    7    0    1    0    1    1    0  4  4  1  0.641 0.000
20  0  2  4  331   34   74   18    7    0    0    0    0    1    1  3  3  1  1.019 0.000
20  0  2  4  332   35   75   22    7    0    1    1    0    1    1  2  1  0  0.949 0.000
