27  1  0  0    1    0   -1   66    3    0    0    0    0    1    1  1  1  1  9.254 0.000
27  1  0  0    2    0   -1   66    2    0    0    0    1    1    0  2  2  1  2.575 0.000
27  1  0  0    3    0   -1   66    0    0    0    0    0    0    0  1  2  0  1.699 0.000
27  1  0  0    4    0   -1   66    1    0    1    1    1    1    0  4  4  1  1.767 0.000
27  1  0  0    5    0   -1   66    4    0    0    1    0    0    0  3  3  1  2.242 0.000
27  1  0  0    6    0   -1   66    3    0    1    0    1    1    0  2  2  1  3.204 0.000
27  1  0  0    7    0   -1   66    2    0    1    1    0    0    0  3  1  0  2.736 0.000
27  1  0  0    8    0   -1   66    1    0    0    1    1    1    0  4  4  1  1.264 0.000
27  1  0  0    9    0   -1   66    0    0    1    0    0    0    0  1  1  1  3.241 0.000
27  1  0  0   10    0   -1   66    4    0    0    0    0    1    1  1  1  1  2.027 0.000
27  1  0  0   11    0   -1   66    2    0    0    0    1    0    1  2  2  1  2.180 0.000
27  1  0  0   12    0   -1   66    3    0    0    0    0    0    0  1  1  1  1.017 0.000
27  1  1  1   13   17    7   32    4    2    1    1    1    1    0  4  4  1  2.742 0.000
27  1  1  1   14   23    3   26    2    1    0    1    0    0    0  3  3  1  1.568 0.000
27  1  1  1   15    5    5   52    3    1    1    0    1    0    1  2  2  1  1.855 0.000
27  1  1  1   16   33    3   35    1    1    0    0    0    1    1  1  1  1  2.595 0.000
27  1  1  1   17   19    9   65    4    2    1    1    1    1    0  4  4  1  3.298 0.000
27  1  1  1   18    0    0   63    2    0    0    1    1    0    1  3  4  0  3.444 0.000
27  1  1  1   19   22    2   24    3    1    0    1    0    0    0  3  3  1  2.410 0.000
27  1  1  1   20   35    5    7    0    1    1    0    0    1    1  1  1  1  1.127 0.000
27  1  1  1   21   21    1   25    1    1    0    0    0    0    0  1  1  1  2.008 0.000
27  1  1  1   22   37    7   66    3    2    1    1    0    1    1  4  4  1  1.727 0.000
27  1  1  1   23   15    5    1    2    1    1    0    1    1    0  2  2  1  1.432 0.000
27  1  1  1   24   10    0   11    4    0    0    0    1    1    0  2  1  0  1.663 0.000
27  1  1  1   25   26    6   43    0    2    1    1    0    0    0  3  3  1  1.433 0.000
27  1  1  1   26    9    9   22    1    2    1    0    1    0    1  2  2  1  1.080 0.000
27  1  1  1   27    7    7   38    3    2    1    1    1    0    1  3  3  1  1.419 0.000
27  1  1  1   28   32    2   78    4    1    0    1    0    1    1  4  4  1  0.847 0.000
27  1  1  1   29   16    6    4    0    2    1    0    1    1    0  2  2  1  1.116 0.000
27  1  1  1   30   27    7   41    2    2    1    1    0    0    0  3  3  1  0.886 0.000
27  1  1  1   31    6    6   16    3    2    1    0    1    0    1  2  2  1  0.889 0.000
27  1  1  1   32   11    1   21    0    1    0    0    1    1    0  2  2  1  0.795 0.000
27  1  1  1   33    2    2   23    1    0    0    0    1    0    1  2  1  0  0.658 0.000
27  1  1  1   34   13    3   78    3    1    0    0    1    1    0  2  2  1  0.983 0.000
27  1  1  1   35   29    9   16    0    2    1    1    0    0    0  3  3  1  0.967 0.000
27  1  1  1   36   14    4   44    2    1    0    1    1    1    0  4  4  1  1.325 0.000
27  1  1  1   37    3    3   61    4    1    0    1    1    0    1  3  3  1  1.183 0.000
27  1  1  1   38   38    8   58    1    2    1    0    0    1    1  1  1  1  1.238 0.000
27  1  1  1   39   12    2   69    0    1    0    0    1    1    0  2  2  1  0.707 0.000
27  1  1  1   40    1    1   31    3    1    0    0    1    0    1  2  2  1  0.805 0.000
27  1  1  1   41   36    6    5    4    2    1    1    0    1    1  4  4  1  0.763 0.000
27  1  1  1   42   20    0   59    1    0    0    1    0    0    0  3  4  0  1.403 0.000
27  1  1  1   43   28    8   31    3    2    1    0    0    0    0  1  1  1  0.786 0.000
27  1  1  1   44   18    8   62    4    2    1    1    1    1    0  4  4  1  0.672 0.000
27  1  1  1   45    4    4   28    2    1    0    1    1    0    1  3  3  1  0.755 0.000
27  1  1  1   46    8    8   40    0    2    1    0    1    0    1  2  2  1  1.308 0.000
27  1  1  1   47   25    5   48    3    1    1    1    0    0    0  3  3  1  0.950 0.000
27  1  1  1   48   30    0   34    2    2    0    1    0    1    1  4  4  1  0.902 0.000
27  1  1  1   49   39    9   77    4    2    1    0    0    1    1  1  1  1  0.992 0.000
27  1  1  1   50   24    4   47    0    1    0    0    0    0    0  1  1  1  0.799 0.000
27  1  1  1   51   31    1   65    2    1    0    0    0    1    1  1  1  1  0.678 0.000
27  1  1  1   52   34    4   28    1    1    0    0    0    1    1  1  1  1  0.649 0.000
27  1  2  1   53   21   11    3    7    0    0    0    0    0    0  1  1  1  2.198 0.000
27  1  2  1   54   30   10   22    7    0    0    0    0    1    1  1  4  1  0.506 0.000
27  1  2  1   55   26   16    0    7    0    1    1    0    0    0  3  3  1  0.865 0.000
27  1  2  1   56   32   12    3    7    0    0    1    0    1    1  4  1  1  1.849 0.000
27  1  2  1   57   17   17   47    7    0    1    0    1    1    0  2  2  1  1.299 0.000
27  1  2  1   58    9   19   62    7    0    1    1    1    0    1  3  2  1  1.402 0.000
27  1  2  1   59   31   11   37    7    0    0    1    0    1    1  4  2  0  2.436 0.000
27  1  2  1   60   22   12    6    7    0    0    1    0    0    0  3  1  1  1.530 0.000
27  1  2  1   61   36   16   10    7    0    1    0    0    1    1  1  4  1  0.968 0.000
27  1  2  1   62   12   12   43    7    0    0    0    1    1    0  2  4  1  0.980 0.000
27  1  2  1   63   14   14    0    7    0    0    0    1    1    0  2  4  1  1.080 0.000
27  1  2  1   64   20   10   29    7    0    0    0    0    0    0  1  3  1  1.184 0.000
27  1  2  1   65    1   11   45    7    0    0    0    1    0    1  2  2  1  1.364 0.000
27  1  2  1   66    3   13   14    7    0    0    0    1    0    1  2  2  1  0.953 0.000
27  1  2  1   67    7   17   19    7    0    1    1    1    0    1  3  2  1  1.677 0.000
27  1  2  1   68   19   19   24    7    0    1    0    1    1    0  2  4  1  0.877 0.000
27  1  2  1   69   29   19   30    7    0    1    1    0    0    0  3  3  1  0.901 0.000
27  1  2  1   70   18   18   40    7    0    1    0    1    1    0  2  2  1  0.932 0.000
27  1  2  1   71   38   18   15    7    0    1    1    0    1    1  4  1  1  1.698 0.000
27  1  2  1   72   28   18   71    7    0    1    0    0    0    0  1  1  1  1.361 0.000
27  1  2  1   73   13   13   25    7    0    0    0    1    1    0  2  4  1  1.542 0.000
27  1  2  1   74    2   12   44    7    0    0    0    1    0    1  2  3  1  1.428 0.000
27  1  2  1   75   11   11   55    7    0    0    0    1    1    0  2  2  1  0.806 0.000
27  1  2  1   76   24   14   27    7    0    0    0    0    0    0  1  1  1  0.832 0.000
27  1  2  1   77   10   10   33    7    0    0    0    1    1    0  2  4  1  0.683 0.000
27  1  2  1   78   35   15    6    7    0    1    1    0    1    1  4  1  1  1.539 0.000
27  1  2  1   79   25   15   38    7    0    1    0    0    0    0  1  3  1  1.417 0.000
27  1  2  1   80    8   18   42    7    0    1    1    1    0    1  3  2  1  1.394 0.000
27  1  2  1   81   27   17   56    7    0    1    0    0    0    0  1  1  1  1.190 0.000
27  1  2  1   82    6   16   24    7    0    1    1    1    0    1  3  1  0  1.497 0.000
27  1  2  1   83    5   15    8    7    0    1    0    1    0    1  2  2  1  1.468 0.000
27  1  2  1   84   34   14    0    7    0    0    0    0    1    1  1  4  1  1.932 0.000
27  1  2  1   85   15   15   35    7    0    1    1    1    1    0  4  4  1  0.842 0.000
27  1  2  1   86   37   17   47    7    0    1    0    0    1    1  1  4  1  0.748 0.000
27  1  2  1   87    0   10   75    7    0    0    0    1    0    1  2  3  1  0.722 0.000
27  1  2  1   88   39   19   36    7    0    1    1    0    1    1  4  4  1  0.615 0.000
27  1  2  1   89    4   14   41    7    0    0    1    1    0    1  3  2  1  0.866 0.000
27  1  2  1   90   16   16   18    7    0    1    0    1    1    0  2  2  1  1.027 0.000
27  1  2  1   91   23   13   33    7    0    0    0    0    0    0  1  1  1  0.717 0.000
27  1  2  1   92   33   13   41    7    0    0    0    0    1    1  1  1  1  1.418 0.000
27  1  1  2   93   19   29   38    0    2    1    1    1    1    0  4  4  1  1.243 0.000
27  1  1  2   94   30   20   46    3    2    0    1    0    1    1  4  4  1  0.759 0.000
27  1  1  2   95   37   27   49    2    2    1    0    0    1    1  1  1  1  1.127 0.000
27  1  1  2   96   38   28   73    1    2    1    1    0    1    1  4  4  1  0.793 0.000
27  1  1  2   97   10   20   41    3    2    0    1    1    1    0  4  4  1  0.737 0.000
27  1  1  2   98    4   24   25    2    1    0    1    1    0    1  3  3  1  0.816 0.000
27  1  1  2   99   36   26   33    1    2    1    0    0    1    1  1  1  1  1.134 0.000
27  1  1  2  100   25   25    4    0    1    1    1    0    0    0  3  3  1  0.719 0.000
27  1  1  2  101   15   25   57    4    1    1    0    1    1    0  2  2  1  0.865 0.000
27  1  1  2  102   33   23   38    2    1    0    0    0    1    1  1  1  1  0.612 0.000
27  1  1  2  103   28   28   74    0    2    1    1    0    0    0  3  3  1  1.339 0.000
27  1  1  2  104   39   29   24    4    2    1    0    0    1    1  1  1  1  0.596 0.000
27  1  1  2  105   16   26   19    2    2    1    1    1    1    0  4  4  1  0.739 0.000
27  1  1  2  106   22   22    7    0    1    0    1    0    0    0  3  3  1  0.787 0.000
27  1  1  2  107    2   22   50    1    1    0    1    1    0    1  3  3  1  0.586 0.000
27  1  1  2  108   12   22    7    2    1    0    1    1    1    0  4  4  1  0.689 0.000
27  1  1  2  109   17   27   12    4    2    1    0    1    1    0  2  2  1  0.772 0.000
27  1  1  2  110    8   28   34    0    2    1    1    1    0    1  3  3  1  0.618 0.000
27  1  1  2  111   21   21   51    3    1    0    1    0    0    0  3  3  1  1.048 0.000
27  1  1  2  112   14   24   13    1    1    0    1    1    1    0  4  4  1  0.629 0.000
27  1  1  2  113   18   28   30    2    2    1    0    1    1    0  2  2  1  0.555 0.000
27  1  1  2  114   26   26   65    3    2    1    1    0    0    0  3  3  1  0.954 0.000
27  1  1  2  115   13   23   53    4    0    0    1    1    1    0  4  3  0  0.851 0.000
27  1  1  2  116    7   27   76    1    2    1    0    1    0    1  2  2  1  0.895 0.000
27  1  1  2  117   31   21   20    2    1    0    0    0    1    1  1  1  1  1.010 0.000
27  1  1  2  118   20   20   18    4    2    0    0    0    0    0  1  1  1  0.840 0.000
27  1  1  2  119   35   25   31    0    1    1    1    0    1    1  4  4  1  0.612 0.000
27  1  1  2  120   24   24    9    3    1    0    1    0    0    0  3  3  1  0.819 0.000
27  1  1  2  121   34   24   14    4    1    0    1    0    1    1  4  4  1  0.784 0.000
27  1  1  2  122    1   21   26    2    1    0    1    1    0    1  3  3  1  0.662 0.000
27  1  1  2  123   27   27   68    0    2    1    0    0    0    0  1  1  1  0.747 0.000
27  1  1  2  124    3   23   10    3    1    0    0    1    0    1  2  2  1  0.948 0.000
27  1  1  2  125   11   21   46    1    1    0    0    1    1    0  2  2  1  0.709 0.000
27  1  1  2  126    9   29   72    2    2    1    1    1    0    1  3  3  1  0.766 0.000
27  1  1  2  127    6   26   60    3    2    1    0    1    0    1  2  2  1  1.462 0.000
27  1  1  2  128   23   23   50    1    1    0    0    0    0    0  1  1  1  0.898 0.000
27  1  1  2  129   29   29   39    0    2    1    1    0    0    0  3  3  1  0.717 0.000
27  1  1  2  130    5   25   27    2    1    1    0    1    0    1  2  2  1  0.958 0.000
27  1  1  2  131    0   20    3    3    2    0    0    1    0    1  2  2  1  0.662 0.000
27  1  1  2  132   32   22   40    1    1    0    0    0    1    1  1  1  1  0.611 0.000
27  1  2  2  133   32   32   67    7    0    0    0    0    1    1  1  2  0  1.209 0.000
27  1  2  2  134   29   39   64    7    0    1    1    0    0    0  3  1  1  1.534 0.000
27  1  2  2  135   13   33   52    7    0    0    1    1    1    0  4  4  1  0.796 0.000
27  1  2  2  136   28   38    5    7    0    1    0    0    0    0  1  3  1  1.328 0.000
27  1  2  2  137   34   34   25    7    0    0    0    0    1    1  1  4  1  0.830 0.000
27  1  2  2  138   38   38    8    7    0    1    1    0    1    1  4  4  1  1.151 0.000
27  1  2  2  139   17   37   79    7    0    1    0    1    1    0  2  2  1  0.732 0.000
27  1  2  2  140   30   30   12    7    0    0    0    0    1    1  1  1  1  0.739 0.000
27  1  2  2  141    7   37   56    7    0    1    1    1    0    1  3  2  1  0.912 0.000
27  1  2  2  142   19   39   75    7    0    1    0    1    1    0  2  4  1  0.662 0.000
27  1  2  2  143   18   38    9    7    0    1    1    1    1    0  4  2  1  0.663 0.000
27  1  2  2  144    6   36   58    7    0    1    0    1    0    1  2  2  1  0.728 0.000
27  1  2  2  145   23   33   75    7    0    0    0    0    0    0  1  3  1  1.039 0.000
27  1  2  2  146   27   37   78    7    0    1    1    0    0    0  3  3  1  0.792 0.000
27  1  2  2  147   10   30   63    7    0    0    1    1    1    0  4  4  1  0.651 0.000
27  1  2  2  148   12   32   60    7    0    0    1    1    1    0  4  2  1  0.636 0.000
27  1  2  2  149    8   38   39    7    0    1    0    1    0    1  2  2  1  0.957 0.000
27  1  2  2  150   22   32   34    7    0    0    0    0    0    0  1  3  1  0.634 0.000
27  1  2  2  151    0   30   36    7    0    0    0    1    0    1  2  2  1  1.395 0.000
27  1  2  2  152    5   35   13    7    0    1    1    1    0    1  3  2  1  0.919 0.000
27  1  2  2  153   31   31   51    7    0    0    1    0    1    1  4  1  1  1.013 0.000
27  1  2  2  154   39   39    9    7    0    1    0    0    1    1  1  4  1  1.392 0.000
27  1  2  2  155   35   35   17    7    0    1    1    0    1    1  4  4  1  0.724 0.000
27  1  2  2  156   36   36   29    7    0    1    0    0    1    1  1  4  1  1.273 0.000
27  1  2  2  157    3   33   66    7    0    0    0    1    0    1  2  2  1  0.977 0.000
27  1  2  2  158   24   34   32    7    0    0    0    0    0    0  1  3  1  1.766 0.000
27  1  2  2  159   26   36   53    7    0    1    1    0    0    0  3  1  1  0.803 0.000
27  1  2  2  160   33   33   63    7    0    0    1    0    1    1  4  1  1  1.221 0.000
27  1  2  2  161   14   34   31    7    0    0    1    1    1    0  4  4  1  1.487 0.000
27  1  2  2  162    9   39   33    7    0    1    0    1    0    1  2  2  1  1.367 0.000
27  1  2  2  163    1   31   20    7    0    0    0    1    0    1  2  2  1  0.691 0.000
27  1  2  2  164   20   30   22    7    0    0    0    0    0    0  1  3  1  1.162 0.000
27  1  2  2  165   15   35   15    7    0    1    1    1    1    0  4  4  1  0.815 0.000
27  1  2  2  166   16   36   72    7    0    1    0    1    1    0  2  4  1  0.762 0.000
27  1  2  2  167   21   31   13    7    0    0    0    0    0    0  1  1  1  1.591 0.000
27  1  2  2  168   11   31   20    7    0    0    0    1    1    0  2  2  1  1.298 0.000
27  1  2  2  169   25   35    8    7    0    1    1    0    0    0  3  1  1  0.649 0.000
27  1  2  2  170    2   32    4    7    0    0    1    1    0    1  3  3  1  0.819 0.000
27  1  2  2  171    4   34   21    7    0    0    1    1    0    1  3  3  1  0.781 0.000
27  1  2  2  172   37   37   16    7    0    1    0    0    1    1  1  4  1  1.224 0.000
27  1  1  3  173   32   42   57    3    1    0    0    0    1    1  1  1  1  0.806 0.000
27  1  1  3  174   16   46   37    1    2    1    1    1    1    0  4  4  1  0.915 0.000
27  1  1  3  175   31   41   60    2    1    0    1    0    1    1  4  4  1  0.677 0.000
27  1  1  3  176   39   49   43    4    0    1    0    0    1    1  1  2  0  1.025 0.000
27  1  1  3  177   17   47    2    1    2    1    1    1    1    0  4  4  1  1.543 0.000
27  1  1  3  178    4   44   54    3    1    0    1    1    0    1  3  3  1  1.447 0.000
27  1  1  3  179   15   45   22    0    1    1    0    1    1    0  2  2  1  0.900 0.000
27  1  1  3  180    3   43   17    4    1    0    0    1    0    1  2  2  1  0.726 0.000
27  1  1  3  181   19   49   70    3    2    1    1    1    1    0  4  4  1  1.319 0.000
27  1  1  3  182    8   48   71    0    2    1    0    1    0    1  2  2  1  0.809 0.000
27  1  1  3  183   11   41   71    2    1    0    0    1    1    0  2  2  1  1.431 0.000
27  1  1  3  184    1   41   46    3    1    0    0    1    0    1  2  2  1  0.597 0.000
27  1  1  3  185   35   45   76    1    1    1    1    0    1    1  4  4  1  0.699 0.000
27  1  1  3  186   25   45    2    0    1    1    0    0    0    0  1  1  1  0.710 0.000
27  1  1  3  187   29   49   45    3    2    1    1    0    0    0  3  3  1  0.832 0.000
27  1  1  3  188    9   49   73    2    2    1    0    1    0    1  2  2  1  0.694 0.000
27  1  1  3  189    0   40   74    4    2    0    0    1    0    1  2  2  1  0.576 0.000
27  1  1  3  190   38   48   69    1    2    1    1    0    1    1  4  4  1  0.592 0.000
27  1  1  3  191    6   46    7    0    2    1    0    1    0    1  2  2  1  1.574 0.000
27  1  1  3  192   23   43   73    4    1    0    0    0    0    0  1  1  1  0.694 0.000
27  1  1  3  193   34   44   21    2    1    0    0    0    1    1  1  1  1  0.600 0.000
27  1  1  3  194   21   41   23    1    1    0    0    0    0    0  1  1  1  0.671 0.000
27  1  1  3  195   26   46   19    4    0    1    1    0    0    0  3  4  0  1.274 0.000
27  1  1  3  196   18   48   49    2    2    1    0    1    1    0  2  2  1  0.838 0.000
27  1  1  3  197   10   40   74    1    2    0    0    1    1    0  2  2  1  1.642 0.000
27  1  1  3  198    7   47    1    0    2    1    1    1    0    1  3  3  1  1.535 0.000
27  1  1  3  199   14   44   56    2    1    0    1    1    1    0  4  4  1  0.944 0.000
27  1  1  3  200   20   40   66    1    2    0    1    0    0    0  3  3  1  0.721 0.000
27  1  1  3  201   12   42    8    0    1    0    1    1    1    0  4  4  1  0.682 0.000
27  1  1  3  202   28   48   17    2    2    1    0    0    0    0  1  1  1  1.446 0.000
27  1  1  3  203   13   43   17    1    1    0    0    1    1    0  2  2  1  1.579 0.000
27  1  1  3  204   24   44   11    3    1    0    0    0    0    0  1  1  1  0.994 0.000
27  1  1  3  205   22   42   35    4    1    0    0    0    0    0  1  1  1  1.232 0.000
27  1  1  3  206    2   42   11    0    1    0    0    1    0    1  2  2  1  0.646 0.000
27  1  1  3  207    5   45   37    3    1    1    1    1    0    1  3  3  1  1.651 0.000
27  1  1  3  208   27   47   70    2    2    1    0    0    0    0  1  1  1  1.023 0.000
27  1  1  3  209   33   43   19    1    1    0    0    0    1    1  1  1  1  0.964 0.000
27  1  1  3  210   37   47   53    3    2    1    1    0    1    1  4  4  1  1.261 0.000
27  1  1  3  211   30   40   68    4    2    0    1    0    1    1  4  4  1  1.561 0.000
27  1  1  3  212   36   46   79    2    2    1    0    0    1    1  1  1  1  0.624 0.000
27  1  2  3  213   23   53   62    7    0    0    0    0    0    0  1  1  1  0.862 0.000
27  1  2  3  214   26   56   55    7    0    1    1    0    0    0  3  1  1  0.959 0.000
27  1  2  3  215   29   59   57    7    0    1    0    0    0    0  1  3  1  0.692 0.000
27  1  2  3  216    1   51   51    7    0    0    0    1    0    1  2  3  1  0.931 0.000
27  1  2  3  217   27   57   12    7    0    1    1    0    0    0  3  1  1  0.673 0.000
27  1  2  3  218   16   56   39    7    0    1    0    1    1    0  2  2  1  0.553 0.000
27  1  2  3  219   24   54    1    7    0    0    0    0    0    0  1  1  1  1.110 0.000
27  1  2  3  220   30   50   32    7    0    0    0    0    1    1  1  1  1  0.669 0.000
27  1  2  3  221    9   59   49    7    0    1    1    1    0    1  3  2  1  0.629 0.000
27  1  2  3  222   34   54   71    7    0    0    1    0    1    1  4  4  1  0.887 0.000
27  1  2  3  223    5   55    0    7    0    1    0    1    0    1  2  3  1  0.774 0.000
27  1  2  3  224   35   55   55    7    0    1    1    0    1    1  4  4  1  0.803 0.000
27  1  2  3  225   19   59   73    7    0    1    0    1    1    0  2  2  1  1.141 0.000
27  1  2  3  226    6   56   30    7    0    1    1    1    0    1  3  2  1  0.890 0.000
27  1  2  3  227    7   57   47    7    0    1    0    1    0    1  2  3  1  0.810 0.000
27  1  2  3  228   22   52   15    7    0    0    0    0    0    0  1  3  1  0.973 0.000
27  1  2  3  229    2   52   78    7    0    0    0    1    0    1  2  2  1  1.185 0.000
27  1  2  3  230   18   58   67    7    0    1    1    1    1    0  4  1  0  0.780 0.000
27  1  2  3  231   37   57   48    7    0    1    0    0    1    1  1  1  1  0.900 0.000
27  1  2  3  232   11   51    5    7    0    0    0    1    1    0  2  2  1  0.563 0.000
27  1  2  3  233    0   50   68    7    0    0    0    1    0    1  2  2  1  1.296 0.000
27  1  2  3  234    8   58   59    7    0    1    1    1    0    1  3  2  1  1.014 0.000
27  1  2  3  235   21   51   61    7    0    0    1    0    0    0  3  3  1  1.561 0.000
27  1  2  3  236   31   51    1    7    0    0    1    0    1    1  4  4  1  0.710 0.000
27  1  2  3  237   14   54   27    7    0    0    1    1    1    0  4  4  1  0.653 0.000
27  1  2  3  238   15   55   64    7    0    1    0    1    1    0  2  2  1  1.629 0.000
27  1  2  3  239   39   59   26    7    0    1    1    0    1    1  4  4  1  1.840 0.000
27  1  2  3  240   33   53   27    7    0    0    1    0    1    1  4  4  1  1.849 0.000
27  1  2  3  241   17   57   45    7    0    1    0    1    1    0  2  4  1  0.739 0.000
27  1  2  3  242    4   54   55    7    0    0    0    1    0    1  2  2  1  0.903 0.000
27  1  2  3  243   32   52   62    7    0    0    0    0    1    1  1  1  1  0.702 0.000
27  1  2  3  244   38   58   59    7    0    1    1    0    1    1  4  4  1  0.757 0.000
27  1  2  3  245   28   58   63    7    0    1    0    0    0    0  1  1  1  0.650 0.000
27  1  2  3  246    3   53   12    7    0    0    0    1    0    1  2  2  1  0.787 0.000
27  1  2  3  247   20   50   37    7    0    0    0    0    0    0  1  3  1  1.414 0.000
27  1  2  3  248   10   50   16    7    0    0    0    1    1    0  2  2  1  1.329 0.000
27  1  2  3  249   25   55   14    7    0    1    1    0    0    0  3  1  1  1.279 0.000
27  1  2  3  250   13   53    3    7    0    0    1    1    1    0  4  2  1  0.703 0.000
27  1  2  3  251   12   52   28    7    0    0    1    1    1    0  4  2  1  1.629 0.000
27  1  2  3  252   36   56   64    7    0    1    0    0    1    1  1  4  1  0.768 0.000
27  1  1  4  253    6   66   32    3    2    1    1    1    0    1  3  3  1  1.111 0.000
27  1  1  4  254    1   61   18    0    1    0    1    1    0    1  3  3  1  0.664 0.000
27  1  1  4  255   35   65   11    2    1    1    0    0    1    1  1  1  1  1.548 0.000
27  1  1  4  256   12   62   34    3    1    0    0    1    1    0  2  2  1  0.757 0.000
27  1  1  4  257    4   64   69    0    1    0    0    1    0    1  2  2  1  0.677 0.000
27  1  1  4  258   39   69   52    4    2    1    1    0    1    1  4  4  1  0.784 0.000
27  1  1  4  259   37   67   18    2    2    1    0    0    1    1  1  1  1  0.983 0.000
27  1  1  4  260   33   63   61    3    1    0    0    0    1    1  1  1  1  1.006 0.000
27  1  1  4  261   15   65   10    0    1    1    1    1    1    0  4  4  1  0.932 0.000
27  1  1  4  262   31   61   75    4    1    0    1    0    1    1  4  4  1  1.533 0.000
27  1  1  4  263   29   69   42    2    2    1    0    0    0    0  1  1  1  0.782 0.000
27  1  1  4  264   26   66   52    0    2    1    1    0    0    0  3  3  1  1.598 0.000
27  1  1  4  265    7   67   53    1    2    1    0    1    0    1  2  2  1  0.908 0.000
27  1  1  4  266   36   66    4    2    2    1    1    0    1    1  4  4  1  0.751 0.000
27  1  1  4  267   10   60   48    4    2    0    1    1    1    0  4  4  1  0.727 0.000
27  1  1  4  268   34   64   42    1    1    0    1    0    1    1  4  4  1  0.825 0.000
27  1  1  4  269   20   60   40    2    2    0    1    0    0    0  3  3  1  0.813 0.000
27  1  1  4  270   27   67   10    4    2    1    0    0    0    0  1  1  1  0.668 0.000
27  1  1  4  271   13   63   23    0    1    0    0    1    1    0  2  2  1  0.783 0.000
27  1  1  4  272   21   61   36    3    1    0    0    0    0    0  1  1  1  0.918 0.000
27  1  1  4  273   11   61   68    1    1    0    0    1    1    0  2  2  1  0.647 0.000
27  1  1  4  274   16   66   59    4    2    1    1    1    1    0  4  4  1  0.860 0.000
27  1  1  4  275   14   64   77    2    1    0    1    1    1    0  4  4  1  0.688 0.000
27  1  1  4  276    2   62   48    0    1    0    1    1    0    1  3  3  1  0.739 0.000
27  1  1  4  277    3   63    6    4    1    0    1    1    0    1  3  3  1  0.891 0.000
27  1  1  4  278   32   62   45    2    1    0    1    0    1    1  4  4  1  0.686 0.000
27  1  1  4  279   38   68   44    3    2    1    0    0    1    1  1  1  1  0.721 0.000
27  1  1  4  280   18   68   61    1    2    1    1    1    1    0  4  4  1  0.739 0.000
27  1  1  4  281    9   69   43    4    2    1    0    1    0    1  2  2  1  1.219 0.000
27  1  1  4  282   30   60   54    2    2    0    0    0    1    1  1  1  1  0.817 0.000
27  1  1  4  283    0   60    9    3    2    0    0    1    0    1  2  2  1  1.463 0.000
27  1  1  4  284    5   65    2    4    1    1    1    1    0    1  3  3  1  0.787 0.000
27  1  1  4  285   24   64   77    2    1    0    1    0    0    0  3  3  1  0.753 0.000
27  1  1  4  286   25   65   28    1    1    1    0    0    0    0  1  1  1  0.697 0.000
27  1  1  4  287    8   68   70    4    2    1    1    1    0    1  3  3  1  1.572 0.000
27  1  1  4  288   23   63   21    0    1    0    1    0    0    0  3  3  1  0.716 0.000
27  1  1  4  289   28   68   79    2    2    1    0    0    0    0  1  1  1  0.733 0.000
27  1  1  4  290   19   69   50    1    2    1    1    1    1    0  4  4  1  0.742 0.000
27  1  1  4  291   17   67   42    3    2    1    0    1    1    0  2  2  1  0.799 0.000
27  1  1  4  292   22   62   54    2    1    0    0    0    0    0  1  1  1  0.670 0.000
27  1  2  4  293   19   79   66    7    0    1    1    1    1    0  4  2  1  0.640 0.000
27  1  2  4  294   28   78   60    7    0    1    0    0    0    0  1  1  1  0.634 0.000
27  1  2  4  295   31   71    2    7    0    0    0    0    1    1  1  4  1  0.748 0.000
27  1  2  4  296   13   73   76    7    0    0    0    1    1    0  2  4  1  0.705 0.000
27  1  2  4  297   35   75   13    7    0    1    1    0    1    1  4  4  1  0.975 0.000
27  1  2  4  298   29   79   49    7    0    1    0    0    0    0  1  1  1  0.580 0.000
27  1  2  4  299   16   76    6    7    0    1    1    1    1    0  4  2  1  1.016 0.000
27  1  2  4  300   12   72   14    7    0    0    1    1    1    0  4  2  1  0.859 0.000
27  1  2  4  301   37   77   74    7    0    1    0    0    1    1  1  4  1  0.988 0.000
27  1  2  4  302   36   76   39    7    0    1    1    0    1    1  4  1  1  1.311 0.000
27  1  2  4  303    4   74   67    7    0    0    1    1    0    1  3  2  1  1.174 0.000
27  1  2  4  304   17   77   51    7    0    1    0    1    1    0  2  2  1  0.666 0.000
27  1  2  4  305    5   75   64    7    0    1    1    1    0    1  3  2  1  0.739 0.000
27  1  2  4  306   25   75   67    7    0    1    0    0    0    0  1  3  1  0.816 0.000
27  1  2  4  307    8   78   35    7    0    1    1    1    0    1  3  2  1  0.763 0.000
27  1  2  4  308   33   73   72    7    0    0    1    0    1    1  4  4  1  1.512 0.000
27  1  2  4  309   24   74   20    7    0    0    1    0    0    0  3  1  1  0.775 0.000
27  1  2  4  310   10   70   29    7    0    0    1    1    1    0  4  4  1  0.698 0.000
27  1  2  4  311   30   70   30    7    0    0    1    0    1    1  4  1  1  1.490 0.000
27  1  2  4  312   11   71   54    7    0    0    1    1    1    0  4  2  1  0.674 0.000
27  1  2  4  313    3   73   15    7    0    0    1    1    0    1  3  2  1  0.794 0.000
27  1  2  4  314   34   74   70    7    0    0    1    0    1    1  4  1  1  0.909 0.000
27  1  2  4  315   14   74   58    7    0    0    1    1    1    0  4  2  1  1.635 0.000
27  1  2  4  316   18   78   36    7    0    1    0    1    1    0  2  2  1  0.677 0.000
27  1  2  4  317   22   72   72    7    0    0    0    0    0    0  1  1  1  1.381 0.000
27  1  2  4  318    7   77    5    7    0    1    1    1    0    1  3  3  1  0.921 0.000
27  1  2  4  319   39   79   23    7    0    1    0    0    1    1  1  4  1  0.903 0.000
27  1  2  4  320   15   75   26    7    0    1    1    1    1    0  4  2  1  0.630 0.000
27  1  2  4  321   38   78   50    7    0    1    0    0    1    1  1  1  1  1.144 0.000
27  1  2  4  322    6   76   65    7    0    1    1    1    0    1  3  2  1  0.702 0.000
27  1  2  4  323    2   72   77    7    0    0    1    1    0    1  3  3  1  0.668 0.000
27  1  2  4  324   27   77   76    7    0    1    0    0    0    0  1  3  1  0.844 0.000
27  1  2  4  325    0   70   79    7    0    0    0    1    0    1  2  2  1  0.670 0.000
27  1  2  4  326   20   70   58    7    0    0    0    0    0    0  1  1  1  0.838 0.000
27  1  2  4  327   21   71   44    7    0    0    0    0    0    0  1  3  1  0.776 0.000
27  1  2  4  328    9   79   29    7    0    1    1    1    0    1  3  2  1  0.811 0.000
27  1  2  4  329   32   72   56    7    0    0    1    0    1    1  4  4  1  0.894 0.000
27  1  2  4  330   23   73   46    7    0    0    1    0    0    0  3  3  1  0.950 0.000
27  1  2  4  331    1   71   57    7    0    0    1    1    0    1  3  2  1  0.747 0.000
27  1  2  4  332   26   76   69    7    0    1    0    0    0    0  1  1  1  0.879 0.000
