32  0  0  0    1    0   -1   47    0    0    1    1    0    1    1  4  4  1  8.402 0.000
32  0  0  0    2    0   -1   47    1    0    0    1    0    0    0  3  3  1  1.614 0.000
32  0  0  0    3    0   -1   47    2    0    0    1    1    0    1  3  3  1  0.935 0.000
32  0  0  0    4    0   -1   47    0    0    1    0    0    0    0  1  1  1  1.766 0.000
32  0  0  0    5    0   -1   47    4    0    0    0    0    1    1  1  1  1  1.323 0.000
32  0  0  0    6    0   -1   47    2    0    0    0    0    0    0  1  1  1  0.658 0.000
32  0  0  0    7    0   -1   47    0    0    0    0    0    1    1  1  1  1  2.194 0.000
32  0  0  0    8    0   -1   47    4    0    1    1    1    0    1  3  3  1  0.991 0.000
32  0  0  0    9    0   -1   47    2    0    1    0    1    0    1  2  0  0  10.000 0.000
32  0  0  0   10    0   -1   47    3    0    1    1    1    1    0  4  4  1  1.674 0.000
32  0  0  0   11    0   -1   47    0    0    0    1    0    0    0  3  3  1  0.898 0.000
32  0  0  0   12    0   -1   47    2    0    1    0    1    0    1  2  2  1  1.601 0.000
32  0  1  1   13   27    7    0    3    1    1    1    0    0    0  3  3  1  1.354 0.000
32  0  1  1   14    7    7   68    4    1    1    0    1    0    1  2  2  1  1.203 0.000
32  0  1  1   15   35    5   20    2    0    1    1    0    1    1  4  3  0  1.320 0.000
32  0  1  1   16    2    2   52    1    2    0    1    1    0    1  3  3  1  1.314 0.000
32  0  1  1   17   29    9   70    3    1    1    0    0    0    0  1  1  1  1.525 0.000
32  0  1  1   18   23    3   57    0    2    0    0    0    0    0  1  1  1  1.798 0.000
32  0  1  1   19   20    0   21    1    1    0    0    0    0    0  1  1  1  0.612 0.000
32  0  1  1   20   25    5   79    4    2    1    1    0    0    0  3  3  1  1.012 0.000
32  0  1  1   21   19    9   56    0    1    1    0    1    1    0  2  2  1  1.962 0.000
32  0  1  1   22   32    2   28    2    2    0    0    0    1    1  1  1  1  1.153 0.000
32  0  1  1   23   38    8   35    3    0    1    1    0    1    1  4  3  0  1.177 0.000
32  0  1  1   24   24    4   72    0    2    0    1    0    0    0  3  3  1  1.161 0.000
32  0  1  1   25   34    4   74    1    2    0    1    0    1    1  4  4  1  1.201 0.000
32  0  1  1   26    0    0   13    3    1    0    1    1    0    1  3  3  1  0.743 0.000
32  0  1  1   27   14    4   53    0    2    0    1    1    1    0  4  4  1  1.784 0.000
32  0  1  1   28   39    9   39    2    1    1    0    0    1    1  1  1  1  1.687 0.000
32  0  1  1   29   11    1   61    3    2    0    0    1    1    0  2  2  1  0.721 0.000
32  0  1  1   30   16    6   75    1    1    1    1    1    1    0  4  4  1  1.178 0.000
32  0  1  1   31    3    3   74    0    2    0    1    1    0    1  3  3  1  0.858 0.000
32  0  1  1   32   13    3   49    3    0    0    1    1    1    0  4  3  0  0.966 0.000
32  0  1  1   33    6    6    9    2    0    1    0    1    0    1  2  1  0  3.302 0.000
32  0  1  1   34    4    4   79    1    2    0    0    1    0    1  2  2  1  0.872 0.000
32  0  1  1   35   17    7   66    0    1    1    1    1    1    0  4  4  1  1.051 0.000
32  0  1  1   36   28    8   66    2    1    1    0    0    0    0  1  1  1  0.711 0.000
32  0  1  1   37   12    2   62    1    2    0    0    1    1    0  2  2  1  0.577 0.000
32  0  1  1   38   15    5   20    0    2    1    1    1    1    0  4  4  1  2.009 0.000
32  0  1  1   39   30    0   57    2    1    0    1    0    1    1  4  4  1  0.775 0.000
32  0  1  1   40    1    1   43    3    2    0    1    1    0    1  3  3  1  0.886 0.000
32  0  1  1   41   18    8   42    4    1    1    0    1    1    0  2  2  1  0.729 0.000
32  0  1  1   42   26    6   54    2    1    1    1    0    0    0  3  3  1  1.242 0.000
32  0  1  1   43    8    8   42    3    1    1    0    1    0    1  2  2  1  0.696 0.000
32  0  1  1   44   37    7   21    0    1    1    1    0    1    1  4  4  1  0.962 0.000
32  0  1  1   45   31    1   14    1    2    0    1    0    1    1  4  4  1  0.722 0.000
32  0  1  1   46   21    1   27    4    2    0    1    0    0    0  3  3  1  0.580 0.000
32  0  1  1   47   36    6   31    0    1    1    0    0    1    1  1  1  1  0.515 0.000
32  0  1  1   48   10    0   41    2    1    0    0    1    1    0  2  2  1  0.582 0.000
32  0  1  1   49    5    5   24    3    2    1    1    1    0    1  3  3  1  1.100 0.000
32  0  1  1   50   33    3   58    4    2    0    1    0    1    1  4  4  1  0.863 0.000
32  0  1  1   51    9    9    4    0    0    1    0    1    0    1  2  1  0  1.355 0.000
32  0  1  1   52   22    2   25    1    2    0    0    0    0    0  1  1  1  0.826 0.000
32  0  2  1   53   39   19   44    7    0    1    1    0    1    1  4  4  1  2.073 0.000
32  0  2  1   54    4   14   65    7    0    0    1    1    0    1  3  2  1  0.993 0.000
32  0  2  1   55   23   13   28    7    0    0    1    0    0    0  3  1  1  1.301 0.000
32  0  2  1   56   32   12   18    7    0    0    1    0    1    1  4  4  1  1.427 0.000
32  0  2  1   57   30   10   37    7    0    0    1    0    1    1  4  4  1  0.829 0.000
32  0  2  1   58   36   16    4    7    0    1    0    0    1    1  1  4  1  0.799 0.000
32  0  2  1   59   12   12    6    7    0    0    0    1    1    0  2  2  1  0.698 0.000
32  0  2  1   60   24   14   58    7    0    0    0    0    0    0  1  3  1  2.065 0.000
32  0  2  1   61   14   14   15    7    0    0    0    1    1    0  2  2  1  1.106 0.000
32  0  2  1   62   28   18    5    7    0    1    1    0    0    0  3  1  1  1.097 0.000
32  0  2  1   63   20   10   78    7    0    0    1    0    0    0  3  3  1  0.689 0.000
32  0  2  1   64   31   11   66    7    0    0    1    0    1    1  4  4  1  0.975 0.000
32  0  2  1   65   37   17   29    7    0    1    0    0    1    1  1  4  1  0.652 0.000
32  0  2  1   66   16   16   68    7    0    1    1    1    1    0  4  2  1  0.541 0.000
32  0  2  1   67   11   11    8    7    0    0    1    1    1    0  4  2  1  0.714 0.000
32  0  2  1   68   15   15   31    7    0    1    0    1    1    0  2  2  1  0.849 0.000
32  0  2  1   69    7   17   59    7    0    1    1    1    0    1  3  2  1  0.842 0.000
32  0  2  1   70   13   13   35    7    0    0    1    1    1    0  4  2  1  0.684 0.000
32  0  2  1   71   27   17   16    7    0    1    0    0    0    0  1  3  1  1.203 0.000
32  0  2  1   72    1   11   37    7    0    0    0    1    0    1  2  2  1  0.662 0.000
32  0  2  1   73    3   13   61    7    0    0    0    1    0    1  2  2  1  0.870 0.000
32  0  2  1   74   29   19    1    7    0    1    1    0    0    0  3  1  1  1.399 0.000
32  0  2  1   75   26   16   65    7    0    1    0    0    0    0  1  3  1  1.002 0.000
32  0  2  1   76   38   18    9    7    0    1    1    0    1    1  4  4  1  0.845 0.000
32  0  2  1   77   33   13   79    7    0    0    1    0    1    1  4  1  1  0.838 0.000
32  0  2  1   78    9   19   47    7    0    1    0    1    0    1  2  2  1  0.768 0.000
32  0  2  1   79   21   11   76    7    0    0    0    0    0    0  1  3  1  0.788 0.000
32  0  2  1   80   19   19   64    7    0    1    1    1    1    0  4  2  1  0.783 0.000
32  0  2  1   81    2   12   14    7    0    0    1    1    0    1  3  2  1  0.611 0.000
32  0  2  1   82   10   10   19    7    0    0    1    1    1    0  4  2  1  0.597 0.000
32  0  2  1   83    8   18   67    7    0    1    0    1    0    1  2  2  1  0.857 0.000
32  0  2  1   84   18   18   55    7    0    1    1    1    1    0  4  3  0  0.730 0.000
32  0  2  1   85   34   14   40    7    0    0    1    0    1    1  4  4  1  0.803 0.000
32  0  2  1   86    6   16   72    7    0    1    0    1    0    1  2  3  1  0.741 0.000
32  0  2  1   87   22   12   38    7    0    0    0    0    0    0  1  3  1  1.051 0.000
32  0  2  1   88   25   15   32    7    0    1    1    0    0    0  3  1  1  0.604 0.000
32  0  2  1   89    5   15   38    7    0    1    0    1    0    1  2  2  1  1.047 0.000
32  0  2  1   90   35   15   70    7    0    1    1    0    1    1  4  4  1  0.649 0.000
32  0  2  1   91   17   17   51    7    0    1    0    1    1    0  2  2  1  0.881 0.000
32  0  2  1   92    0   10   16    7    0    0    0    1    0    1  2  2  1  0.642 0.000
32  0  1  2   93   14   24   71    2    2    0    0    1    1    0  2  2  1  0.902 0.000
32  0  1  2   94    5   25   60    1    2    1    1    1    0    1  3  3  1  1.104 0.000
32  0  1  2   95   11   21   73    0    2    0    1    1    1    0  4  4  1  0.610 0.000
32  0  1  2   96   19   29   36    2    1    1    0    1    1    0  2  2  1  0.545 0.000
32  0  1  2   97    2   22   15    3    2    0    0    1    0    1  2  2  1  0.545 0.000
32  0  1  2   98   32   22    6    4    2    0    0    0    1    1  1  1  1  0.625 0.000
32  0  1  2   99   38   28    0    1    1    1    1    0    1    1  4  4  1  0.559 0.000
32  0  1  2  100   22   22   45    2    2    0    1    0    0    0  3  3  1  0.615 0.000
32  0  1  2  101   35   25   71    0    2    1    0    0    1    1  1  1  1  0.628 0.000
32  0  1  2  102   15   25   18    1    2    1    1    1    1    0  4  4  1  1.170 0.000
32  0  1  2  103    7   27   39    3    1    1    0    1    0    1  2  2  1  0.906 0.000
32  0  1  2  104    3   23   53    2    0    0    0    1    0    1  2  1  0  0.564 0.000
32  0  1  2  105   30   20   43    1    1    0    0    0    1    1  1  1  1  0.819 0.000
32  0  1  2  106   25   25   47    3    2    1    1    0    0    0  3  3  1  0.681 0.000
32  0  1  2  107    9   29    1    2    1    1    0    1    0    1  2  2  1  0.933 0.000
32  0  1  2  108   16   26   37    1    1    1    1    1    1    0  4  4  1  0.638 0.000
32  0  1  2  109   37   27    7    0    1    1    0    0    1    1  1  1  1  0.506 0.000
32  0  1  2  110   27   27   14    3    1    1    1    0    0    0  3  3  1  0.724 0.000
32  0  1  2  111   18   28   48    1    1    1    0    1    1    0  2  2  1  0.670 0.000
32  0  1  2  112   12   22   14    2    2    0    0    1    1    0  2  2  1  0.665 0.000
32  0  1  2  113   31   21   15    3    2    0    0    0    1    1  1  1  1  0.541 0.000
32  0  1  2  114   29   29   15    1    1    1    1    0    0    0  3  3  1  0.622 0.000
32  0  1  2  115   34   24   60    4    2    0    1    0    1    1  4  4  1  0.548 0.000
32  0  1  2  116   21   21   29    3    2    0    1    0    0    0  3  3  1  0.740 0.000
32  0  1  2  117    6   26    5    2    1    1    0    1    0    1  2  2  1  1.109 0.000
32  0  1  2  118   24   24   62    1    2    0    0    0    0    0  1  1  1  0.543 0.000
32  0  1  2  119   10   20   13    3    1    0    0    1    1    0  2  2  1  0.440 0.000
32  0  1  2  120    0   20   63    4    1    0    0    1    0    1  2  2  1  0.741 0.000
32  0  1  2  121    8   28   49    1    1    1    1    1    0    1  3  3  1  0.510 0.000
32  0  1  2  122    1   21    2    0    2    0    1    1    0    1  3  3  1  0.631 0.000
32  0  1  2  123   13   23   11    3    0    0    1    1    1    0  4  3  0  0.621 0.000
32  0  1  2  124   26   26    9    1    1    1    0    0    0    0  1  1  1  0.603 0.000
32  0  1  2  125   36   26   30    0    1    1    1    0    1    1  4  4  1  0.545 0.000
32  0  1  2  126   20   20   33    3    0    0    1    0    0    0  3  4  0  0.713 0.000
32  0  1  2  127   33   23   38    4    2    0    1    0    1    1  4  4  1  0.595 0.000
32  0  1  2  128   28   28   35    0    1    1    0    0    0    0  1  1  1  0.554 0.000
32  0  1  2  129    4   24   32    2    2    0    0    1    0    1  2  2  1  0.483 0.000
32  0  1  2  130   39   29   23    3    1    1    1    0    1    1  4  4  1  0.493 0.000
32  0  1  2  131   17   27   32    0    1    1    0    1    1    0  2  2  1  0.536 0.000
32  0  1  2  132   23   23   63    1    2    0    0    0    0    0  1  1  1  0.625 0.000
32  0  2  2  133    9   39   22    7    0    1    1    1    0    1  3  3  1  0.767 0.000
32  0  2  2  134   31   31   62    7    0    0    1    0    1    1  4  4  1  0.778 0.000
32  0  2  2  135   20   30    6    7    0    0    1    0    0    0  3  1  1  0.991 0.000
32  0  2  2  136    0   30   66    7    0    0    1    1    0    1  3  2  1  0.674 0.000
32  0  2  2  137    2   32   54    7    0    0    1    1    0    1  3  1  0  0.722 0.000
32  0  2  2  138   30   30   41    7    0    0    1    0    1    1  4  1  1  1.475 0.000
32  0  2  2  139    7   37   36    7    0    1    0    1    0    1  2  3  1  0.676 0.000
32  0  2  2  140   21   31   69    7    0    0    0    0    0    0  1  3  1  0.844 0.000
32  0  2  2  141    6   36   55    7    0    1    1    1    0    1  3  2  1  0.878 0.000
32  0  2  2  142   24   34   37    7    0    0    1    0    0    0  3  1  1  1.030 0.000
32  0  2  2  143   35   35    8    7    0    1    0    0    1    1  1  4  1  1.079 0.000
32  0  2  2  144   36   36   73    7    0    1    1    0    1    1  4  1  1  0.791 0.000
32  0  2  2  145   27   37   73    7    0    1    0    0    0    0  1  1  1  0.907 0.000
32  0  2  2  146    3   33   26    7    0    0    0    1    0    1  2  2  1  0.986 0.000
32  0  2  2  147   14   34   43    7    0    0    0    1    1    0  2  4  1  1.037 0.000
32  0  2  2  148   37   37   53    7    0    1    1    0    1    1  4  4  1  0.878 0.000
32  0  2  2  149   26   36    8    7    0    1    0    0    0    0  1  3  1  1.527 0.000
32  0  2  2  150   38   38   42    7    0    1    1    0    1    1  4  4  1  0.981 0.000
32  0  2  2  151    1   31   70    7    0    0    1    1    0    1  3  3  1  0.809 0.000
32  0  2  2  152   17   37   22    7    0    1    0    1    1    0  2  2  1  0.795 0.000
32  0  2  2  153    4   34   51    7    0    0    0    1    0    1  2  2  1  0.695 0.000
32  0  2  2  154   12   32   10    7    0    0    0    1    1    0  2  2  1  1.055 0.000
32  0  2  2  155   22   32   11    7    0    0    0    0    0    0  1  3  1  0.992 0.000
32  0  2  2  156   28   38   44    7    0    1    1    0    0    0  3  1  1  0.842 0.000
32  0  2  2  157    8   38   21    7    0    1    0    1    0    1  2  2  1  0.876 0.000
32  0  2  2  158   15   35   21    7    0    1    1    1    1    0  4  4  1  0.948 0.000
32  0  2  2  159   23   33   36    7    0    0    1    0    0    0  3  1  1  1.146 0.000
32  0  2  2  160   25   35    2    7    0    1    0    0    0    0  1  1  1  0.655 0.000
32  0  2  2  161   18   38   77    7    0    1    1    1    1    0  4  2  1  0.616 0.000
32  0  2  2  162   33   33   50    7    0    0    1    0    1    1  4  4  1  1.011 0.000
32  0  2  2  163    5   35   40    7    0    1    0    1    0    1  2  2  1  0.750 0.000
32  0  2  2  164   11   31   50    7    0    0    0    1    1    0  2  2  1  0.627 0.000
32  0  2  2  165   29   39   19    7    0    1    1    0    0    0  3  1  1  1.516 0.000
32  0  2  2  166   13   33   40    7    0    0    1    1    1    0  4  2  1  0.643 0.000
32  0  2  2  167   16   36   58    7    0    1    0    1    1    0  2  2  1  1.244 0.000
32  0  2  2  168   10   30   69    7    0    0    0    1    1    0  2  2  1  0.614 0.000
32  0  2  2  169   34   34   12    7    0    0    0    0    1    1  1  4  1  0.640 0.000
32  0  2  2  170   39   39   65    7    0    1    1    0    1    1  4  4  1  0.810 0.000
32  0  2  2  171   19   39   27    7    0    1    0    1    1    0  2  2  1  0.661 0.000
32  0  2  2  172   32   32    3    7    0    0    0    0    1    1  1  4  1  0.646 0.000
32  0  1  3  173    7   47   44    3    1    1    1    1    0    1  3  3  1  1.006 0.000
32  0  1  3  174   17   47   65    4    1    1    0    1    1    0  2  2  1  0.892 0.000
32  0  1  3  175    9   49   50    1    1    1    1    1    0    1  3  3  1  0.622 0.000
32  0  1  3  176   24   44   50    0    2    0    1    0    0    0  3  3  1  0.844 0.000
32  0  1  3  177    5   45   41    3    2    1    0    1    0    1  2  2  1  0.497 0.000
32  0  1  3  178   16   46   67    4    1    1    1    1    1    0  4  4  1  0.604 0.000
32  0  1  3  179   38   48   55    1    1    1    0    0    1    1  1  1  1  0.529 0.000
32  0  1  3  180   15   45   63    2    2    1    1    1    1    0  4  4  1  0.515 0.000
32  0  1  3  181    1   41   48    0    2    0    1    1    0    1  3  3  1  0.877 0.000
32  0  1  3  182   36   46   52    1    1    1    0    0    1    1  1  1  1  0.617 0.000
32  0  1  3  183   12   42   72    4    2    0    0    1    1    0  2  2  1  0.526 0.000
32  0  1  3  184   28   48   51    3    1    1    1    0    0    0  3  3  1  0.696 0.000
32  0  1  3  185   35   45   63    0    2    1    0    0    1    1  1  1  1  0.554 0.000
32  0  1  3  186   26   46   39    2    1    1    1    0    0    0  3  3  1  1.699 0.000
32  0  1  3  187    2   42   75    3    2    0    1    1    0    1  3  3  1  0.621 0.000
32  0  1  3  188   34   44   34    4    2    0    1    0    1    1  4  4  1  0.690 0.000
32  0  1  3  189   21   41   17    0    2    0    1    0    0    0  3  3  1  0.845 0.000
32  0  1  3  190    4   44   25    2    2    0    1    1    0    1  3  3  1  0.642 0.000
32  0  1  3  191   10   40    2    3    1    0    1    1    1    0  4  4  1  0.839 0.000
32  0  1  3  192   14   44   23    0    2    0    1    1    1    0  4  4  1  0.827 0.000
32  0  1  3  193   39   49    1    1    1    1    0    0    1    1  1  1  1  0.521 0.000
32  0  1  3  194   32   42   77    4    2    0    0    0    1    1  1  1  1  0.683 0.000
32  0  1  3  195   29   49   26    0    1    1    1    0    0    0  3  3  1  0.749 0.000
32  0  1  3  196   11   41   46    3    2    0    1    1    1    0  4  4  1  1.126 0.000
32  0  1  3  197   37   47   27    1    1    1    0    0    1    1  1  1  1  0.512 0.000
32  0  1  3  198   18   48   74    0    1    1    1    1    1    0  4  4  1  0.778 0.000
32  0  1  3  199   20   40   52    3    1    0    1    0    0    0  3  3  1  1.041 0.000
32  0  1  3  200    6   46   28    2    1    1    0    1    0    1  2  2  1  0.862 0.000
32  0  1  3  201   33   43   16    0    2    0    0    0    1    1  1  1  1  0.546 0.000
32  0  1  3  202    3   43   30    3    2    0    0    1    0    1  2  2  1  0.979 0.000
32  0  1  3  203   13   43   79    2    2    0    0    1    1    0  2  2  1  0.506 0.000
32  0  1  3  204   25   45   23    4    2    1    1    0    0    0  3  3  1  0.708 0.000
32  0  1  3  205   22   42   41    3    2    0    1    0    0    0  3  3  1  0.566 0.000
32  0  1  3  206    0   40   56    0    0    0    1    1    0    1  3  4  0  0.630 0.000
32  0  1  3  207    8   48   64    2    1    1    0    1    0    1  2  2  1  0.499 0.000
32  0  1  3  208   31   41   17    1    2    0    0    0    1    1  1  1  1  0.454 0.000
32  0  1  3  209   23   43   43    4    2    0    0    0    0    0  1  1  1  0.530 0.000
32  0  1  3  210   27   47   49    2    1    1    1    0    0    0  3  3  1  0.604 0.000
32  0  1  3  211   19   49    1    3    1    1    0    1    1    0  2  2  1  0.586 0.000
32  0  1  3  212   30   40   36    0    1    0    0    0    1    1  1  1  1  0.552 0.000
32  0  2  3  213   34   54   54    7    0    0    0    0    1    1  1  1  1  0.832 0.000
32  0  2  3  214   19   59    3    7    0    1    1    1    1    0  4  4  1  0.835 0.000
32  0  2  3  215   20   50   74    7    0    0    1    0    0    0  3  3  1  0.732 0.000
32  0  2  3  216   16   56   24    7    0    1    0    1    1    0  2  2  1  0.570 0.000
32  0  2  3  217   15   55    5    7    0    1    1    1    1    0  4  2  1  0.454 0.000
32  0  2  3  218    9   59   35    7    0    1    0    1    0    1  2  2  1  0.615 0.000
32  0  2  3  219   27   57   40    7    0    1    1    0    0    0  3  1  1  0.874 0.000
32  0  2  3  220   36   56   72    7    0    1    0    0    1    1  1  4  1  0.834 0.000
32  0  2  3  221   35   55   32    7    0    1    1    0    1    1  4  4  1  1.003 0.000
32  0  2  3  222    8   58   12    7    0    1    0    1    0    1  2  2  1  1.078 0.000
32  0  2  3  223   28   58   48    7    0    1    1    0    0    0  3  1  1  0.734 0.000
32  0  2  3  224    6   56   78    7    0    1    0    1    0    1  2  2  1  0.532 0.000
32  0  2  3  225    5   55   45    7    0    1    1    1    0    1  3  3  1  1.017 0.000
32  0  2  3  226   24   54   30    7    0    0    1    0    0    0  3  1  1  0.851 0.000
32  0  2  3  227   38   58   69    7    0    1    0    0    1    1  1  4  1  0.716 0.000
32  0  2  3  228   29   59   12    7    0    1    1    0    0    0  3  1  1  1.299 0.000
32  0  2  3  229   23   53   20    7    0    0    1    0    0    0  3  1  1  0.658 0.000
32  0  2  3  230    4   54   23    7    0    0    1    1    0    1  3  3  1  0.730 0.000
32  0  2  3  231   31   51   68    7    0    0    1    0    1    1  4  1  1  1.265 0.000
32  0  2  3  232   21   51   56    7    0    0    1    0    0    0  3  1  1  0.634 0.000
32  0  2  3  233    2   52   20    7    0    0    1    1    0    1  3  2  1  0.715 0.000
32  0  2  3  234    7   57   58    7    0    1    0    1    0    1  2  2  1  0.641 0.000
32  0  2  3  235   18   58   12    7    0    1    1    1    1    0  4  4  1  0.659 0.000
32  0  2  3  236   22   52   24    7    0    0    1    0    0    0  3  3  1  0.764 0.000
32  0  2  3  237    1   51   18    7    0    0    1    1    0    1  3  2  1  0.601 0.000
32  0  2  3  238    0   50   46    7    0    0    1    1    0    1  3  2  1  0.500 0.000
32  0  2  3  239   37   57   46    7    0    1    0    0    1    1  1  4  1  0.906 0.000
32  0  2  3  240   11   51   76    7    0    0    0    1    1    0  2  2  1  0.665 0.000
32  0  2  3  241   30   50   64    7    0    0    0    0    1    1  1  4  1  0.658 0.000
32  0  2  3  242   25   55   18    7    0    1    1    0    0    0  3  1  1  0.835 0.000
32  0  2  3  243    3   53   33    7    0    0    1    1    0    1  3  2  1  0.883 0.000
32  0  2  3  244   32   52   10    7    0    0    1    0    1    1  4  4  1  0.691 0.000
32  0  2  3  245   33   53   11    7    0    0    1    0    1    1  4  4  1  0.715 0.000
32  0  2  3  246   39   59   47    7    0    1    0    0    1    1  1  4  1  0.642 0.000
32  0  2  3  247   10   50   45    7    0    0    0    1    1    0  2  2  1  0.867 0.000
32  0  2  3  248   12   52    7    7    0    0    0    1    1    0  2  2  1  0.682 0.000
32  0  2  3  249   14   54   54    7    0    0    0    1    1    0  2  2  1  1.108 0.000
32  0  2  3  250   17   57    4    7    0    1    1    1    1    0  4  2  1  0.530 0.000
32  0  2  3  251   13   53   59    7    0    0    1    1    1    0  4  2  1  0.640 0.000
32  0  2  3  252   26   56    7    7    0    1    0    0    0    0  1  1  1  0.562 0.000
32  0  1  4  253   21   61   60    3    2    0    0    0    0    0  1  1  1  1.836 0.000
32  0  1  4  254    4   64   73    4    2    0    0    1    0    1  2  2  1  0.665 0.000
32  0  1  4  255   27   67   61    1    1    1    1    0    0    0  3  3  1  0.677 0.000
32  0  1  4  256   22   62   64    0    2    0    1    0    0    0  3  3  1  0.880 0.000
32  0  1  4  257    6   66    3    3    1    1    0    1    0    1  2  2  1  0.436 0.000
32  0  1  4  258   35   65   78    4    0    1    1    0    1    1  4  3  0  0.609 0.000
32  0  1  4  259    7   67   27    1    1    1    0    1    0    1  2  2  1  0.526 0.000
32  0  1  4  260    2   62   10    0    2    0    0    1    0    1  2  2  1  0.616 0.000
32  0  1  4  261   29   69   68    4    1    1    1    0    0    0  3  3  1  0.678 0.000
32  0  1  4  262   25   65   55    1    2    1    0    0    0    0  1  1  1  0.714 0.000
32  0  1  4  263   31   61   49    2    2    0    0    0    1    1  1  1  1  0.547 0.000
32  0  1  4  264   20   60   42    3    1    0    0    0    0    0  1  1  1  0.628 0.000
32  0  1  4  265   14   64   52    4    2    0    0    1    1    0  2  2  1  0.626 0.000
32  0  1  4  266    3   63   69    0    2    0    0    1    0    1  2  2  1  0.568 0.000
32  0  1  4  267   10   60   38    3    1    0    0    1    1    0  2  2  1  0.502 0.000
32  0  1  4  268   28   68   22    4    1    1    1    0    0    0  3  3  1  1.041 0.000
32  0  1  4  269   33   63   67    1    2    0    1    0    1    1  4  4  1  0.606 0.000
32  0  1  4  270   17   67   25    2    1    1    0    1    1    0  2  2  1  0.548 0.000
32  0  1  4  271   23   63   71    3    2    0    0    0    0    0  1  1  1  0.613 0.000
32  0  1  4  272    9   69    7    1    1    1    1    1    0    1  3  3  1  0.666 0.000
32  0  1  4  273   11   61   33    0    2    0    1    1    1    0  4  4  1  0.542 0.000
32  0  1  4  274   34   64   48    2    2    0    1    0    1    1  4  4  1  0.543 0.000
32  0  1  4  275   37   67   45    1    1    1    0    0    1    1  1  1  1  0.648 0.000
32  0  1  4  276   39   69   24    4    1    1    1    0    1    1  4  4  1  0.796 0.000
32  0  1  4  277   36   66   51    3    1    1    0    0    1    1  1  1  1  0.690 0.000
32  0  1  4  278   38   68   76    2    1    1    1    0    1    1  4  4  1  0.485 0.000
32  0  1  4  279   30   60   13    4    1    0    1    0    1    1  4  4  1  0.800 0.000
32  0  1  4  280   12   62   70    3    2    0    1    1    1    0  4  4  1  0.702 0.000
32  0  1  4  281   16   66   29    0    1    1    0    1    1    0  2  2  1  0.680 0.000
32  0  1  4  282   26   66   34    1    1    1    1    0    0    0  3  3  1  0.828 0.000
32  0  1  4  283    1   61   76    2    2    0    1    1    0    1  3  3  1  0.818 0.000
32  0  1  4  284   24   64   13    3    2    0    1    0    0    0  3  3  1  1.078 0.000
32  0  1  4  285   15   65   30    1    2    1    0    1    1    0  2  2  1  0.642 0.000
32  0  1  4  286    5   65   34    4    2    1    1    1    0    1  3  3  1  0.743 0.000
32  0  1  4  287    0   60   57    3    1    0    1    1    0    1  3  3  1  0.632 0.000
32  0  1  4  288   18   68   28    1    1    1    0    1    1    0  2  2  1  0.621 0.000
32  0  1  4  289   13   63   57    0    2    0    0    1    1    0  2  2  1  0.506 0.000
32  0  1  4  290   19   69   44    3    1    1    1    1    1    0  4  4  1  0.565 0.000
32  0  1  4  291    8   68   17    2    1    1    0    1    0    1  2  2  1  0.461 0.000
32  0  1  4  292   32   62   25    1    2    0    0    0    1    1  1  1  1  0.576 0.000
32  0  2  4  293    3   73   11    7    0    0    0    1    0    1  2  3  1  0.768 0.000
32  0  2  4  294    6   76   71    7    0    1    1    1    0    1  3  3  1  0.636 0.000
32  0  2  4  295   13   73   34    7    0    0    1    1    1    0  4  4  1  0.782 0.000
32  0  2  4  296   17   77   17    7    0    1    0    1    1    0  2  2  1  1.025 0.000
32  0  2  4  297   16   76    0    7    0    1    1    1    1    0  4  2  1  0.907 0.000
32  0  2  4  298    5   75   29    7    0    1    0    1    0    1  2  3  1  0.634 0.000
32  0  2  4  299   18   78   60    7    0    1    1    1    1    0  4  2  1  0.564 0.000
32  0  2  4  300    2   72   19    7    0    0    1    1    0    1  3  3  1  0.729 0.000
32  0  2  4  301   39   79   56    7    0    1    0    0    1    1  1  4  1  0.758 0.000
32  0  2  4  302    7   77   31    7    0    1    1    1    0    1  3  3  1  0.667 0.000
32  0  2  4  303   25   75    3    7    0    1    0    0    0    0  1  1  1  0.660 0.000
32  0  2  4  304    8   78    0    7    0    1    1    1    0    1  3  2  1  1.141 0.000
32  0  2  4  305    4   74   77    7    0    0    1    1    0    1  3  3  1  0.850 0.000
32  0  2  4  306   14   74   26    7    0    0    1    1    1    0  4  2  1  0.522 0.000
32  0  2  4  307   20   70   46    7    0    0    1    0    0    0  3  1  1  0.657 0.000
32  0  2  4  308   21   71   10    7    0    0    1    0    0    0  3  1  1  0.698 0.000
32  0  2  4  309   31   71   59    7    0    0    1    0    1    1  4  4  1  0.817 0.000
32  0  2  4  310   37   77   22    7    0    1    0    0    1    1  1  4  1  0.547 0.000
32  0  2  4  311   30   70   75    7    0    0    0    0    1    1  1  4  1  0.680 0.000
32  0  2  4  312   26   76   77    7    0    1    1    0    0    0  3  1  1  0.792 0.000
32  0  2  4  313   22   72   53    7    0    0    1    0    0    0  3  3  1  0.668 0.000
32  0  2  4  314   33   73   61    7    0    0    1    0    1    1  4  1  1  0.588 0.000
32  0  2  4  315   38   78    5    7    0    1    0    0    1    1  1  1  1  0.847 0.000
32  0  2  4  316   24   74   75    7    0    0    0    0    0    0  1  3  1  0.745 0.000
32  0  2  4  317   19   79   47    7    0    1    1    1    1    0  4  4  1  0.646 0.000
32  0  2  4  318   35   75    2    7    0    1    0    0    1    1  1  1  1  0.736 0.000
32  0  2  4  319   34   74   26    7    0    0    0    0    1    1  1  1  1  0.773 0.000
32  0  2  4  320   32   72   19    7    0    0    0    0    1    1  1  4  1  0.617 0.000
32  0  2  4  321   28   78   31    7    0    1    1    0    0    0  3  1  1  0.707 0.000
32  0  2  4  322    0   70   62    7    0    0    1    1    0    1  3  3  1  0.674 0.000
32  0  2  4  323   23   73   59    7    0    0    1    0    0    0  3  3  1  0.946 0.000
32  0  2  4  324   36   76   33    7    0    1    0    0    1    1  1  4  1  0.679 0.000
32  0  2  4  325    1   71    8    7    0    0    0    1    0    1  2  3  1  0.895 0.000
32  0  2  4  326   29   79    4    7    0    1    1    0    0    0  3  3  1  0.943 0.000
32  0  2  4  327    9   79    6    7    0    1    0    1    0    1  2  2  1  1.197 0.000
32  0  2  4  328   10   70    9    7    0    0    0    1    1    0  2  2  1  0.599 0.000
32  0  2  4  329   27   77   67    7    0    1    1    0    0    0  3  3  1  1.355 0.000
32  0  2  4  330   11   71   16    7    0    0    1    1    1    0  4  4  1  0.784 0.000
32  0  2  4  331   15   75   39    7    0    1    0    1    1    0  2  2  1  0.524 0.000
32  0  2  4  332   12   72   78    7    0    0    0    1    1    0  2  2  1  0.690 0.000
