33  0  0  0    1    0   -1   68    1    0    1    0    1    1    0  2  5  -1  -1.000 -1.000
33  0  0  0    2    0   -1   68    2    0    1    1    1    1    0  4  -1  -1  -1.000 -1.000
33  0  0  0    3    0   -1   68    4    0    1    0    0    0    0  1  -1  -1  -1.000 -1.000
33  0  0  0    4    0   -1   68    3    0    0    0    0    0    0  1  -1  -1  -1.000 -1.000
33  0  0  0    5    0   -1   68    2    0    0    0    1    0    1  2  -1  -1  -1.000 -1.000
33  0  0  0    6    0   -1   68    4    0    0    0    1    1    0  2  -1  -1  -1.000 -1.000
33  0  0  0    7    0   -1   68    0    0    1    1    1    0    1  3  -1  -1  -1.000 -1.000
33  0  0  0    8    0   -1   68    3    0    1    0    0    0    0  1  -1  -1  -1.000 -1.000
33  0  0  0    9    0   -1   68    4    0    0    0    1    0    1  2  -1  -1  -1.000 -1.000
33  0  0  0   10    0   -1   68    2    0    1    1    1    0    1  3  -1  -1  -1.000 -1.000
33  0  0  0   11    0   -1   68    1    0    1    0    1    0    1  2  -1  -1  -1.000 -1.000
33  0  0  0   12    0   -1   68    0    0    1    1    1    0    1  3  -1  -1  -1.000 -1.000
33  0  1  1   13   37    7   14    2    2    1    0    0    1    1  1  -1  -1  -1.000 -1.000
33  0  1  1   14   28    8   30    1    2    1    1    0    0    0  3  -1  -1  -1.000 -1.000
33  0  1  1   15    6    6   65    3    2    1    0    1    0    1  2  -1  -1  -1.000 -1.000
33  0  1  1   16    8    8    1    2    2    1    1    1    0    1  3  -1  -1  -1.000 -1.000
33  0  1  1   17   30    0   54    4    2    0    1    0    1    1  4  -1  -1  -1.000 -1.000
33  0  1  1   18   21    1   31    0    1    0    1    0    0    0  3  -1  -1  -1.000 -1.000
33  0  1  1   19   38    8   71    2    2    1    0    0    1    1  1  -1  -1  -1.000 -1.000
33  0  1  1   20   14    4   30    1    1    0    0    1    1    0  2  -1  -1  -1.000 -1.000
33  0  1  1   21   23    3   11    4    1    0    0    0    0    0  1  -1  -1  -1.000 -1.000
33  0  1  1   22   32    2   66    0    1    0    0    0    1    1  1  -1  -1  -1.000 -1.000
33  0  1  1   23   33    3   52    2    1    0    0    0    1    1  1  -1  -1  -1.000 -1.000
33  0  1  1   24   35    5   16    1    1    1    1    0    1    1  4  -1  -1  -1.000 -1.000
33  0  1  1   25   15    5   70    3    1    1    0    1    1    0  2  -1  -1  -1.000 -1.000
33  0  1  1   26   39    9   58    0    2    1    1    0    1    1  4  -1  -1  -1.000 -1.000
33  0  1  1   27   36    6   15    2    2    1    0    0    1    1  1  -1  -1  -1.000 -1.000
33  0  1  1   28   27    7   53    1    2    1    1    0    0    0  3  -1  -1  -1.000 -1.000
33  0  1  1   29   10    0   64    0    2    0    1    1    1    0  4  -1  -1  -1.000 -1.000
33  0  1  1   30   19    9   61    3    2    1    0    1    1    0  2  -1  -1  -1.000 -1.000
33  0  1  1   31   13    3   48    4    1    0    0    1    1    0  2  -1  -1  -1.000 -1.000
33  0  1  1   32   34    4   57    2    1    0    0    0    1    1  1  -1  -1  -1.000 -1.000
33  0  1  1   33   31    1   11    0    1    0    0    0    1    1  1  -1  -1  -1.000 -1.000
33  0  1  1   34   25    5   17    4    1    1    1    0    0    0  3  -1  -1  -1.000 -1.000
33  0  1  1   35    0    0   59    1    2    0    1    1    0    1  3  -1  -1  -1.000 -1.000
33  0  1  1   36   16    6   72    3    2    1    0    1    1    0  2  -1  -1  -1.000 -1.000
33  0  1  1   37    5    5   45    2    1    1    1    1    0    1  3  -1  -1  -1.000 -1.000
33  0  1  1   38   24    4   29    0    1    0    1    0    0    0  3  -1  -1  -1.000 -1.000
33  0  1  1   39   26    6   27    3    2    1    0    0    0    0  1  -1  -1  -1.000 -1.000
33  0  1  1   40   17    7   14    4    2    1    1    1    1    0  4  -1  -1  -1.000 -1.000
33  0  1  1   41    4    4    6    1    1    0    1    1    0    1  3  -1  -1  -1.000 -1.000
33  0  1  1   42    3    3   14    3    1    0    1    1    0    1  3  -1  -1  -1.000 -1.000
33  0  1  1   43   11    1   77    4    1    0    1    1    1    0  4  -1  -1  -1.000 -1.000
33  0  1  1   44    7    7   53    2    2    1    0    1    0    1  2  -1  -1  -1.000 -1.000
33  0  1  1   45    2    2   33    0    1    0    0    1    0    1  2  -1  -1  -1.000 -1.000
33  0  1  1   46    9    9   63    1    2    1    1    1    0    1  3  -1  -1  -1.000 -1.000
33  0  1  1   47   22    2   37    2    1    0    1    0    0    0  3  -1  -1  -1.000 -1.000
33  0  1  1   48   18    8   37    0    2    1    0    1    1    0  2  -1  -1  -1.000 -1.000
33  0  1  1   49   20    0   74    4    2    0    0    0    0    0  1  -1  -1  -1.000 -1.000
33  0  1  1   50    1    1   30    1    1    0    0    1    0    1  2  -1  -1  -1.000 -1.000
33  0  1  1   51   29    9   22    3    2    1    1    0    0    0  3  -1  -1  -1.000 -1.000
33  0  1  1   52   12    2   39    2    1    0    1    1    1    0  4  -1  -1  -1.000 -1.000
33  0  2  1   53   12   12   49    7    0    0    1    1    1    0  4  -1  -1  -1.000 -1.000
33  0  2  1   54    3   13   56    7    0    0    1    1    0    1  3  -1  -1  -1.000 -1.000
33  0  2  1   55   28   18    5    7    0    1    0    0    0    0  1  -1  -1  -1.000 -1.000
33  0  2  1   56   23   13   43    7    0    0    0    0    0    0  1  -1  -1  -1.000 -1.000
33  0  2  1   57   14   14   28    7    0    0    0    1    1    0  2  -1  -1  -1.000 -1.000
33  0  2  1   58   39   19   60    7    0    1    1    0    1    1  4  -1  -1  -1.000 -1.000
33  0  2  1   59   32   12   68    7    0    0    1    0    1    1  4  -1  -1  -1.000 -1.000
33  0  2  1   60   24   14   60    7    0    0    1    0    0    0  3  -1  -1  -1.000 -1.000
33  0  2  1   61   16   16   24    7    0    1    0    1    1    0  2  -1  -1  -1.000 -1.000
33  0  2  1   62   19   19   55    7    0    1    1    1    1    0  4  -1  -1  -1.000 -1.000
33  0  2  1   63   31   11   24    7    0    0    1    0    1    1  4  -1  -1  -1.000 -1.000
33  0  2  1   64   26   16   73    7    0    1    0    0    0    0  1  -1  -1  -1.000 -1.000
33  0  2  1   65    8   18   13    7    0    1    1    1    0    1  3  -1  -1  -1.000 -1.000
33  0  2  1   66   20   10    8    7    0    0    1    0    0    0  3  -1  -1  -1.000 -1.000
33  0  2  1   67   33   13   39    7    0    0    1    0    1    1  4  -1  -1  -1.000 -1.000
33  0  2  1   68   38   18    8    7    0    1    0    0    1    1  1  -1  -1  -1.000 -1.000
33  0  2  1   69   29   19   39    7    0    1    1    0    0    0  3  -1  -1  -1.000 -1.000
33  0  2  1   70   18   18   47    7    0    1    0    1    1    0  2  -1  -1  -1.000 -1.000
33  0  2  1   71    7   17   69    7    0    1    1    1    0    1  3  -1  -1  -1.000 -1.000
33  0  2  1   72   10   10    6    7    0    0    1    1    1    0  4  -1  -1  -1.000 -1.000
33  0  2  1   73   25   15   10    7    0    1    0    0    0    0  1  -1  -1  -1.000 -1.000
33  0  2  1   74    2   12   48    7    0    0    0    1    0    1  2  -1  -1  -1.000 -1.000
33  0  2  1   75   27   17   12    7    0    1    1    0    0    0  3  -1  -1  -1.000 -1.000
33  0  2  1   76   17   17   17    7    0    1    0    1    1    0  2  -1  -1  -1.000 -1.000
33  0  2  1   77   35   15   40    7    0    1    1    0    1    1  4  -1  -1  -1.000 -1.000
33  0  2  1   78   37   17   38    7    0    1    0    0    1    1  1  -1  -1  -1.000 -1.000
33  0  2  1   79   21   11   18    7    0    0    0    0    0    0  1  -1  -1  -1.000 -1.000
33  0  2  1   80    1   11   72    7    0    0    0    1    0    1  2  -1  -1  -1.000 -1.000
33  0  2  1   81    0   10   75    7    0    0    0    1    0    1  2  -1  -1  -1.000 -1.000
33  0  2  1   82    4   14   70    7    0    0    0    1    0    1  2  -1  -1  -1.000 -1.000
33  0  2  1   83   13   13    2    7    0    0    0    1    1    0  2  -1  -1  -1.000 -1.000
33  0  2  1   84   36   16   12    7    0    1    1    0    1    1  4  -1  -1  -1.000 -1.000
33  0  2  1   85    5   15   27    7    0    1    0    1    0    1  2  -1  -1  -1.000 -1.000
33  0  2  1   86    6   16   34    7    0    1    1    1    0    1  3  -1  -1  -1.000 -1.000
33  0  2  1   87    9   19   68    7    0    1    0    1    0    1  2  -1  -1  -1.000 -1.000
33  0  2  1   88   15   15    3    7    0    1    1    1    1    0  4  -1  -1  -1.000 -1.000
33  0  2  1   89   34   14   20    7    0    0    1    0    1    1  4  -1  -1  -1.000 -1.000
33  0  2  1   90   30   10   21    7    0    0    1    0    1    1  4  -1  -1  -1.000 -1.000
33  0  2  1   91   11   11   18    7    0    0    1    1    1    0  4  -1  -1  -1.000 -1.000
33  0  2  1   92   22   12   48    7    0    0    1    0    0    0  3  -1  -1  -1.000 -1.000
33  0  1  2   93   10   20   21    0    2    0    1    1    1    0  4  -1  -1  -1.000 -1.000
33  0  1  2   94    9   29   61    4    2    1    0    1    0    1  2  -1  -1  -1.000 -1.000
33  0  1  2   95   22   22   57    1    1    0    0    0    0    0  1  -1  -1  -1.000 -1.000
33  0  1  2   96   28   28   25    2    2    1    1    0    0    0  3  -1  -1  -1.000 -1.000
33  0  1  2   97    2   22   76    0    1    0    1    1    0    1  3  -1  -1  -1.000 -1.000
33  0  1  2   98   13   23   19    1    1    0    1    1    1    0  4  -1  -1  -1.000 -1.000
33  0  1  2   99    1   21   22    4    1    0    1    1    0    1  3  -1  -1  -1.000 -1.000
33  0  1  2  100   11   21    9    2    1    0    1    1    1    0  4  -1  -1  -1.000 -1.000
33  0  1  2  101   17   27    7    3    2    1    0    1    1    0  2  -1  -1  -1.000 -1.000
33  0  1  2  102   31   21   32    1    1    0    0    0    1    1  1  -1  -1  -1.000 -1.000
33  0  1  2  103    0   20   40    2    2    0    0    1    0    1  2  -1  -1  -1.000 -1.000
33  0  1  2  104   18   28   76    0    2    1    1    1    1    0  4  -1  -1  -1.000 -1.000
33  0  1  2  105   39   29   13    3    2    1    0    0    1    1  1  -1  -1  -1.000 -1.000
33  0  1  2  106    7   27   43    1    2    1    1    1    0    1  3  -1  -1  -1.000 -1.000
33  0  1  2  107   16   26   31    2    2    1    0    1    1    0  2  -1  -1  -1.000 -1.000
33  0  1  2  108   38   28   22    3    2    1    1    0    1    1  4  -1  -1  -1.000 -1.000
33  0  1  2  109    3   23   17    4    1    0    1    1    0    1  3  -1  -1  -1.000 -1.000
33  0  1  2  110   14   24   42    2    1    0    1    1    1    0  4  -1  -1  -1.000 -1.000
33  0  1  2  111   34   24    7    3    1    0    1    0    1    1  4  -1  -1  -1.000 -1.000
33  0  1  2  112   35   25   72    0    1    1    0    0    1    1  1  -1  -1  -1.000 -1.000
33  0  1  2  113    6   26   28    1    2    1    1    1    0    1  3  -1  -1  -1.000 -1.000
33  0  1  2  114   33   23    9    2    1    0    1    0    1    1  4  -1  -1  -1.000 -1.000
33  0  1  2  115   27   27   75    3    2    1    0    0    0    0  1  -1  -1  -1.000 -1.000
33  0  1  2  116   21   21   55    0    1    0    0    0    0    0  1  -1  -1  -1.000 -1.000
33  0  1  2  117    8   28   49    4    2    1    1    1    0    1  3  -1  -1  -1.000 -1.000
33  0  1  2  118   30   20   51    2    2    0    1    0    1    1  4  -1  -1  -1.000 -1.000
33  0  1  2  119    4   24   20    3    1    0    1    1    0    1  3  -1  -1  -1.000 -1.000
33  0  1  2  120   36   26   55    4    2    1    0    0    1    1  1  -1  -1  -1.000 -1.000
33  0  1  2  121   29   29    6    1    2    1    1    0    0    0  3  -1  -1  -1.000 -1.000
33  0  1  2  122   15   25   11    0    1    1    0    1    1    0  2  -1  -1  -1.000 -1.000
33  0  1  2  123   25   25   13    2    1    1    1    0    0    0  3  -1  -1  -1.000 -1.000
33  0  1  2  124   20   20    4    4    2    0    1    0    0    0  3  -1  -1  -1.000 -1.000
33  0  1  2  125   24   24   40    3    1    0    1    0    0    0  3  -1  -1  -1.000 -1.000
33  0  1  2  126   12   22   25    2    1    0    1    1    1    0  4  -1  -1  -1.000 -1.000
33  0  1  2  127    5   25   32    0    1    1    0    1    0    1  2  -1  -1  -1.000 -1.000
33  0  1  2  128   32   22   63    3    1    0    0    0    1    1  1  -1  -1  -1.000 -1.000
33  0  1  2  129   19   29    8    1    2    1    1    1    1    0  4  -1  -1  -1.000 -1.000
33  0  1  2  130   26   26   63    4    2    1    0    0    0    0  1  -1  -1  -1.000 -1.000
33  0  1  2  131   23   23   33    2    1    0    0    0    0    0  1  -1  -1  -1.000 -1.000
33  0  1  2  132   37   27   23    0    2    1    1    0    1    1  4  -1  -1  -1.000 -1.000
33  0  2  2  133   31   31   36    7    0    0    1    0    1    1  4  -1  -1  -1.000 -1.000
33  0  2  2  134   27   37   35    7    0    1    0    0    0    0  1  -1  -1  -1.000 -1.000
33  0  2  2  135   23   33   51    7    0    0    0    0    0    0  1  -1  -1  -1.000 -1.000
33  0  2  2  136   37   37   61    7    0    1    1    0    1    1  4  -1  -1  -1.000 -1.000
33  0  2  2  137   25   35    1    7    0    1    0    0    0    0  1  -1  -1  -1.000 -1.000
33  0  2  2  138   18   38   57    7    0    1    1    1    1    0  4  -1  -1  -1.000 -1.000
33  0  2  2  139   10   30   63    7    0    0    1    1    1    0  4  -1  -1  -1.000 -1.000
33  0  2  2  140    5   35   12    7    0    1    0    1    0    1  2  -1  -1  -1.000 -1.000
33  0  2  2  141   11   31   22    7    0    0    0    1    1    0  2  -1  -1  -1.000 -1.000
33  0  2  2  142   29   39   68    7    0    1    1    0    0    0  3  -1  -1  -1.000 -1.000
33  0  2  2  143    3   33   24    7    0    0    1    1    0    1  3  -1  -1  -1.000 -1.000
33  0  2  2  144   33   33   37    7    0    0    1    0    1    1  4  -1  -1  -1.000 -1.000
33  0  2  2  145    0   30   38    7    0    0    1    1    0    1  3  -1  -1  -1.000 -1.000
33  0  2  2  146   32   32   46    7    0    0    1    0    1    1  4  -1  -1  -1.000 -1.000
33  0  2  2  147   16   36   66    7    0    1    0    1    1    0  2  -1  -1  -1.000 -1.000
33  0  2  2  148   13   33   41    7    0    0    0    1    1    0  2  -1  -1  -1.000 -1.000
33  0  2  2  149   28   38   78    7    0    1    1    0    0    0  3  -1  -1  -1.000 -1.000
33  0  2  2  150   35   35   45    7    0    1    0    0    1    1  1  -1  -1  -1.000 -1.000
33  0  2  2  151   14   34    0    7    0    0    0    1    1    0  2  -1  -1  -1.000 -1.000
33  0  2  2  152    9   39   52    7    0    1    1    1    0    1  3  -1  -1  -1.000 -1.000
33  0  2  2  153   12   32   33    7    0    0    1    1    1    0  4  -1  -1  -1.000 -1.000
33  0  2  2  154   20   30   58    7    0    0    1    0    0    0  3  -1  -1  -1.000 -1.000
33  0  2  2  155    8   38   66    7    0    1    0    1    0    1  2  -1  -1  -1.000 -1.000
33  0  2  2  156   22   32   28    7    0    0    0    0    0    0  1  -1  -1  -1.000 -1.000
33  0  2  2  157   24   34    3    7    0    0    0    0    0    0  1  -1  -1  -1.000 -1.000
33  0  2  2  158   17   37    4    7    0    1    1    1    1    0  4  -1  -1  -1.000 -1.000
33  0  2  2  159    7   37   50    7    0    1    0    1    0    1  2  -1  -1  -1.000 -1.000
33  0  2  2  160    2   32   55    7    0    0    0    1    0    1  2  -1  -1  -1.000 -1.000
33  0  2  2  161   36   36   76    7    0    1    1    0    1    1  4  -1  -1  -1.000 -1.000
33  0  2  2  162   19   39   34    7    0    1    0    1    1    0  2  -1  -1  -1.000 -1.000
33  0  2  2  163   39   39    1    7    0    1    1    0    1    1  4  -1  -1  -1.000 -1.000
33  0  2  2  164   26   36    9    7    0    1    0    0    0    0  1  -1  -1  -1.000 -1.000
33  0  2  2  165   21   31   24    7    0    0    0    0    0    0  1  -1  -1  -1.000 -1.000
33  0  2  2  166   34   34   19    7    0    0    0    0    1    1  1  -1  -1  -1.000 -1.000
33  0  2  2  167   30   30   75    7    0    0    0    0    1    1  1  -1  -1  -1.000 -1.000
33  0  2  2  168    6   36   46    7    0    1    1    1    0    1  3  -1  -1  -1.000 -1.000
33  0  2  2  169   15   35   38    7    0    1    0    1    1    0  2  -1  -1  -1.000 -1.000
33  0  2  2  170   38   38   65    7    0    1    1    0    1    1  4  -1  -1  -1.000 -1.000
33  0  2  2  171    1   31   23    7    0    0    1    1    0    1  3  -1  -1  -1.000 -1.000
33  0  2  2  172    4   34   19    7    0    0    1    1    0    1  3  -1  -1  -1.000 -1.000
33  0  1  3  173   28   48   14    4    2    1    0    0    0    0  1  -1  -1  -1.000 -1.000
33  0  1  3  174   18   48   32    0    2    1    1    1    1    0  4  -1  -1  -1.000 -1.000
33  0  1  3  175    6   46   31    2    2    1    0    1    0    1  2  -1  -1  -1.000 -1.000
33  0  1  3  176   24   44   66    4    1    0    0    0    0    0  1  -1  -1  -1.000 -1.000
33  0  1  3  177   17   47    1    0    2    1    1    1    1    0  4  -1  -1  -1.000 -1.000
33  0  1  3  178   32   42   29    1    1    0    1    0    1    1  4  -1  -1  -1.000 -1.000
33  0  1  3  179    0   40    8    3    2    0    1    1    0    1  3  -1  -1  -1.000 -1.000
33  0  1  3  180    3   43   25    4    1    0    1    1    0    1  3  -1  -1  -1.000 -1.000
33  0  1  3  181   13   43   58    1    1    0    1    1    1    0  4  -1  -1  -1.000 -1.000
33  0  1  3  182   20   40   38    0    2    0    1    0    0    0  3  -1  -1  -1.000 -1.000
33  0  1  3  183   27   47   15    4    2    1    0    0    0    0  1  -1  -1  -1.000 -1.000
33  0  1  3  184   31   41   64    1    1    0    0    0    1    1  1  -1  -1  -1.000 -1.000
33  0  1  3  185   10   40   71    3    2    0    0    1    1    0  2  -1  -1  -1.000 -1.000
33  0  1  3  186    9   49    7    4    2    1    1    1    0    1  3  -1  -1  -1.000 -1.000
33  0  1  3  187   19   49   54    0    2    1    0    1    1    0  2  -1  -1  -1.000 -1.000
33  0  1  3  188    1   41    5    3    1    0    0    1    0    1  2  -1  -1  -1.000 -1.000
33  0  1  3  189   14   44   29    4    1    0    0    1    1    0  2  -1  -1  -1.000 -1.000
33  0  1  3  190   30   40   79    2    2    0    0    0    1    1  1  -1  -1  -1.000 -1.000
33  0  1  3  191   11   41   50    1    1    0    0    1    1    0  2  -1  -1  -1.000 -1.000
33  0  1  3  192   35   45   31    4    1    1    1    0    1    1  4  -1  -1  -1.000 -1.000
33  0  1  3  193    8   48    4    2    2    1    0    1    0    1  2  -1  -1  -1.000 -1.000
33  0  1  3  194    7   47   21    1    2    1    1    1    0    1  3  -1  -1  -1.000 -1.000
33  0  1  3  195   16   46   51    0    2    1    0    1    1    0  2  -1  -1  -1.000 -1.000
33  0  1  3  196   12   42   69    3    1    0    0    1    1    0  2  -1  -1  -1.000 -1.000
33  0  1  3  197   23   43    0    2    1    0    0    0    0    0  1  -1  -1  -1.000 -1.000
33  0  1  3  198   29   49   77    0    2    1    1    0    0    0  3  -1  -1  -1.000 -1.000
33  0  1  3  199   25   45   62    3    1    1    0    0    0    0  1  -1  -1  -1.000 -1.000
33  0  1  3  200   38   48   78    4    2    1    1    0    1    1  4  -1  -1  -1.000 -1.000
33  0  1  3  201   21   41   64    0    1    0    1    0    0    0  3  -1  -1  -1.000 -1.000
33  0  1  3  202   37   47   35    2    2    1    0    0    1    1  1  -1  -1  -1.000 -1.000
33  0  1  3  203   22   42   19    4    1    0    0    0    0    0  1  -1  -1  -1.000 -1.000
33  0  1  3  204    5   45   42    0    1    1    1    1    0    1  3  -1  -1  -1.000 -1.000
33  0  1  3  205   33   43   28    1    1    0    1    0    1    1  4  -1  -1  -1.000 -1.000
33  0  1  3  206    4   44   64    3    1    0    1    1    0    1  3  -1  -1  -1.000 -1.000
33  0  1  3  207   39   49   50    4    2    1    0    0    1    1  1  -1  -1  -1.000 -1.000
33  0  1  3  208   15   45   67    2    1    1    1    1    1    0  4  -1  -1  -1.000 -1.000
33  0  1  3  209   36   46   56    3    2    1    0    0    1    1  1  -1  -1  -1.000 -1.000
33  0  1  3  210    2   42   57    4    1    0    0    1    0    1  2  -1  -1  -1.000 -1.000
33  0  1  3  211   34   44   33    0    1    0    0    0    1    1  1  -1  -1  -1.000 -1.000
33  0  1  3  212   26   46   59    2    2    1    1    0    0    0  3  -1  -1  -1.000 -1.000
33  0  2  3  213   22   52    2    7    0    0    1    0    0    0  3  -1  -1  -1.000 -1.000
33  0  2  3  214   32   52   53    7    0    0    1    0    1    1  4  -1  -1  -1.000 -1.000
33  0  2  3  215    0   50   26    7    0    0    1    1    0    1  3  -1  -1  -1.000 -1.000
33  0  2  3  216    5   55   51    7    0    1    0    1    0    1  2  -1  -1  -1.000 -1.000
33  0  2  3  217   19   59   23    7    0    1    1    1    1    0  4  -1  -1  -1.000 -1.000
33  0  2  3  218   15   55   56    7    0    1    0    1    1    0  2  -1  -1  -1.000 -1.000
33  0  2  3  219   13   53   74    7    0    0    0    1    1    0  2  -1  -1  -1.000 -1.000
33  0  2  3  220   34   54   25    7    0    0    0    0    1    1  1  -1  -1  -1.000 -1.000
33  0  2  3  221   24   54   16    7    0    0    0    0    0    0  1  -1  -1  -1.000 -1.000
33  0  2  3  222   18   58   45    7    0    1    1    1    1    0  4  -1  -1  -1.000 -1.000
33  0  2  3  223   11   51   62    7    0    0    1    1    1    0  4  -1  -1  -1.000 -1.000
33  0  2  3  224   10   50   27    7    0    0    1    1    1    0  4  -1  -1  -1.000 -1.000
33  0  2  3  225   39   59   18    7    0    1    0    0    1    1  1  -1  -1  -1.000 -1.000
33  0  2  3  226   31   51   34    7    0    0    0    0    1    1  1  -1  -1  -1.000 -1.000
33  0  2  3  227    1   51   58    7    0    0    0    1    0    1  2  -1  -1  -1.000 -1.000
33  0  2  3  228    3   53   54    7    0    0    0    1    0    1  2  -1  -1  -1.000 -1.000
33  0  2  3  229   38   58   41    7    0    1    1    0    1    1  4  -1  -1  -1.000 -1.000
33  0  2  3  230   25   55   65    7    0    1    0    0    0    0  1  -1  -1  -1.000 -1.000
33  0  2  3  231   35   55   70    7    0    1    1    0    1    1  4  -1  -1  -1.000 -1.000
33  0  2  3  232   23   53   21    7    0    0    1    0    0    0  3  -1  -1  -1.000 -1.000
33  0  2  3  233   27   57   54    7    0    1    0    0    0    0  1  -1  -1  -1.000 -1.000
33  0  2  3  234   29   59   41    7    0    1    1    0    0    0  3  -1  -1  -1.000 -1.000
33  0  2  3  235    6   56    9    7    0    1    0    1    0    1  2  -1  -1  -1.000 -1.000
33  0  2  3  236   16   56   20    7    0    1    1    1    1    0  4  -1  -1  -1.000 -1.000
33  0  2  3  237    8   58    2    7    0    1    0    1    0    1  2  -1  -1  -1.000 -1.000
33  0  2  3  238    2   52   11    7    0    0    0    1    0    1  2  -1  -1  -1.000 -1.000
33  0  2  3  239   36   56   73    7    0    1    1    0    1    1  4  -1  -1  -1.000 -1.000
33  0  2  3  240   12   52   52    7    0    0    1    1    1    0  4  -1  -1  -1.000 -1.000
33  0  2  3  241   26   56   61    7    0    1    0    0    0    0  1  -1  -1  -1.000 -1.000
33  0  2  3  242    9   59   60    7    0    1    1    1    0    1  3  -1  -1  -1.000 -1.000
33  0  2  3  243    7   57   41    7    0    1    0    1    0    1  2  -1  -1  -1.000 -1.000
33  0  2  3  244    4   54   39    7    0    0    0    1    0    1  2  -1  -1  -1.000 -1.000
33  0  2  3  245   14   54   12    7    0    0    0    1    1    0  2  -1  -1  -1.000 -1.000
33  0  2  3  246   21   51   45    7    0    0    0    0    0    0  1  -1  -1  -1.000 -1.000
33  0  2  3  247   30   50   27    7    0    0    0    0    1    1  1  -1  -1  -1.000 -1.000
33  0  2  3  248   37   57    4    7    0    1    1    0    1    1  4  -1  -1  -1.000 -1.000
33  0  2  3  249   20   50   34    7    0    0    1    0    0    0  3  -1  -1  -1.000 -1.000
33  0  2  3  250   33   53   69    7    0    0    1    0    1    1  4  -1  -1  -1.000 -1.000
33  0  2  3  251   17   57   44    7    0    1    0    1    1    0  2  -1  -1  -1.000 -1.000
33  0  2  3  252   28   58   56    7    0    1    1    0    0    0  3  -1  -1  -1.000 -1.000
33  0  1  4  253   20   60   46    3    2    0    1    0    0    0  3  -1  -1  -1.000 -1.000
33  0  1  4  254   36   66   10    2    2    1    0    0    1    1  1  -1  -1  -1.000 -1.000
33  0  1  4  255   39   69   48    1    2    1    1    0    1    1  4  -1  -1  -1.000 -1.000
33  0  1  4  256   10   60    5    3    2    0    1    1    1    0  4  -1  -1  -1.000 -1.000
33  0  1  4  257    2   62   16    4    1    0    1    1    0    1  3  -1  -1  -1.000 -1.000
33  0  1  4  258   32   62   59    2    1    0    1    0    1    1  4  -1  -1  -1.000 -1.000
33  0  1  4  259    7   67   77    0    2    1    0    1    0    1  2  -1  -1  -1.000 -1.000
33  0  1  4  260   30   60   42    3    2    0    0    0    1    1  1  -1  -1  -1.000 -1.000
33  0  1  4  261    9   69   35    2    2    1    1    1    0    1  3  -1  -1  -1.000 -1.000
33  0  1  4  262   22   62   69    0    1    0    1    0    0    0  3  -1  -1  -1.000 -1.000
33  0  1  4  263   19   69   59    4    2    1    0    1    1    0  2  -1  -1  -1.000 -1.000
33  0  1  4  264    4   64   78    3    1    0    0    1    0    1  2  -1  -1  -1.000 -1.000
33  0  1  4  265   23   63   70    2    1    0    0    0    0    0  1  -1  -1  -1.000 -1.000
33  0  1  4  266    6   66   74    0    2    1    1    1    0    1  3  -1  -1  -1.000 -1.000
33  0  1  4  267   37   67   47    3    2    1    0    0    1    1  1  -1  -1  -1.000 -1.000
33  0  1  4  268   17   67   35    4    2    1    1    1    1    0  4  -1  -1  -1.000 -1.000
33  0  1  4  269   27   67   79    1    2    1    0    0    0    0  1  -1  -1  -1.000 -1.000
33  0  1  4  270   16   66   65    3    2    1    1    1    1    0  4  -1  -1  -1.000 -1.000
33  0  1  4  271   28   68    7    0    2    1    0    0    0    0  1  -1  -1  -1.000 -1.000
33  0  1  4  272   21   61   50    2    1    0    0    0    0    0  1  -1  -1  -1.000 -1.000
33  0  1  4  273    8   68   10    3    2    1    1    1    0    1  3  -1  -1  -1.000 -1.000
33  0  1  4  274   33   63    5    0    1    0    1    0    1    1  4  -1  -1  -1.000 -1.000
33  0  1  4  275   34   64   49    2    1    0    1    0    1    1  4  -1  -1  -1.000 -1.000
33  0  1  4  276   35   65   26    1    1    1    0    0    1    1  1  -1  -1  -1.000 -1.000
33  0  1  4  277    3   63   37    0    1    0    0    1    0    1  2  -1  -1  -1.000 -1.000
33  0  1  4  278   12   62   16    2    1    0    0    1    1    0  2  -1  -1  -1.000 -1.000
33  0  1  4  279    0   60   79    4    2    0    0    1    0    1  2  -1  -1  -1.000 -1.000
33  0  1  4  280   14   64   53    3    1    0    0    1    1    0  2  -1  -1  -1.000 -1.000
33  0  1  4  281   29   69   47    2    2    1    1    0    0    0  3  -1  -1  -1.000 -1.000
33  0  1  4  282   26   66   36    0    2    1    0    0    0    0  1  -1  -1  -1.000 -1.000
33  0  1  4  283    5   65   15    1    1    1    1    1    0    1  3  -1  -1  -1.000 -1.000
33  0  1  4  284   15   65   13    4    1    1    0    1    1    0  2  -1  -1  -1.000 -1.000
33  0  1  4  285   24   64   52    3    1    0    0    0    0    0  1  -1  -1  -1.000 -1.000
33  0  1  4  286   38   68   30    0    2    1    1    0    1    1  4  -1  -1  -1.000 -1.000
33  0  1  4  287   31   61   44    1    1    0    1    0    1    1  4  -1  -1  -1.000 -1.000
33  0  1  4  288   13   63   75    4    1    0    1    1    1    0  4  -1  -1  -1.000 -1.000
33  0  1  4  289   11   61   26    3    1    0    1    1    1    0  4  -1  -1  -1.000 -1.000
33  0  1  4  290   18   68   78    2    2    1    0    1    1    0  2  -1  -1  -1.000 -1.000
33  0  1  4  291    1   61   36    4    1    0    0    1    0    1  2  -1  -1  -1.000 -1.000
33  0  1  4  292   25   65   32    0    1    1    1    0    0    0  3  -1  -1  -1.000 -1.000
33  0  2  4  293   12   72   10    7    0    0    1    1    1    0  4  -1  -1  -1.000 -1.000
33  0  2  4  294    7   77   67    7    0    1    0    1    0    1  2  -1  -1  -1.000 -1.000
33  0  2  4  295   35   75    0    7    0    1    1    0    1    1  4  -1  -1  -1.000 -1.000
33  0  2  4  296   11   71   60    7    0    0    1    1    1    0  4  -1  -1  -1.000 -1.000
33  0  2  4  297   27   77   76    7    0    1    0    0    0    0  1  -1  -1  -1.000 -1.000
33  0  2  4  298    5   75   29    7    0    1    1    1    0    1  3  -1  -1  -1.000 -1.000
33  0  2  4  299   20   70   23    7    0    0    1    0    0    0  3  -1  -1  -1.000 -1.000
33  0  2  4  300   25   75   49    7    0    1    0    0    0    0  1  -1  -1  -1.000 -1.000
33  0  2  4  301   15   75   40    7    0    1    1    1    1    0  4  -1  -1  -1.000 -1.000
33  0  2  4  302    2   72   71    7    0    0    1    1    0    1  3  -1  -1  -1.000 -1.000
33  0  2  4  303   30   70   77    7    0    0    1    0    1    1  4  -1  -1  -1.000 -1.000
33  0  2  4  304   18   78   15    7    0    1    0    1    1    0  2  -1  -1  -1.000 -1.000
33  0  2  4  305   28   78   71    7    0    1    1    0    0    0  3  -1  -1  -1.000 -1.000
33  0  2  4  306   39   79    2    7    0    1    0    0    1    1  1  -1  -1  -1.000 -1.000
33  0  2  4  307   37   77   17    7    0    1    1    0    1    1  4  -1  -1  -1.000 -1.000
33  0  2  4  308    3   73   73    7    0    0    1    1    0    1  3  -1  -1  -1.000 -1.000
33  0  2  4  309   31   71    6    7    0    0    1    0    1    1  4  -1  -1  -1.000 -1.000
33  0  2  4  310    0   70    3    7    0    0    1    1    0    1  3  -1  -1  -1.000 -1.000
33  0  2  4  311   33   73   62    7    0    0    1    0    1    1  4  -1  -1  -1.000 -1.000
33  0  2  4  312    9   79    0    7    0    1    0    1    0    1  2  -1  -1  -1.000 -1.000
33  0  2  4  313   38   78   74    7    0    1    1    0    1    1  4  -1  -1  -1.000 -1.000
33  0  2  4  314   36   76   67    7    0    1    0    0    1    1  1  -1  -1  -1.000 -1.000
33  0  2  4  315   14   74   43    7    0    0    0    1    1    0  2  -1  -1  -1.000 -1.000
33  0  2  4  316   26   76   44    7    0    1    1    0    0    0  3  -1  -1  -1.000 -1.000
33  0  2  4  317   34   74   43    7    0    0    1    0    1    1  4  -1  -1  -1.000 -1.000
33  0  2  4  318    8   78   62    7    0    1    0    1    0    1  2  -1  -1  -1.000 -1.000
33  0  2  4  319   16   76   73    7    0    1    1    1    1    0  4  -1  -1  -1.000 -1.000
33  0  2  4  320   10   70   46    7    0    0    1    1    1    0  4  -1  -1  -1.000 -1.000
33  0  2  4  321   19   79   68    7    0    1    0    1    1    0  2  -1  -1  -1.000 -1.000
33  0  2  4  322   22   72   26    7    0    0    0    0    0    0  1  -1  -1  -1.000 -1.000
33  0  2  4  323   13   73   36    7    0    0    0    1    1    0  2  -1  -1  -1.000 -1.000
33  0  2  4  324   23   73   72    7    0    0    0    0    0    0  1  -1  -1  -1.000 -1.000
33  0  2  4  325    1   71   44    7    0    0    0    1    0    1  2  -1  -1  -1.000 -1.000
33  0  2  4  326   17   77   79    7    0    1    1    1    1    0  4  -1  -1  -1.000 -1.000
33  0  2  4  327   21   71   42    7    0    0    1    0    0    0  3  -1  -1  -1.000 -1.000
33  0  2  4  328    4   74   47    7    0    0    1    1    0    1  3  -1  -1  -1.000 -1.000
33  0  2  4  329   24   74   20    7    0    0    1    0    0    0  3  -1  -1  -1.000 -1.000
33  0  2  4  330   29   79   67    7    0    1    0    0    0    0  1  -1  -1  -1.000 -1.000
33  0  2  4  331    6   76   18    7    0    1    1    1    0    1  3  -1  -1  -1.000 -1.000
33  0  2  4  332   32   72    3    7    0    0    1    0    1    1  4  -1  -1  -1.000 -1.000
