36  0  0  0    1    0   -1   79    1    0    1    0    0    1    1  3  3  1  6.283 0.000
36  0  0  0    2    0   -1   79    3    0    1    1    0    0    0  1  1  1  3.172 0.000
36  0  0  0    3    0   -1   79    0    0    1    0    1    1    0  4  4  1  5.111 0.000
36  0  0  0    4    0   -1   79    1    0    1    1    1    1    0  2  2  1  1.686 0.000
36  0  0  0    5    0   -1   79    3    0    0    1    1    1    0  2  1  0  5.990 0.000
36  0  0  0    6    0   -1   79    0    0    1    0    1    0    1  4  4  1  3.725 0.000
36  0  0  0    7    0   -1   79    4    0    1    1    0    1    1  2  2  1  2.508 0.000
36  0  0  0    8    0   -1   79    3    0    0    1    1    1    0  2  2  1  4.107 0.000
36  0  0  0    9    0   -1   79    2    0    0    1    0    1    1  2  2  1  3.962 0.000
36  0  0  0   10    0   -1   79    1    0    0    1    1    0    1  1  1  1  1.111 0.000
36  0  0  0   11    0   -1   79    4    0    0    1    0    0    0  1  1  1  1.118 0.000
36  0  0  0   12    0   -1   79    0    0    0    1    1    1    0  2  2  1  0.748 0.000
36  0  1  1   13   20    0   23    3    1    0    1    0    0    0  1  1  1  1.956 0.000
36  0  1  1   14   30    0    3    1    1    0    1    0    1    1  2  2  1  1.236 0.000
36  0  1  1   15    2    2   69    0    2    0    1    1    0    1  1  1  1  1.145 0.000
36  0  1  1   16   21    1   75    2    2    0    1    0    0    0  1  1  1  4.842 0.000
36  0  1  1   17    5    5   15    4    2    1    0    1    0    1  4  4  1  5.239 0.000
36  0  1  1   18    0    0   49    1    0    0    0    1    0    1  4  3  0  1.155 0.000
36  0  1  1   19   14    4   56    2    2    0    0    1    1    0  4  4  1  3.212 0.000
36  0  1  1   20    9    9   19    4    1    1    1    1    0    1  1  1  1  2.018 0.000
36  0  1  1   21   19    9   54    3    1    1    0    1    1    0  4  4  1  2.224 0.000
36  0  1  1   22   36    6   66    2    1    1    1    0    1    1  2  2  1  0.980 0.000
36  0  1  1   23   33    3   49    0    2    0    1    0    1    1  2  2  1  2.163 0.000
36  0  1  1   24   29    9   25    4    1    1    0    0    0    0  3  3  1  2.788 0.000
36  0  1  1   25    7    7    6    3    1    1    1    1    0    1  1  1  1  1.947 0.000
36  0  1  1   26   38    8   27    0    0    1    0    0    1    1  3  2  0  0.923 0.000
36  0  1  1   27   22    2    4    2    0    0    0    0    0    0  3  1  0  3.708 0.000
36  0  1  1   28   13    3   38    1    2    0    0    1    1    0  4  4  1  1.247 0.000
36  0  1  1   29   26    6   72    0    1    1    1    0    0    0  1  1  1  3.843 0.000
36  0  1  1   30   18    8   45    4    1    1    0    1    1    0  4  4  1  1.552 0.000
36  0  1  1   31    8    8   62    1    1    1    1    1    0    1  1  1  1  1.609 0.000
36  0  1  1   32   24    4   16    2    2    0    1    0    0    0  1  1  1  1.238 0.000
36  0  1  1   33   35    5   75    0    2    1    0    0    1    1  3  3  1  1.691 0.000
36  0  1  1   34   17    7   71    3    1    1    1    1    1    0  2  2  1  2.814 0.000
36  0  1  1   35   16    6   14    2    1    1    0    1    1    0  4  4  1  1.508 0.000
36  0  1  1   36   27    7   32    4    1    1    1    0    0    0  1  1  1  1.110 0.000
36  0  1  1   37    3    3    9    3    2    0    1    1    0    1  1  1  1  3.552 0.000
36  0  1  1   38   15    5   10    1    2    1    0    1    1    0  4  4  1  0.754 0.000
36  0  1  1   39   37    7   39    2    1    1    1    0    1    1  2  2  1  1.008 0.000
36  0  1  1   40   23    3   48    3    2    0    1    0    0    0  1  1  1  1.551 0.000
36  0  1  1   41   12    2   69    1    2    0    1    1    1    0  2  2  1  1.263 0.000
36  0  1  1   42   32    2   55    2    2    0    1    0    1    1  2  2  1  0.818 0.000
36  0  1  1   43   34    4   41    3    2    0    1    0    1    1  2  2  1  3.936 0.000
36  0  1  1   44    6    6   39    4    1    1    0    1    0    1  4  4  1  1.873 0.000
36  0  1  1   45    1    1   35    0    2    0    0    1    0    1  4  4  1  3.276 0.000
36  0  1  1   46   39    9   68    3    1    1    1    0    1    1  2  2  1  1.960 0.000
36  0  1  1   47   11    1   67    1    2    0    1    1    1    0  2  2  1  2.256 0.000
36  0  1  1   48   31    1   14    2    2    0    1    0    1    1  2  2  1  1.596 0.000
36  0  1  1   49   28    8   46    3    1    1    0    0    0    0  3  3  1  0.739 0.000
36  0  1  1   50   10    0   43    4    1    0    0    1    1    0  4  4  1  1.876 0.000
36  0  1  1   51    4    4   70    1    2    0    0    1    0    1  4  4  1  2.567 0.000
36  0  1  1   52   25    5   31    0    2    1    1    0    0    0  1  1  1  2.311 0.000
36  0  2  1   53   39   19   78    7    0    1    0    0    1    1  3  2  1  2.569 0.000
36  0  2  1   54    2   12   71    7    0    0    0    1    0    1  4  4  1  1.453 0.000
36  0  2  1   55    4   14   25    7    0    0    0    1    0    1  4  4  1  2.174 0.000
36  0  2  1   56    3   13   53    7    0    0    0    1    0    1  4  4  1  1.138 0.000
36  0  2  1   57   29   19   61    7    0    1    1    0    0    0  1  1  1  2.392 0.000
36  0  2  1   58   21   11   28    7    0    0    1    0    0    0  1  3  1  1.795 0.000
36  0  2  1   59   22   12   24    7    0    0    1    0    0    0  1  1  1  1.719 0.000
36  0  2  1   60    9   19    3    7    0    1    0    1    0    1  4  4  1  1.597 0.000
36  0  2  1   61   34   14   51    7    0    0    0    0    1    1  3  3  1  2.169 0.000
36  0  2  1   62   20   10   19    7    0    0    0    0    0    0  3  3  1  1.460 0.000
36  0  2  1   63   36   16   76    7    0    1    1    0    1    1  2  2  1  1.381 0.000
36  0  2  1   64   30   10   52    7    0    0    1    0    1    1  2  2  1  1.289 0.000
36  0  2  1   65   35   15   47    7    0    1    0    0    1    1  3  2  1  1.065 0.000
36  0  2  1   66   15   15   18    7    0    1    1    1    1    0  2  4  1  0.697 0.000
36  0  2  1   67   17   17   19    7    0    1    0    1    1    0  4  4  1  0.625 0.000
36  0  2  1   68   16   16    6    7    0    1    1    1    1    0  2  4  1  0.699 0.000
36  0  2  1   69   10   10    1    7    0    0    1    1    1    0  2  2  1  1.715 0.000
36  0  2  1   70   28   18   55    7    0    1    0    0    0    0  3  3  1  1.217 0.000
36  0  2  1   71   31   11   43    7    0    0    0    0    1    1  3  4  0  2.235 0.000
36  0  2  1   72   23   13   66    7    0    0    0    0    0    0  3  3  1  1.128 0.000
36  0  2  1   73   18   18   62    7    0    1    1    1    1    0  2  4  1  1.166 0.000
36  0  2  1   74    8   18   33    7    0    1    0    1    0    1  4  4  1  0.802 0.000
36  0  2  1   75    1   11    4    7    0    0    0    1    0    1  4  2  0  5.141 0.000
36  0  2  1   76   26   16   34    7    0    1    1    0    0    0  1  1  1  1.070 0.000
36  0  2  1   77   24   14   52    7    0    0    1    0    0    0  1  3  1  1.773 0.000
36  0  2  1   78   13   13   72    7    0    0    1    1    1    0  2  2  1  1.490 0.000
36  0  2  1   79    5   15   47    7    0    1    0    1    0    1  4  4  1  1.153 0.000
36  0  2  1   80   12   12   73    7    0    0    0    1    1    0  4  2  1  1.038 0.000
36  0  2  1   81   33   13   22    7    0    0    0    0    1    1  3  2  1  1.263 0.000
36  0  2  1   82   32   12   69    7    0    0    0    0    1    1  3  2  1  1.056 0.000
36  0  2  1   83   38   18   61    7    0    1    1    0    1    1  2  2  1  1.193 0.000
36  0  2  1   84    7   17   22    7    0    1    0    1    0    1  4  4  1  1.093 0.000
36  0  2  1   85   19   19   53    7    0    1    1    1    1    0  2  4  1  1.203 0.000
36  0  2  1   86   14   14   25    7    0    0    1    1    1    0  2  4  1  1.558 0.000
36  0  2  1   87   11   11   21    7    0    0    1    1    1    0  2  4  1  0.683 0.000
36  0  2  1   88   27   17   51    7    0    1    0    0    0    0  3  2  0  2.539 0.000
36  0  2  1   89   25   15   50    7    0    1    1    0    0    0  1  3  1  2.507 0.000
36  0  2  1   90    0   10   67    7    0    0    1    1    0    1  1  4  1  1.514 0.000
36  0  2  1   91   37   17   33    7    0    1    0    0    1    1  3  2  1  1.449 0.000
36  0  2  1   92    6   16   73    7    0    1    1    1    0    1  1  4  1  1.642 0.000
36  0  1  2   93    9   29   14    2    1    1    0    1    0    1  4  4  1  1.040 0.000
36  0  1  2   94   20   20   73    4    1    0    0    0    0    0  3  3  1  0.821 0.000
36  0  1  2   95   38   28    1    0    1    1    1    0    1    1  2  2  1  1.675 0.000
36  0  1  2   96   22   22   67    1    2    0    1    0    0    0  1  1  1  1.134 0.000
36  0  1  2   97   25   25   69    4    2    1    0    0    0    0  3  3  1  1.119 0.000
36  0  1  2   98   12   22   35    0    2    0    0    1    1    0  4  4  1  0.840 0.000
36  0  1  2   99    8   28   27    1    1    1    1    1    0    1  1  1  1  1.900 0.000
36  0  1  2  100   24   24   13    2    2    0    1    0    0    0  1  1  1  1.007 0.000
36  0  1  2  101   27   27   17    0    1    1    0    0    0    0  3  3  1  0.765 0.000
36  0  1  2  102   23   23   39    3    2    0    0    0    0    0  3  3  1  1.053 0.000
36  0  1  2  103   21   21   76    1    2    0    0    0    0    0  3  3  1  0.849 0.000
36  0  1  2  104   36   26   46    2    1    1    1    0    1    1  2  2  1  1.894 0.000
36  0  1  2  105   34   24    9    0    2    0    1    0    1    1  2  2  1  0.769 0.000
36  0  1  2  106    0   20   21    1    1    0    1    1    0    1  1  1  1  0.817 0.000
36  0  1  2  107    6   26    8    3    1    1    0    1    0    1  4  4  1  1.549 0.000
36  0  1  2  108   33   23   23    4    2    0    0    0    1    1  3  3  1  1.278 0.000
36  0  1  2  109   32   22   73    2    2    0    0    0    1    1  3  3  1  1.258 0.000
36  0  1  2  110   14   24   41    3    2    0    0    1    1    0  4  4  1  2.686 0.000
36  0  1  2  111   26   26   63    1    1    1    1    0    0    0  1  1  1  1.873 0.000
36  0  1  2  112   29   29    1    4    1    1    0    0    0    0  3  3  1  0.820 0.000
36  0  1  2  113   39   29   13    2    1    1    1    0    1    1  2  2  1  0.994 0.000
36  0  1  2  114   37   27   17    3    1    1    0    0    1    1  3  3  1  1.080 0.000
36  0  1  2  115    1   21   32    0    2    0    0    1    0    1  4  4  1  0.812 0.000
36  0  1  2  116   28   28   53    1    1    1    1    0    0    0  1  1  1  0.866 0.000
36  0  1  2  117    2   22   59    4    2    0    1    1    0    1  1  1  1  1.926 0.000
36  0  1  2  118   19   29   32    3    1    1    0    1    1    0  4  4  1  1.159 0.000
36  0  1  2  119   13   23   36    0    2    0    0    1    1    0  4  4  1  0.591 0.000
36  0  1  2  120   16   26   58    1    1    1    1    1    1    0  2  2  1  1.742 0.000
36  0  1  2  121   15   25   11    4    2    1    0    1    1    0  4  4  1  1.639 0.000
36  0  1  2  122    4   24   37    0    2    0    0    1    0    1  4  4  1  0.844 0.000
36  0  1  2  123   18   28   57    1    1    1    1    1    1    0  2  2  1  1.753 0.000
36  0  1  2  124   17   27   44    3    1    1    0    1    1    0  4  4  1  0.705 0.000
36  0  1  2  125   31   21   53    2    2    0    0    0    1    1  3  3  1  1.266 0.000
36  0  1  2  126   11   21   64    0    2    0    0    1    1    0  4  4  1  0.966 0.000
36  0  1  2  127   10   20   30    1    1    0    0    1    1    0  4  4  1  1.110 0.000
36  0  1  2  128    5   25   43    4    2    1    1    1    0    1  1  1  1  0.912 0.000
36  0  1  2  129    7   27    1    0    1    1    0    1    0    1  4  4  1  0.833 0.000
36  0  1  2  130   30   20   70    1    1    0    0    0    1    1  3  3  1  0.719 0.000
36  0  1  2  131   35   25   29    2    2    1    1    0    1    1  2  2  1  1.168 0.000
36  0  1  2  132    3   23   40    0    2    0    1    1    0    1  1  1  1  2.295 0.000
36  0  2  2  133    5   35   42    7    0    1    0    1    0    1  4  4  1  1.706 0.000
36  0  2  2  134   16   36   68    7    0    1    1    1    1    0  2  4  1  1.145 0.000
36  0  2  2  135   24   34   14    7    0    0    1    0    0    0  1  3  1  1.111 0.000
36  0  2  2  136    0   30   18    7    0    0    1    1    0    1  1  1  1  0.877 0.000
36  0  2  2  137    4   34   16    7    0    0    1    1    0    1  1  1  1  1.085 0.000
36  0  2  2  138   32   32   10    7    0    0    1    0    1    1  2  2  1  1.125 0.000
36  0  2  2  139   35   35   36    7    0    1    0    0    1    1  3  2  1  0.907 0.000
36  0  2  2  140    6   36   36    7    0    1    1    1    0    1  1  4  1  1.034 0.000
36  0  2  2  141    8   38   12    7    0    1    0    1    0    1  4  4  1  1.667 0.000
36  0  2  2  142    7   37   45    7    0    1    1    1    0    1  1  4  1  0.651 0.000
36  0  2  2  143    3   33   48    7    0    0    1    1    0    1  1  4  1  1.076 0.000
36  0  2  2  144   17   37   42    7    0    1    0    1    1    0  4  4  1  0.716 0.000
36  0  2  2  145   10   30   31    7    0    0    0    1    1    0  4  4  1  0.642 0.000
36  0  2  2  146   36   36   79    7    0    1    1    0    1    1  2  3  1  0.843 0.000
36  0  2  2  147   15   35   40    7    0    1    0    1    1    0  4  2  1  0.909 0.000
36  0  2  2  148   38   38   74    7    0    1    1    0    1    1  2  2  1  0.772 0.000
36  0  2  2  149   14   34   76    7    0    0    1    1    1    0  2  2  1  1.071 0.000
36  0  2  2  150   18   38   51    7    0    1    0    1    1    0  4  2  1  0.663 0.000
36  0  2  2  151   25   35   59    7    0    1    1    0    0    0  1  1  1  1.280 0.000
36  0  2  2  152   27   37   78    7    0    1    0    0    0    0  3  3  1  1.409 0.000
36  0  2  2  153   21   31   42    7    0    0    0    0    0    0  3  1  1  2.203 0.000
36  0  2  2  154   23   33   37    7    0    0    0    0    0    0  3  1  1  0.918 0.000
36  0  2  2  155   31   31   35    7    0    0    0    0    1    1  3  3  1  1.548 0.000
36  0  2  2  156   20   30   60    7    0    0    0    0    0    0  3  3  1  1.466 0.000
36  0  2  2  157   12   32   37    7    0    0    0    1    1    0  4  4  1  1.058 0.000
36  0  2  2  158   13   33    4    7    0    0    0    1    1    0  4  4  1  0.883 0.000
36  0  2  2  159   37   37   45    7    0    1    1    0    1    1  2  3  1  0.890 0.000
36  0  2  2  160    2   32   10    7    0    0    1    1    0    1  1  4  1  1.418 0.000
36  0  2  2  161   30   30   44    7    0    0    1    0    1    1  2  3  1  0.963 0.000
36  0  2  2  162   11   31   60    7    0    0    1    1    1    0  2  4  1  0.712 0.000
36  0  2  2  163    1   31   79    7    0    0    1    1    0    1  1  4  1  0.735 0.000
36  0  2  2  164   28   38   65    7    0    1    0    0    0    0  3  3  1  0.773 0.000
36  0  2  2  165   34   34   34    7    0    0    0    0    1    1  3  3  1  1.121 0.000
36  0  2  2  166    9   39   17    7    0    1    1    1    0    1  1  4  1  0.775 0.000
36  0  2  2  167   22   32   27    7    0    0    1    0    0    0  1  3  1  0.739 0.000
36  0  2  2  168   29   39    5    7    0    1    0    0    0    0  3  3  1  0.929 0.000
36  0  2  2  169   26   36   20    7    0    1    1    0    0    0  1  3  1  1.191 0.000
36  0  2  2  170   33   33   11    7    0    0    1    0    1    1  2  3  1  0.986 0.000
36  0  2  2  171   19   39   55    7    0    1    0    1    1    0  4  4  1  1.077 0.000
36  0  2  2  172   39   39   24    7    0    1    1    0    1    1  2  2  1  0.966 0.000
36  0  1  3  173   31   41   64    1    2    0    1    0    1    1  2  2  1  1.426 0.000
36  0  1  3  174   18   48   29    4    1    1    0    1    1    0  4  4  1  0.904 0.000
36  0  1  3  175   20   40   29    2    1    0    0    0    0    0  3  3  1  0.850 0.000
36  0  1  3  176   23   43   77    0    2    0    0    0    0    0  3  3  1  1.606 0.000
36  0  1  3  177   24   44   74    4    2    0    0    0    0    0  3  3  1  0.908 0.000
36  0  1  3  178   10   40   48    2    1    0    0    1    1    0  4  4  1  0.750 0.000
36  0  1  3  179   12   42   22    0    2    0    0    1    1    0  4  4  1  0.655 0.000
36  0  1  3  180   39   49   72    1    1    1    1    0    1    1  2  2  1  1.202 0.000
36  0  1  3  181   16   46    5    2    1    1    0    1    1    0  4  4  1  0.840 0.000
36  0  1  3  182   25   45   49    4    2    1    1    0    0    0  1  1  1  1.349 0.000
36  0  1  3  183   11   41   13    0    2    0    1    1    1    0  2  2  1  0.789 0.000
36  0  1  3  184    2   42   51    1    2    0    1    1    0    1  1  1  1  1.300 0.000
36  0  1  3  185   19   49   17    3    1    1    0    1    1    0  4  4  1  1.111 0.000
36  0  1  3  186   14   44   33    4    2    0    0    1    1    0  4  4  1  0.697 0.000
36  0  1  3  187   15   45   46    1    2    1    1    1    1    0  2  2  1  0.755 0.000
36  0  1  3  188    6   46   75    0    1    1    0    1    0    1  4  4  1  1.299 0.000
36  0  1  3  189   21   41   18    2    2    0    0    0    0    0  3  3  1  0.710 0.000
36  0  1  3  190   36   46   37    3    1    1    1    0    1    1  2  2  1  1.344 0.000
36  0  1  3  191   32   42   31    4    2    0    1    0    1    1  2  2  1  0.792 0.000
36  0  1  3  192    8   48   50    2    1    1    0    1    0    1  4  4  1  0.967 0.000
36  0  1  3  193   27   47   43    0    1    1    1    0    0    0  1  1  1  1.191 0.000
36  0  1  3  194    9   49   54    4    1    1    0    1    0    1  4  4  1  0.846 0.000
36  0  1  3  195   13   43   65    2    2    0    0    1    1    0  4  4  1  0.610 0.000
36  0  1  3  196   26   46   11    1    1    1    1    0    0    0  1  1  1  1.784 0.000
36  0  1  3  197    7   47   57    3    1    1    0    1    0    1  4  4  1  0.711 0.000
36  0  1  3  198    1   41   41    4    2    0    0    1    0    1  4  4  1  0.666 0.000
36  0  1  3  199   22   42   58    0    2    0    0    0    0    0  3  3  1  1.045 0.000
36  0  1  3  200    5   45   28    3    2    1    1    1    0    1  1  1  1  1.394 0.000
36  0  1  3  201   37   47   48    4    1    1    0    0    1    1  3  3  1  1.761 0.000
36  0  1  3  202   33   43   32    0    2    0    0    0    1    1  3  3  1  1.073 0.000
36  0  1  3  203   29   49    2    1    1    1    1    0    0    0  1  1  1  1.068 0.000
36  0  1  3  204   30   40   58    2    1    0    1    0    1    1  2  2  1  0.952 0.000
36  0  1  3  205   38   48   77    3    1    1    0    0    1    1  3  3  1  1.456 0.000
36  0  1  3  206    3   43    5    1    2    0    0    1    0    1  4  4  1  1.300 0.000
36  0  1  3  207   35   45   26    4    2    1    1    0    1    1  2  2  1  1.918 0.000
36  0  1  3  208   28   48   12    3    0    1    0    0    0    0  3  4  0  3.223 0.000
36  0  1  3  209   34   44   59    2    2    0    0    0    1    1  3  3  1  1.644 0.000
36  0  1  3  210   17   47   74    4    1    1    1    1    1    0  2  2  1  1.457 0.000
36  0  1  3  211    4   44   26    0    2    0    1    1    0    1  1  1  1  1.333 0.000
36  0  1  3  212    0   40   31    3    1    0    1    1    0    1  1  1  1  2.382 0.000
36  0  2  3  213    4   54   78    7    0    0    1    1    0    1  1  1  1  1.533 0.000
36  0  2  3  214   12   52   52    7    0    0    1    1    1    0  2  4  1  0.883 0.000
36  0  2  3  215   14   54    3    7    0    0    1    1    1    0  2  4  1  0.771 0.000
36  0  2  3  216   11   51   78    7    0    0    1    1    1    0  2  4  1  0.734 0.000
36  0  2  3  217   28   58   40    7    0    1    0    0    0    0  3  3  1  0.924 0.000
36  0  2  3  218   25   55   54    7    0    1    1    0    0    0  1  3  1  2.338 0.000
36  0  2  3  219   38   58   57    7    0    1    0    0    1    1  3  2  1  1.176 0.000
36  0  2  3  220    7   57   77    7    0    1    1    1    0    1  1  1  1  0.683 0.000
36  0  2  3  221   29   59   22    7    0    1    0    0    0    0  3  1  1  1.523 0.000
36  0  2  3  222   19   59   47    7    0    1    1    1    1    0  2  2  1  0.953 0.000
36  0  2  3  223   34   54   65    7    0    0    1    0    1    1  2  3  1  0.902 0.000
36  0  2  3  224   20   50    0    7    0    0    1    0    0    0  1  3  1  0.773 0.000
36  0  2  3  225   24   54   79    7    0    0    1    0    0    0  1  3  1  0.784 0.000
36  0  2  3  226   17   57   59    7    0    1    0    1    1    0  4  4  1  0.972 0.000
36  0  2  3  227   13   53   70    7    0    0    0    1    1    0  4  4  1  0.776 0.000
36  0  2  3  228   31   51   18    7    0    0    0    0    1    1  3  3  1  0.860 0.000
36  0  2  3  229   27   57    6    7    0    1    1    0    0    0  1  1  1  0.900 0.000
36  0  2  3  230    6   56   29    7    0    1    0    1    0    1  4  1  1  1.523 0.000
36  0  2  3  231   18   58   49    7    0    1    1    1    1    0  2  2  1  1.642 0.000
36  0  2  3  232   39   59    5    7    0    1    0    0    1    1  3  2  1  0.811 0.000
36  0  2  3  233    8   58   44    7    0    1    1    1    0    1  1  1  1  1.429 0.000
36  0  2  3  234   33   53   30    7    0    0    1    0    1    1  2  2  1  0.808 0.000
36  0  2  3  235   22   52   64    7    0    0    1    0    0    0  1  1  1  0.835 0.000
36  0  2  3  236   37   57   38    7    0    1    0    0    1    1  3  2  1  1.076 0.000
36  0  2  3  237    1   51   24    7    0    0    0    1    0    1  4  1  1  1.436 0.000
36  0  2  3  238   21   51   57    7    0    0    0    0    0    0  3  1  1  1.453 0.000
36  0  2  3  239    2   52   76    7    0    0    0    1    0    1  4  4  1  1.862 0.000
36  0  2  3  240    0   50   38    7    0    0    0    1    0    1  4  4  1  1.175 0.000
36  0  2  3  241    3   53   55    7    0    0    0    1    0    1  4  4  1  1.299 0.000
36  0  2  3  242   26   56   21    7    0    1    1    0    0    0  1  3  1  0.786 0.000
36  0  2  3  243    5   55   61    7    0    1    0    1    0    1  4  4  1  0.734 0.000
36  0  2  3  244   23   53    7    7    0    0    0    0    0    0  3  3  1  0.924 0.000
36  0  2  3  245   35   55   42    7    0    1    1    0    1    1  2  3  1  1.066 0.000
36  0  2  3  246   16   56    8    7    0    1    0    1    1    0  4  4  1  0.690 0.000
36  0  2  3  247   15   55   77    7    0    1    1    1    1    0  2  4  1  0.714 0.000
36  0  2  3  248   30   50   12    7    0    0    1    0    1    1  2  3  1  0.801 0.000
36  0  2  3  249   10   50   24    7    0    0    1    1    1    0  2  4  1  1.132 0.000
36  0  2  3  250    9   59   58    7    0    1    0    1    0    1  4  4  1  0.713 0.000
36  0  2  3  251   32   52    4    7    0    0    0    0    1    1  3  3  1  0.712 0.000
36  0  2  3  252   36   56   71    7    0    1    1    0    1    1  2  2  1  2.087 0.000
36  0  1  4  253   27   67   36    0    1    1    0    0    0    0  3  3  1  0.877 0.000
36  0  1  4  254   30   60   16    4    1    0    0    0    1    1  3  3  1  0.768 0.000
36  0  1  4  255   18   68   63    3    1    1    1    1    1    0  2  2  1  1.632 0.000
36  0  1  4  256   38   68    8    2    1    1    0    0    1    1  3  3  1  0.813 0.000
36  0  1  4  257   24   64   47    1    2    0    0    0    0    0  3  3  1  0.787 0.000
36  0  1  4  258    3   63   13    0    2    0    0    1    0    1  4  4  1  1.210 0.000
36  0  1  4  259    0   60   46    2    1    0    0    1    0    1  4  4  1  1.224 0.000
36  0  1  4  260   10   60   27    3    1    0    0    1    1    0  4  4  1  0.669 0.000
36  0  1  4  261   17   67    7    0    1    1    1    1    1    0  2  2  1  1.513 0.000
36  0  1  4  262   15   65   15    1    2    1    0    1    1    0  4  4  1  1.467 0.000
36  0  1  4  263    7   67   23    4    1    1    1    1    0    1  1  1  1  1.087 0.000
36  0  1  4  264   34   64   60    2    2    0    1    0    1    1  2  2  1  0.913 0.000
36  0  1  4  265   29   69   15    3    1    1    0    0    0    0  3  3  1  1.811 0.000
36  0  1  4  266   28   68   68    1    1    1    1    0    0    0  1  1  1  0.810 0.000
36  0  1  4  267   37   67    0    4    1    1    0    0    1    1  3  3  1  1.943 0.000
36  0  1  4  268   16   66   66    0    1    1    1    1    1    0  2  2  1  1.456 0.000
36  0  1  4  269   19   69    9    3    1    1    0    1    1    0  4  4  1  1.460 0.000
36  0  1  4  270    6   66   34    1    0    1    1    1    0    1  1  2  0  2.504 0.000
36  0  1  4  271   35   65   50    0    2    1    0    0    1    1  3  3  1  1.754 0.000
36  0  1  4  272    2   62   63    2    2    0    0    1    0    1  4  4  1  1.419 0.000
36  0  1  4  273   21   61   26    4    2    0    0    0    0    0  3  3  1  1.248 0.000
36  0  1  4  274   25   65   35    0    2    1    1    0    0    0  1  1  1  1.556 0.000
36  0  1  4  275   32   62   28    1    2    0    1    0    1    1  2  2  1  1.157 0.000
36  0  1  4  276   26   66   38    3    1    1    0    0    0    0  3  3  1  2.309 0.000
36  0  1  4  277   23   63   30    2    2    0    0    0    0    0  3  3  1  0.823 0.000
36  0  1  4  278   20   60    8    4    1    0    0    0    0    0  3  3  1  0.980 0.000
36  0  1  4  279   31   61   20    1    2    0    0    0    1    1  3  3  1  1.764 0.000
36  0  1  4  280   12   62   39    3    2    0    0    1    1    0  4  4  1  0.996 0.000
36  0  1  4  281   14   64   61    0    2    0    0    1    1    0  4  4  1  0.779 0.000
36  0  1  4  282    4   64   30    4    0    0    0    1    0    1  4  3  0  0.818 0.000
36  0  1  4  283   33   63   15    1    2    0    0    0    1    1  3  3  1  0.784 0.000
36  0  1  4  284    9   69   66    2    0    1    1    1    0    1  1  4  0  1.431 0.000
36  0  1  4  285    1   61   72    3    2    0    1    1    0    1  1  1  1  1.068 0.000
36  0  1  4  286   36   66   56    1    1    1    0    0    1    1  3  3  1  1.111 0.000
36  0  1  4  287   13   63    2    0    2    0    0    1    1    0  4  4  1  1.210 0.000
36  0  1  4  288   39   69   21    4    1    1    1    0    1    1  2  2  1  1.664 0.000
36  0  1  4  289    5   65   74    2    2    1    0    1    0    1  4  4  1  1.907 0.000
36  0  1  4  290   22   62   62    3    2    0    0    0    0    0  3  3  1  0.854 0.000
36  0  1  4  291   11   61   26    1    2    0    0    1    1    0  4  4  1  0.778 0.000
36  0  1  4  292    8   68   56    4    1    1    1    1    0    1  1  1  1  0.729 0.000
36  0  2  4  293    9   79    0    7    0    1    0    1    0    1  4  1  1  1.043 0.000
36  0  2  4  294   21   71   56    7    0    0    0    0    0    0  3  1  1  1.156 0.000
36  0  2  4  295   36   76    2    7    0    1    1    0    1    1  2  2  1  0.953 0.000
36  0  2  4  296   19   79   79    7    0    1    0    1    1    0  4  2  1  0.997 0.000
36  0  2  4  297   34   74   19    7    0    0    0    0    1    1  3  3  1  0.729 0.000
36  0  2  4  298   23   73    3    7    0    0    0    0    0    0  3  3  1  0.735 0.000
36  0  2  4  299   13   73    0    7    0    0    0    1    1    0  4  4  1  0.813 0.000
36  0  2  4  300   30   70    7    7    0    0    0    0    1    1  3  3  1  0.888 0.000
36  0  2  4  301    2   72   11    7    0    0    0    1    0    1  4  4  1  0.822 0.000
36  0  2  4  302   29   79   44    7    0    1    1    0    0    0  1  3  1  2.073 0.000
36  0  2  4  303    8   78   52    7    0    1    0    1    0    1  4  4  1  1.105 0.000
36  0  2  4  304   12   72   75    7    0    0    0    1    1    0  4  2  1  0.744 0.000
36  0  2  4  305    1   71    2    7    0    0    0    1    0    1  4  4  1  1.717 0.000
36  0  2  4  306   27   77   41    7    0    1    1    0    0    0  1  1  1  0.859 0.000
36  0  2  4  307   20   70   70    7    0    0    1    0    0    0  1  3  1  1.852 0.000
36  0  2  4  308   25   75   10    7    0    1    0    0    0    0  3  3  1  0.941 0.000
36  0  2  4  309   31   71   40    7    0    0    0    0    1    1  3  2  1  1.090 0.000
36  0  2  4  310   16   76   34    7    0    1    1    1    1    0  2  4  1  1.073 0.000
36  0  2  4  311   24   74   33    7    0    0    1    0    0    0  1  1  1  1.394 0.000
36  0  2  4  312   39   79    6    7    0    1    0    0    1    1  3  2  1  1.013 0.000
36  0  2  4  313   10   70   23    7    0    0    0    1    1    0  4  4  1  0.903 0.000
36  0  2  4  314   35   75   63    7    0    1    1    0    1    1  2  2  1  1.038 0.000
36  0  2  4  315   22   72    9    7    0    0    1    0    0    0  1  3  1  1.304 0.000
36  0  2  4  316    5   75   20    7    0    1    0    1    0    1  4  4  1  0.735 0.000
36  0  2  4  317    3   73   60    7    0    0    0    1    0    1  4  4  1  0.813 0.000
36  0  2  4  318   14   74   12    7    0    0    0    1    1    0  4  2  1  0.935 0.000
36  0  2  4  319   26   76   45    7    0    1    1    0    0    0  1  3  1  1.308 0.000
36  0  2  4  320   38   78   54    7    0    1    0    0    1    1  3  3  1  1.467 0.000
36  0  2  4  321    6   76   65    7    0    1    1    1    0    1  1  4  1  1.204 0.000
36  0  2  4  322   18   78   28    7    0    1    0    1    1    0  4  4  1  0.990 0.000
36  0  2  4  323   32   72   25    7    0    0    0    0    1    1  3  3  1  1.329 0.000
36  0  2  4  324    4   74    7    7    0    0    0    1    0    1  4  1  1  1.256 0.000
36  0  2  4  325    7   77   64    7    0    1    1    1    0    1  1  4  1  0.993 0.000
36  0  2  4  326    0   70   68    7    0    0    1    1    0    1  1  1  1  0.811 0.000
36  0  2  4  327   37   77   62    7    0    1    0    0    1    1  3  2  1  1.230 0.000
36  0  2  4  328   33   73   67    7    0    0    0    0    1    1  3  2  1  1.425 0.000
36  0  2  4  329   15   75   50    7    0    1    1    1    1    0  2  2  1  0.795 0.000
36  0  2  4  330   17   77   16    7    0    1    0    1    1    0  4  2  1  1.222 0.000
36  0  2  4  331   11   71   20    7    0    0    0    1    1    0  4  4  1  0.688 0.000
36  0  2  4  332   28   78   71    7    0    1    1    0    0    0  1  3  1  1.151 0.000
