28  0  0  0    1    0   -1   41    1    0    1    1    0    0    0  1  3  0  3.261 0.000
28  0  0  0    2    0   -1   41    2    0    1    0    1    1    0  4  4  1  1.841 0.000
28  0  0  0    3    0   -1   41    4    0    1    1    0    1    1  2  3  0  4.811 0.000
28  0  0  0    4    0   -1   41    3    0    0    1    1    1    0  2  4  0  1.336 0.000
28  0  0  0    5    0   -1   41    2    0    1    0    1    0    1  4  1  0  4.017 0.000
28  0  0  0    6    0   -1   41    0    0    1    1    1    1    0  2  4  0  4.328 0.000
28  0  0  0    7    0   -1   41    4    0    0    1    0    1    1  2  2  1  3.145 0.000
28  0  0  0    8    0   -1   41    3    0    1    0    0    1    1  3  2  0  2.095 0.000
28  0  0  0    9    0   -1   41    0    0    0    0    1    0    1  4  1  0  1.890 0.000
28  0  0  0   10    0   -1   41    1    0    0    0    1    1    0  4  4  1  2.861 0.000
28  0  0  0   11    0   -1   41    3    0    1    1    1    0    1  1  1  1  1.974 0.000
28  0  0  0   12    0   -1   41    2    0    1    0    1    1    0  4  2  0  2.467 0.000
28  0  1  1   13   31    1   76    0    0    0    0    0    1    1  3  2  0  2.693 0.000
28  0  1  1   14    2    2    5    3    0    0    0    1    0    1  4  1  0  1.296 0.000
28  0  1  1   15    4    4   53    4    0    0    0    1    0    1  4  1  0  1.299 0.000
28  0  1  1   16   37    7   58    1    0    1    1    0    1    1  2  3  0  2.213 0.000
28  0  1  1   17   30    0   57    2    0    0    1    0    1    1  2  3  0  1.516 0.000
28  0  1  1   18    6    6   69    0    0    1    0    1    0    1  4  1  0  1.037 0.000
28  0  1  1   19   32    2   15    3    0    0    0    0    1    1  3  2  0  1.330 0.000
28  0  1  1   20    1    1   34    2    0    0    0    1    0    1  4  1  0  1.675 0.000
28  0  1  1   21   12    2   47    1    0    0    0    1    1    0  4  2  0  0.848 0.000
28  0  1  1   22   15    5   24    3    0    1    1    1    1    0  2  4  0  2.004 0.000
28  0  1  1   23   38    8   75    0    0    1    0    0    1    1  3  2  0  2.273 0.000
28  0  1  1   24   21    1    8    2    0    0    0    0    0    0  3  1  0  1.173 0.000
28  0  1  1   25   25    5   25    1    0    1    1    0    0    0  1  3  0  2.989 0.000
28  0  1  1   26   39    9    8    3    0    1    0    0    1    1  3  2  0  0.787 0.000
28  0  1  1   27   34    4   59    4    0    0    0    0    1    1  3  2  0  0.762 0.000
28  0  1  1   28   13    3   32    1    0    0    0    1    1    0  4  1  0  0.771 0.000
28  0  1  1   29    5    5    9    3    0    1    1    1    0    1  1  4  0  2.657 0.000
28  0  1  1   30   17    7   65    0    0    1    0    1    1    0  4  2  0  1.150 0.000
28  0  1  1   31   11    1   75    2    0    0    0    1    1    0  4  2  0  1.014 0.000
28  0  1  1   32   16    6   37    4    0    1    1    1    1    0  2  4  0  1.501 0.000
28  0  1  1   33   24    4   65    0    0    0    1    0    0    0  1  3  0  2.270 0.000
28  0  1  1   34   35    5   74    1    0    1    0    0    1    1  3  2  0  0.715 0.000
28  0  1  1   35   14    4   29    3    0    0    0    1    1    0  4  2  0  0.852 0.000
28  0  1  1   36   22    2   40    4    0    0    0    0    0    0  3  2  0  1.808 0.000
28  0  1  1   37    8    8   77    1    0    1    1    1    0    1  1  4  0  2.542 0.000
28  0  1  1   38    9    9    4    3    0    1    0    1    0    1  4  1  0  0.839 0.000
28  0  1  1   39   20    0   16    0    0    0    0    0    0    0  3  1  0  1.036 0.000
28  0  1  1   40   33    3   56    1    0    0    0    0    1    1  3  2  0  0.480 0.000
28  0  1  1   41    0    0   61    2    0    0    0    1    0    1  4  2  0  0.604 0.000
28  0  1  1   42   29    9    6    4    0    1    1    0    0    0  1  3  0  0.634 0.000
28  0  1  1   43   18    8   78    1    0    1    0    1    1    0  4  2  0  0.617 0.000
28  0  1  1   44    3    3   43    2    0    0    0    1    0    1  4  1  0  0.909 0.000
28  0  1  1   45   19    9   79    3    0    1    1    1    1    0  2  4  0  1.911 0.000
28  0  1  1   46   26    6   35    4    0    1    0    0    0    0  3  1  0  0.690 0.000
28  0  1  1   47   23    3   54    1    0    0    0    0    0    0  3  2  0  0.909 0.000
28  0  1  1   48   27    7   64    0    0    1    1    0    0    0  1  3  0  1.238 0.000
28  0  1  1   49   10    0   14    4    0    0    1    1    1    0  2  3  0  0.771 0.000
28  0  1  1   50   28    8   31    2    0    1    0    0    0    0  3  1  0  0.827 0.000
28  0  1  1   51    7    7   24    0    0    1    1    1    0    1  1  4  0  1.681 0.000
28  0  1  1   52   36    6   62    4    0    1    0    0    1    1  3  2  0  0.636 0.000
28  0  2  1   53   11   11   23    7    0    0    0    1    1    0  4  4  1  1.969 0.000
28  0  2  1   54   32   12   21    7    0    0    0    0    1    1  3  3  1  2.526 0.000
28  0  2  1   55   19   19   67    7    0    1    1    1    1    0  2  4  1  1.267 0.000
28  0  2  1   56   39   19   25    7    0    1    0    0    1    1  3  3  1  2.116 0.000
28  0  2  1   57    1   11   36    7    0    0    0    1    0    1  4  4  1  0.899 0.000
28  0  2  1   58   18   18   50    7    0    1    1    1    1    0  2  4  1  0.842 0.000
28  0  2  1   59   29   19   77    7    0    1    0    0    0    0  3  3  1  0.971 0.000
28  0  2  1   60   38   18   12    7    0    1    1    0    1    1  2  3  1  0.847 0.000
28  0  2  1   61    9   19   27    7    0    1    0    1    0    1  4  4  1  0.873 0.000
28  0  2  1   62   24   14   59    7    0    0    0    0    0    0  3  3  1  0.873 0.000
28  0  2  1   63    0   10   23    7    0    0    0    1    0    1  4  4  1  1.097 0.000
28  0  2  1   64   15   15   18    7    0    1    1    1    1    0  2  3  0  0.872 0.000
28  0  2  1   65   34   14   19    7    0    0    1    0    1    1  2  3  1  0.804 0.000
28  0  2  1   66   20   10    1    7    0    0    1    0    0    0  1  3  1  0.815 0.000
28  0  2  1   67   17   17   71    7    0    1    0    1    1    0  4  4  1  0.802 0.000
28  0  2  1   68   13   13    8    7    0    0    0    1    1    0  4  4  1  0.956 0.000
28  0  2  1   69   25   15   36    7    0    1    1    0    0    0  1  4  0  0.945 0.000
28  0  2  1   70   14   14    4    7    0    0    1    1    1    0  2  4  1  0.970 0.000
28  0  2  1   71    8   18   39    7    0    1    0    1    0    1  4  4  1  0.727 0.000
28  0  2  1   72    4   14   56    7    0    0    0    1    0    1  4  4  1  0.596 0.000
28  0  2  1   73   12   12    1    7    0    0    0    1    1    0  4  4  1  0.744 0.000
28  0  2  1   74   28   18   12    7    0    1    1    0    0    0  1  3  1  0.797 0.000
28  0  2  1   75   16   16    2    7    0    1    0    1    1    0  4  4  1  1.225 0.000
28  0  2  1   76    6   16   26    7    0    1    1    1    0    1  1  4  1  0.787 0.000
28  0  2  1   77    5   15   65    7    0    1    0    1    0    1  4  4  1  0.670 0.000
28  0  2  1   78    2   12   58    7    0    0    0    1    0    1  4  4  1  0.534 0.000
28  0  2  1   79   33   13   64    7    0    0    0    0    1    1  3  3  1  0.628 0.000
28  0  2  1   80   31   11   35    7    0    0    0    0    1    1  3  3  1  1.078 0.000
28  0  2  1   81    7   17   70    7    0    1    1    1    0    1  1  4  1  0.830 0.000
28  0  2  1   82   21   11   21    7    0    0    1    0    0    0  1  3  1  0.760 0.000
28  0  2  1   83   26   16   48    7    0    1    0    0    0    0  3  4  0  0.669 0.000
28  0  2  1   84   10   10   52    7    0    0    0    1    1    0  4  4  1  0.865 0.000
28  0  2  1   85   27   17   29    7    0    1    1    0    0    0  1  3  1  0.738 0.000
28  0  2  1   86   22   12   67    7    0    0    1    0    0    0  1  3  1  1.310 0.000
28  0  2  1   87   36   16   50    7    0    1    0    0    1    1  3  3  1  0.846 0.000
28  0  2  1   88   35   15   17    7    0    1    1    0    1    1  2  3  1  0.855 0.000
28  0  2  1   89    3   13   76    7    0    0    1    1    0    1  1  4  1  0.992 0.000
28  0  2  1   90   37   17    9    7    0    1    0    0    1    1  3  3  1  0.763 0.000
28  0  2  1   91   23   13   78    7    0    0    0    0    0    0  3  3  1  0.728 0.000
28  0  2  1   92   30   10   39    7    0    0    0    0    1    1  3  3  1  0.934 0.000
28  0  1  2   93   17   27    3    0    1    1    1    1    1    0  2  2  1  4.142 0.000
28  0  1  2   94   27   27    3    3    1    1    0    0    0    0  3  3  1  2.256 0.000
28  0  1  2   95   13   23   54    1    2    0    0    1    1    0  4  4  1  1.390 0.000
28  0  1  2   96   33   23   79    4    2    0    0    0    1    1  3  3  1  0.883 0.000
28  0  1  2   97   32   22   22    3    2    0    0    0    1    1  3  3  1  1.686 0.000
28  0  1  2   98    3   23    2    1    2    0    0    1    0    1  4  4  1  1.945 0.000
28  0  1  2   99    4   24   35    2    2    0    0    1    0    1  4  4  1  1.026 0.000
28  0  1  2  100   30   20   68    0    1    0    0    0    1    1  3  3  1  0.767 0.000
28  0  1  2  101   31   21   73    3    2    0    0    0    1    1  3  3  1  1.351 0.000
28  0  1  2  102    9   29   28    1    1    1    1    1    0    1  1  1  1  0.855 0.000
28  0  1  2  103   36   26   47    4    1    1    0    0    1    1  3  3  1  0.948 0.000
28  0  1  2  104   28   28   43    0    1    1    1    0    0    0  1  1  1  0.836 0.000
28  0  1  2  105    7   27   25    3    0    1    0    1    0    1  4  3  0  0.921 0.000
28  0  1  2  106   34   24   78    1    2    0    0    0    1    1  3  3  1  0.858 0.000
28  0  1  2  107   19   29   35    0    1    1    1    1    1    0  2  2  1  0.774 0.000
28  0  1  2  108   11   21   19    3    0    0    1    1    1    0  2  1  0  1.086 0.000
28  0  1  2  109   20   20   72    4    1    0    1    0    0    0  1  1  1  2.569 0.000
28  0  1  2  110   18   28   43    0    1    1    0    1    1    0  4  4  1  1.864 0.000
28  0  1  2  111   16   26   59    1    1    1    1    1    1    0  2  2  1  0.956 0.000
28  0  1  2  112   14   24   36    4    2    0    1    1    1    0  2  2  1  0.980 0.000
28  0  1  2  113   39   29   37    2    1    1    0    0    1    1  3  3  1  1.036 0.000
28  0  1  2  114   22   22   30    3    2    0    0    0    0    0  3  3  1  0.841 0.000
28  0  1  2  115   26   26   76    0    1    1    1    0    0    0  1  1  1  0.957 0.000
28  0  1  2  116   12   22   16    4    2    0    1    1    1    0  2  2  1  0.838 0.000
28  0  1  2  117   23   23   68    1    2    0    1    0    0    0  1  1  1  0.907 0.000
28  0  1  2  118   21   21   15    2    2    0    1    0    0    0  1  1  1  1.252 0.000
28  0  1  2  119   38   28   33    4    1    1    0    0    1    1  3  3  1  0.992 0.000
28  0  1  2  120   24   24   37    3    2    0    0    0    0    0  3  3  1  0.848 0.000
28  0  1  2  121    8   28   30    1    1    1    1    1    0    1  1  1  1  0.925 0.000
28  0  1  2  122    2   22   14    4    2    0    1    1    0    1  1  1  1  1.117 0.000
28  0  1  2  123    5   25   60    3    2    1    0    1    0    1  4  4  1  0.679 0.000
28  0  1  2  124   37   27   18    1    1    1    1    0    1    1  2  2  1  1.099 0.000
28  0  1  2  125    0   20    8    2    1    0    1    1    0    1  1  1  1  0.798 0.000
28  0  1  2  126   10   20   30    0    1    0    1    1    1    0  2  2  1  1.068 0.000
28  0  1  2  127   29   29    2    4    1    1    0    0    0    0  3  3  1  0.800 0.000
28  0  1  2  128   25   25   14    3    2    1    1    0    0    0  1  1  1  0.614 0.000
28  0  1  2  129   15   25   26    2    2    1    0    1    1    0  4  4  1  0.764 0.000
28  0  1  2  130    1   21   32    4    2    0    0    1    0    1  4  4  1  0.924 0.000
28  0  1  2  131   35   25   77    3    2    1    1    0    1    1  2  2  1  0.709 0.000
28  0  1  2  132    6   26   11    0    1    1    0    1    0    1  4  4  1  1.296 0.000
28  0  2  2  133   35   35    1    7    0    1    1    0    1    1  2  3  1  1.123 0.000
28  0  2  2  134   29   39   33    7    0    1    0    0    0    0  3  3  1  3.104 0.000
28  0  2  2  135   25   35   18    7    0    1    1    0    0    0  1  3  1  2.024 0.000
28  0  2  2  136   38   38   27    7    0    1    0    0    1    1  3  2  1  2.650 0.000
28  0  2  2  137   39   39   65    7    0    1    1    0    1    1  2  2  1  2.218 0.000
28  0  2  2  138   27   37   51    7    0    1    0    0    0    0  3  1  1  1.053 0.000
28  0  2  2  139   12   32   74    7    0    0    0    1    1    0  4  1  0  1.494 0.000
28  0  2  2  140    9   39   48    7    0    1    1    1    0    1  1  4  1  1.857 0.000
28  0  2  2  141    4   34   57    7    0    0    1    1    0    1  1  4  1  1.161 0.000
28  0  2  2  142   11   31   57    7    0    0    1    1    1    0  2  4  1  0.758 0.000
28  0  2  2  143   19   39    9    7    0    1    0    1    1    0  4  4  1  0.691 0.000
28  0  2  2  144    2   32   12    7    0    0    0    1    0    1  4  4  1  1.219 0.000
28  0  2  2  145   10   30   22    7    0    0    0    1    1    0  4  4  1  0.692 0.000
28  0  2  2  146   33   33   32    7    0    0    0    0    1    1  3  3  1  0.900 0.000
28  0  2  2  147   37   37   60    7    0    1    1    0    1    1  2  3  1  1.155 0.000
28  0  2  2  148   15   35   31    7    0    1    0    1    1    0  4  4  1  0.880 0.000
28  0  2  2  149   24   34   49    7    0    0    0    0    0    0  3  3  1  0.815 0.000
28  0  2  2  150   36   36   41    7    0    1    1    0    1    1  2  3  1  1.402 0.000
28  0  2  2  151   13   33   42    7    0    0    1    1    1    0  2  4  1  0.821 0.000
28  0  2  2  152   23   33   56    7    0    0    1    0    0    0  1  3  1  0.703 0.000
28  0  2  2  153   26   36   73    7    0    1    0    0    0    0  3  3  1  1.806 0.000
28  0  2  2  154   16   36   27    7    0    1    1    1    1    0  2  4  1  0.921 0.000
28  0  2  2  155   20   30   24    7    0    0    1    0    0    0  1  3  1  0.895 0.000
28  0  2  2  156    7   37   73    7    0    1    0    1    0    1  4  4  1  0.807 0.000
28  0  2  2  157    3   33    0    7    0    0    0    1    0    1  4  4  1  0.786 0.000
28  0  2  2  158   17   37    5    7    0    1    1    1    1    0  2  3  0  0.876 0.000
28  0  2  2  159    1   31   22    7    0    0    1    1    0    1  1  4  1  0.608 0.000
28  0  2  2  160    0   30    6    7    0    0    1    1    0    1  1  4  1  0.595 0.000
28  0  2  2  161   22   32   79    7    0    0    1    0    0    0  1  3  1  1.583 0.000
28  0  2  2  162   30   30   36    7    0    0    1    0    1    1  2  3  1  0.922 0.000
28  0  2  2  163   28   38   34    7    0    1    0    0    0    0  3  3  1  0.736 0.000
28  0  2  2  164   21   31   75    7    0    0    0    0    0    0  3  3  1  0.846 0.000
28  0  2  2  165    6   36   42    7    0    1    1    1    0    1  1  4  1  0.792 0.000
28  0  2  2  166   18   38   62    7    0    1    0    1    1    0  4  4  1  0.915 0.000
28  0  2  2  167   32   32   52    7    0    0    0    0    1    1  3  3  1  0.753 0.000
28  0  2  2  168    5   35   68    7    0    1    1    1    0    1  1  4  1  0.670 0.000
28  0  2  2  169   31   31   51    7    0    0    1    0    1    1  2  3  1  0.855 0.000
28  0  2  2  170    8   38   44    7    0    1    0    1    0    1  4  4  1  1.136 0.000
28  0  2  2  171   34   34   43    7    0    0    0    0    1    1  3  4  0  0.516 0.000
28  0  2  2  172   14   34   61    7    0    0    0    1    1    0  4  4  1  0.678 0.000
28  0  1  3  173    4   44   17    3    2    0    0    1    0    1  4  4  1  0.866 0.000
28  0  1  3  174   25   45   11    4    2    1    1    0    0    0  1  1  1  1.510 0.000
28  0  1  3  175   38   48   61    2    1    1    0    0    1    1  3  3  1  0.801 0.000
28  0  1  3  176   31   41   24    1    2    0    0    0    1    1  3  3  1  1.094 0.000
28  0  1  3  177   11   41   53    3    2    0    0    1    1    0  4  4  1  0.761 0.000
28  0  1  3  178   36   46   23    4    1    1    1    0    1    1  2  2  1  0.849 0.000
28  0  1  3  179    8   48   46    2    1    1    0    1    0    1  4  4  1  0.998 0.000
28  0  1  3  180   17   47   28    3    0    1    1    1    1    0  2  1  0  1.029 0.000
28  0  1  3  181   26   46   55    0    1    1    0    0    0    0  3  3  1  0.810 0.000
28  0  1  3  182   33   43    2    4    2    0    0    0    1    1  3  3  1  0.697 0.000
28  0  1  3  183   15   45   55    2    2    1    1    1    1    0  2  2  1  0.860 0.000
28  0  1  3  184    6   46   67    0    0    1    0    1    0    1  4  3  0  0.847 0.000
28  0  1  3  185   13   43   34    4    2    0    0    1    1    0  4  4  1  0.796 0.000
28  0  1  3  186   32   42   38    2    2    0    0    0    1    1  3  3  1  2.019 0.000
28  0  1  3  187    9   49   20    3    1    1    1    1    0    1  1  1  1  0.969 0.000
28  0  1  3  188    3   43   62    0    2    0    1    1    0    1  1  1  1  0.744 0.000
28  0  1  3  189   16   46   45    4    1    1    0    1    1    0  4  4  1  0.785 0.000
28  0  1  3  190   10   40   76    2    1    0    0    1    1    0  4  4  1  0.672 0.000
28  0  1  3  191   30   40   46    3    1    0    0    0    1    1  3  3  1  1.012 0.000
28  0  1  3  192   37   47   34    4    0    1    1    0    1    1  2  1  0  0.825 0.000
28  0  1  3  193    5   45   55    0    2    1    0    1    0    1  4  4  1  0.975 0.000
28  0  1  3  194   19   49   38    2    1    1    1    1    1    0  2  2  1  0.750 0.000
28  0  1  3  195   22   42    5    4    2    0    1    0    0    0  1  1  1  0.815 0.000
28  0  1  3  196   28   48   53    3    1    1    0    0    0    0  3  3  1  1.412 0.000
28  0  1  3  197   35   45   72    0    0    1    1    0    1    1  2  1  0  0.787 0.000
28  0  1  3  198   27   47   27    1    1    1    0    0    0    0  3  3  1  0.802 0.000
28  0  1  3  199   24   44   66    4    2    0    0    0    0    0  3  3  1  2.263 0.000
28  0  1  3  200    7   47   41    0    1    1    1    1    0    1  1  1  1  2.124 0.000
28  0  1  3  201    1   41    7    3    2    0    1    1    0    1  1  1  1  0.653 0.000
28  0  1  3  202    0   40   71    4    1    0    1    1    0    1  1  1  1  0.754 0.000
28  0  1  3  203   14   44   17    1    0    0    1    1    1    0  2  1  0  0.905 0.000
28  0  1  3  204   18   48   72    3    1    1    0    1    1    0  4  4  1  0.812 0.000
28  0  1  3  205   23   43   22    0    2    0    0    0    0    0  3  3  1  0.906 0.000
28  0  1  3  206    2   42   31    2    2    0    0    1    0    1  4  4  1  0.724 0.000
28  0  1  3  207   39   49   67    1    1    1    1    0    1    1  2  2  1  1.597 0.000
28  0  1  3  208   21   41   58    0    2    0    1    0    0    0  1  1  1  0.716 0.000
28  0  1  3  209   20   40   28    4    1    0    1    0    0    0  1  1  1  0.774 0.000
28  0  1  3  210   29   49   62    1    1    1    0    0    0    0  3  3  1  0.694 0.000
28  0  1  3  211   12   42   58    3    0    0    0    1    1    0  4  3  0  1.024 0.000
28  0  1  3  212   34   44   63    2    2    0    0    0    1    1  3  3  1  0.821 0.000
28  0  2  3  213   18   58   15    7    0    1    1    1    1    0  2  4  1  1.475 0.000
28  0  2  3  214   39   59   70    7    0    1    0    0    1    1  3  3  1  1.260 0.000
28  0  2  3  215   12   52    0    7    0    0    0    1    1    0  4  4  1  0.900 0.000
28  0  2  3  216   27   57   71    7    0    1    1    0    0    0  1  3  1  0.747 0.000
28  0  2  3  217   22   52   45    7    0    0    1    0    0    0  1  3  1  0.848 0.000
28  0  2  3  218    9   59   21    7    0    1    0    1    0    1  4  4  1  0.626 0.000
28  0  2  3  219   34   54   42    7    0    0    0    0    1    1  3  3  1  0.707 0.000
28  0  2  3  220   16   56   44    7    0    1    1    1    1    0  2  4  1  0.946 0.000
28  0  2  3  221   20   50   32    7    0    0    1    0    0    0  1  3  1  0.848 0.000
28  0  2  3  222   25   55   61    7    0    1    0    0    0    0  3  3  1  0.794 0.000
28  0  2  3  223    4   54   74    7    0    0    0    1    0    1  4  4  1  0.813 0.000
28  0  2  3  224   26   56    7    7    0    1    1    0    0    0  1  3  1  0.863 0.000
28  0  2  3  225    6   56   78    7    0    1    0    1    0    1  4  4  1  0.712 0.000
28  0  2  3  226   32   52    4    7    0    0    0    0    1    1  3  3  1  0.703 0.000
28  0  2  3  227    2   52   18    7    0    0    0    1    0    1  4  4  1  0.878 0.000
28  0  2  3  228    8   58   19    7    0    1    1    1    0    1  1  4  1  0.686 0.000
28  0  2  3  229   31   51   55    7    0    0    1    0    1    1  2  3  1  0.733 0.000
28  0  2  3  230   24   54   17    7    0    0    1    0    0    0  1  3  1  0.723 0.000
28  0  2  3  231   30   50    6    7    0    0    1    0    1    1  2  3  1  0.793 0.000
28  0  2  3  232   17   57   77    7    0    1    0    1    1    0  4  4  1  0.637 0.000
28  0  2  3  233   21   51   19    7    0    0    0    0    0    0  3  3  1  0.702 0.000
28  0  2  3  234   13   53   10    7    0    0    0    1    1    0  4  4  1  0.741 0.000
28  0  2  3  235   23   53    9    7    0    0    0    0    0    0  3  3  1  1.346 0.000
28  0  2  3  236   35   55   16    7    0    1    1    0    1    1  2  3  1  1.120 0.000
28  0  2  3  237   28   58   39    7    0    1    0    0    0    0  3  3  1  0.821 0.000
28  0  2  3  238    0   50   13    7    0    0    0    1    0    1  4  4  1  1.064 0.000
28  0  2  3  239   15   55    6    7    0    1    1    1    1    0  2  4  1  0.889 0.000
28  0  2  3  240    1   51   79    7    0    0    1    1    0    1  1  4  1  0.600 0.000
28  0  2  3  241    7   57   15    7    0    1    0    1    0    1  4  4  1  0.859 0.000
28  0  2  3  242   37   57   30    7    0    1    1    0    1    1  2  3  1  0.779 0.000
28  0  2  3  243    5   55   29    7    0    1    0    1    0    1  4  4  1  0.712 0.000
28  0  2  3  244   10   50   68    7    0    0    0    1    1    0  4  4  1  0.879 0.000
28  0  2  3  245   33   53   20    7    0    0    0    0    1    1  3  3  1  0.871 0.000
28  0  2  3  246   14   54   63    7    0    0    0    1    1    0  4  3  0  0.862 0.000
28  0  2  3  247    3   53   50    7    0    0    0    1    0    1  4  4  1  0.603 0.000
28  0  2  3  248   36   56   66    7    0    1    1    0    1    1  2  3  1  1.054 0.000
28  0  2  3  249   11   51   40    7    0    0    1    1    1    0  2  4  1  0.591 0.000
28  0  2  3  250   29   59   50    7    0    1    0    0    0    0  3  3  1  0.794 0.000
28  0  2  3  251   38   58   53    7    0    1    1    0    1    1  2  3  1  1.005 0.000
28  0  2  3  252   19   59   11    7    0    1    0    1    1    0  4  3  0  0.984 0.000
28  0  1  4  253    1   61   72    3    2    0    0    1    0    1  4  4  1  1.080 0.000
28  0  1  4  254   11   61   33    4    2    0    0    1    1    0  4  4  1  0.547 0.000
28  0  1  4  255    0   60   54    0    1    0    0    1    0    1  4  4  1  0.716 0.000
28  0  1  4  256   37   67    5    2    1    1    1    0    1    1  2  2  1  0.742 0.000
28  0  1  4  257   17   67   69    1    1    1    0    1    1    0  4  4  1  0.647 0.000
28  0  1  4  258    9   69   16    3    0    1    1    1    0    1  1  2  0  1.275 0.000
28  0  1  4  259   34   64   40    4    2    0    1    0    1    1  2  2  1  1.207 0.000
28  0  1  4  260    6   66   47    2    1    1    0    1    0    1  4  4  1  0.709 0.000
28  0  1  4  261   36   66   11    0    1    1    1    0    1    1  2  2  1  0.712 0.000
28  0  1  4  262   26   66   69    4    1    1    0    0    0    0  3  3  1  0.713 0.000
28  0  1  4  263    8   68    3    1    1    1    1    1    0    1  1  1  1  0.811 0.000
28  0  1  4  264   32   62   54    0    2    0    1    0    1    1  2  2  1  0.610 0.000
28  0  1  4  265   31   61    0    3    2    0    1    0    1    1  2  2  1  0.616 0.000
28  0  1  4  266    7   67   49    4    1    1    0    1    0    1  4  4  1  0.742 0.000
28  0  1  4  267   27   67   57    2    1    1    1    0    0    0  1  1  1  1.343 0.000
28  0  1  4  268   30   60   28    3    1    0    1    0    1    1  2  2  1  0.680 0.000
28  0  1  4  269   10   60   21    0    1    0    1    1    1    0  2  2  1  0.955 0.000
28  0  1  4  270   21   61   38    2    0    0    1    0    0    0  1  2  0  0.459 0.000
28  0  1  4  271   23   63   20    4    2    0    1    0    0    0  1  1  1  0.791 0.000
28  0  1  4  272   15   65   73    1    2    1    0    1    1    0  4  4  1  0.638 0.000
28  0  1  4  273   18   68   25    2    1    1    1    1    1    0  2  2  1  0.635 0.000
28  0  1  4  274    5   65    1    0    2    1    0    1    0    1  4  4  1  0.656 0.000
28  0  1  4  275   39   69   49    3    1    1    1    0    1    1  2  2  1  0.764 0.000
28  0  1  4  276   16   66   48    4    1    1    0    1    1    0  4  4  1  0.540 0.000
28  0  1  4  277   19   69    7    0    1    1    1    1    1    0  2  2  1  0.589 0.000
28  0  1  4  278    2   62   64    2    0    0    1    1    0    1  1  2  0  0.524 0.000
28  0  1  4  279   25   65   26    3    2    1    0    0    0    0  3  3  1  0.725 0.000
28  0  1  4  280   14   64   13    4    2    0    0    1    1    0  4  4  1  1.030 0.000
28  0  1  4  281    4   64   66    0    2    0    0    1    0    1  4  4  1  0.772 0.000
28  0  1  4  282   29   69   23    1    1    1    1    0    0    0  1  1  1  0.716 0.000
28  0  1  4  283   12   62   12    2    2    0    1    1    1    0  2  2  1  0.733 0.000
28  0  1  4  284   35   65   26    4    0    1    0    0    1    1  3  4  0  0.734 0.000
28  0  1  4  285   33   63   31    1    2    0    0    0    1    1  3  3  1  0.959 0.000
28  0  1  4  286    3   63   10    0    2    0    0    1    0    1  4  4  1  0.928 0.000
28  0  1  4  287   38   68   69    2    1    1    1    0    1    1  2  2  1  0.961 0.000
28  0  1  4  288   24   64   60    1    2    0    1    0    0    0  1  1  1  1.961 0.000
28  0  1  4  289   20   60    4    3    0    0    1    0    0    0  1  2  0  0.721 0.000
28  0  1  4  290   28   68   42    0    1    1    0    0    0    0  3  3  1  0.874 0.000
28  0  1  4  291   13   63   46    1    2    0    0    1    1    0  4  4  1  0.710 0.000
28  0  1  4  292   22   62    0    4    2    0    0    0    0    0  3  3  1  0.888 0.000
28  0  2  4  293   18   78   56    7    0    1    1    1    1    0  2  4  1  0.779 0.000
28  0  2  4  294   12   72   20    7    0    0    1    1    1    0  2  4  1  0.575 0.000
28  0  2  4  295   17   77   39    7    0    1    0    1    1    0  4  4  1  0.611 0.000
28  0  2  4  296   36   76   10    7    0    1    1    0    1    1  2  3  1  0.710 0.000
28  0  2  4  297    5   75   51    7    0    1    0    1    0    1  4  4  1  1.109 0.000
28  0  2  4  298   10   70   64    7    0    0    0    1    1    0  4  4  1  0.676 0.000
28  0  2  4  299   26   76   52    7    0    1    1    0    0    0  1  4  0  0.747 0.000
28  0  2  4  300    0   70   63    7    0    0    1    1    0    1  1  4  1  1.116 0.000
28  0  2  4  301    3   73   37    7    0    0    1    1    0    1  1  4  1  0.803 0.000
28  0  2  4  302    1   71   59    7    0    0    1    1    0    1  1  4  1  0.822 0.000
28  0  2  4  303   16   76   66    7    0    1    0    1    1    0  4  4  1  0.679 0.000
28  0  2  4  304   31   71   14    7    0    0    0    0    1    1  3  3  1  1.135 0.000
28  0  2  4  305   29   79   13    7    0    1    1    0    0    0  1  3  1  0.725 0.000
28  0  2  4  306   30   70    7    7    0    0    1    0    1    1  2  3  1  0.731 0.000
28  0  2  4  307   27   77   74    7    0    1    0    0    0    0  3  3  1  0.722 0.000
28  0  2  4  308    6   76   45    7    0    1    1    1    0    1  1  4  1  0.663 0.000
28  0  2  4  309   35   75   29    7    0    1    0    0    1    1  3  3  1  1.008 0.000
28  0  2  4  310   37   77   13    7    0    1    1    0    1    1  2  3  1  0.859 0.000
28  0  2  4  311   24   74   10    7    0    0    1    0    0    0  1  4  0  0.516 0.000
28  0  2  4  312   28   78   44    7    0    1    0    0    0    0  3  3  1  0.701 0.000
28  0  2  4  313   22   72   70    7    0    0    0    0    0    0  3  3  1  0.732 0.000
28  0  2  4  314    2   72   38    7    0    0    0    1    0    1  4  4  1  0.747 0.000
28  0  2  4  315   34   74    3    7    0    0    0    0    1    1  3  3  1  0.624 0.000
28  0  2  4  316    9   79   33    7    0    1    1    1    0    1  1  4  1  0.795 0.000
28  0  2  4  317    7   77   52    7    0    1    0    1    0    1  4  4  1  0.821 0.000
28  0  2  4  318   38   78   71    7    0    1    1    0    1    1  2  3  1  0.880 0.000
28  0  2  4  319   11   71   70    7    0    0    1    1    1    0  2  4  1  0.824 0.000
28  0  2  4  320    8   78   40    7    0    1    0    1    0    1  4  4  1  0.770 0.000
28  0  2  4  321   33   73   48    7    0    0    0    0    1    1  3  3  1  1.854 0.000
28  0  2  4  322   15   75   49    7    0    1    1    1    1    0  2  4  1  0.639 0.000
28  0  2  4  323   19   79   41    7    0    1    0    1    1    0  4  3  0  1.001 0.000
28  0  2  4  324   20   70   41    7    0    0    0    0    0    0  3  3  1  1.207 0.000
28  0  2  4  325   25   75   47    7    0    1    1    0    0    0  1  3  1  0.785 0.000
28  0  2  4  326   32   72   45    7    0    0    1    0    1    1  2  3  1  0.693 0.000
28  0  2  4  327    4   74   75    7    0    0    1    1    0    1  1  4  1  0.852 0.000
28  0  2  4  328   21   71   46    7    0    0    1    0    0    0  1  3  1  0.861 0.000
28  0  2  4  329   13   73   51    7    0    0    1    1    1    0  2  4  1  0.630 0.000
28  0  2  4  330   39   79   44    7    0    1    0    0    1    1  3  3  1  1.624 0.000
28  0  2  4  331   23   73   63    7    0    0    0    0    0    0  3  3  1  1.058 0.000
28  0  2  4  332   14   74   60    7    0    0    0    1    1    0  4  4  1  0.859 0.000
