40  0  0  0    1    0   -1   75    2    0    1    1    0    0    0  3  3  1  1.647 0.000
40  0  0  0    2    0   -1   75    3    0    0    1    0    0    0  3  3  1  0.505 0.000
40  0  0  0    3    0   -1   75    0    0    1    0    1    0    1  2  2  1  1.306 0.000
40  0  0  0    4    0   -1   75    4    0    1    1    0    1    1  4  4  1  1.340 0.000
40  0  0  0    5    0   -1   75    2    0    0    1    0    1    1  4  4  1  1.194 0.000
40  0  0  0    6    0   -1   75    3    0    1    0    1    0    1  2  2  1  0.760 0.000
40  0  0  0    7    0   -1   75    0    0    0    0    1    1    0  2  2  1  0.967 0.000
40  0  0  0    8    0   -1   75    2    0    1    1    0    1    1  4  4  1  0.508 0.000
40  0  0  0    9    0   -1   75    3    0    1    0    0    1    1  1  1  1  3.045 0.000
40  0  0  0   10    0   -1   75    0    0    1    1    1    1    0  4  4  1  2.241 0.000
40  0  0  0   11    0   -1   75    2    0    0    1    1    1    0  4  3  0  0.995 0.000
40  0  0  0   12    0   -1   75    3    0    0    1    0    1    1  4  4  1  0.957 0.000
40  0  1  1   13   37    7   12    0    1    1    0    0    1    1  1  1  1  1.067 0.000
40  0  1  1   14    7    7   77    4    1    1    1    1    0    1  3  3  1  0.794 0.000
40  0  1  1   15   38    8   74    3    1    1    0    0    1    1  1  1  1  1.003 0.000
40  0  1  1   16   24    4   76    0    2    0    0    0    0    0  1  1  1  0.986 0.000
40  0  1  1   17    0    0   56    2    1    0    0    1    0    1  2  2  1  1.107 0.000
40  0  1  1   18   35    5   57    4    0    1    1    0    1    1  4  3  0  1.408 0.000
40  0  1  1   19    3    3   39    3    2    0    1    1    0    1  3  3  1  1.544 0.000
40  0  1  1   20   21    1   56    0    2    0    1    0    0    0  3  3  1  1.412 0.000
40  0  1  1   21   23    3   71    2    2    0    1    0    0    0  3  3  1  1.372 0.000
40  0  1  1   22   33    3    6    4    2    0    1    0    1    1  4  4  1  0.894 0.000
40  0  1  1   23    1    1   63    3    2    0    1    1    0    1  3  3  1  0.698 0.000
40  0  1  1   24   17    7   66    0    1    1    0    1    1    0  2  2  1  0.807 0.000
40  0  1  1   25   25    5   47    2    2    1    1    0    0    0  3  3  1  0.766 0.000
40  0  1  1   26   16    6   73    4    0    1    0    1    1    0  2  4  0  1.168 0.000
40  0  1  1   27   32    2   78    1    2    0    0    0    1    1  1  1  1  0.851 0.000
40  0  1  1   28   18    8   41    3    1    1    1    1    1    0  4  4  1  1.202 0.000
40  0  1  1   29    4    4   35    2    2    0    1    1    0    1  3  3  1  1.233 0.000
40  0  1  1   30   27    7   17    1    1    1    0    0    0    0  1  1  1  1.329 0.000
40  0  1  1   31   15    5   16    0    2    1    1    1    1    0  4  4  1  0.596 0.000
40  0  1  1   32   11    1   13    2    2    0    1    1    1    0  4  4  1  0.820 0.000
40  0  1  1   33   39    9   71    3    1    1    0    0    1    1  1  1  1  1.252 0.000
40  0  1  1   34   14    4   14    0    2    0    0    1    1    0  2  2  1  0.867 0.000
40  0  1  1   35   19    9   18    2    1    1    1    1    1    0  4  4  1  0.705 0.000
40  0  1  1   36   29    9   35    4    1    1    0    0    0    0  1  1  1  1.165 0.000
40  0  1  1   37   13    3   77    1    2    0    0    1    1    0  2  2  1  0.655 0.000
40  0  1  1   38   36    6    4    3    1    1    1    0    1    1  4  4  1  0.797 0.000
40  0  1  1   39   34    4   62    0    2    0    1    0    1    1  4  4  1  0.734 0.000
40  0  1  1   40    9    9   70    2    1    1    0    1    0    1  2  2  1  1.033 0.000
40  0  1  1   41    8    8   57    1    1    1    1    1    0    1  3  3  1  0.744 0.000
40  0  1  1   42   22    2   23    0    2    0    1    0    0    0  3  3  1  0.891 0.000
40  0  1  1   43   30    0    5    2    1    0    1    0    1    1  4  4  1  0.936 0.000
40  0  1  1   44   31    1   10    1    2    0    1    0    1    1  4  4  1  0.715 0.000
40  0  1  1   45   10    0   64    0    0    0    1    1    1    0  4  3  0  1.007 0.000
40  0  1  1   46   26    6   75    2    0    1    0    0    0    0  1  3  0  1.032 0.000
40  0  1  1   47   12    2   69    1    2    0    0    1    1    0  2  2  1  0.703 0.000
40  0  1  1   48    6    6    3    4    1    1    1    1    0    1  3  3  1  0.531 0.000
40  0  1  1   49   20    0   58    2    1    0    1    0    0    0  3  3  1  0.519 0.000
40  0  1  1   50    2    2   34    3    2    0    1    1    0    1  3  3  1  0.747 0.000
40  0  1  1   51    5    5   15    4    2    1    0    1    0    1  2  2  1  0.646 0.000
40  0  1  1   52   28    8   51    0    1    1    1    0    0    0  3  3  1  0.965 0.000
40  0  2  1   53   12   12   60    7    0    0    1    1    1    0  4  2  1  1.135 0.000
40  0  2  1   54   25   15   63    7    0    1    0    0    0    0  1  1  1  1.175 0.000
40  0  2  1   55    8   18   28    7    0    1    1    1    0    1  3  1  0  1.173 0.000
40  0  2  1   56   27   17   38    7    0    1    0    0    0    0  1  4  0  1.399 0.000
40  0  2  1   57   29   19   27    7    0    1    1    0    0    0  3  3  1  0.983 0.000
40  0  2  1   58   16   16   34    7    0    1    0    1    1    0  2  4  1  1.773 0.000
40  0  2  1   59    1   11   24    7    0    0    0    1    0    1  2  3  1  1.227 0.000
40  0  2  1   60   34   14   75    7    0    0    0    0    1    1  1  4  1  1.631 0.000
40  0  2  1   61    5   15   71    7    0    1    1    1    0    1  3  2  1  0.682 0.000
40  0  2  1   62   14   14   68    7    0    0    1    1    1    0  4  2  1  0.660 0.000
40  0  2  1   63   31   11   45    7    0    0    1    0    1    1  4  4  1  0.935 0.000
40  0  2  1   64   22   12   11    7    0    0    1    0    0    0  3  3  1  1.359 0.000
40  0  2  1   65   15   15   25    7    0    1    0    1    1    0  2  2  1  0.820 0.000
40  0  2  1   66   30   10   60    7    0    0    0    0    1    1  1  1  1  1.289 0.000
40  0  2  1   67   33   13   53    7    0    0    0    0    1    1  1  1  1  1.762 0.000
40  0  2  1   68    0   10   47    7    0    0    0    1    0    1  2  2  1  0.777 0.000
40  0  2  1   69    2   12    4    7    0    0    0    1    0    1  2  3  1  0.990 0.000
40  0  2  1   70   13   13    4    7    0    0    0    1    1    0  2  4  1  1.228 0.000
40  0  2  1   71   28   18   77    7    0    1    1    0    0    0  3  3  1  0.744 0.000
40  0  2  1   72    3   13    7    7    0    0    1    1    0    1  3  2  1  0.823 0.000
40  0  2  1   73   32   12   39    7    0    0    1    0    1    1  4  4  1  1.003 0.000
40  0  2  1   74   24   14   36    7    0    0    1    0    0    0  3  4  0  0.584 0.000
40  0  2  1   75   18   18   19    7    0    1    0    1    1    0  2  2  1  1.249 0.000
40  0  2  1   76    6   16   60    7    0    1    1    1    0    1  3  2  1  0.725 0.000
40  0  2  1   77   35   15   67    7    0    1    0    0    1    1  1  3  0  1.661 0.000
40  0  2  1   78   10   10   58    7    0    0    0    1    1    0  2  1  0  1.442 0.000
40  0  2  1   79   19   19   39    7    0    1    1    1    1    0  4  2  1  0.873 0.000
40  0  2  1   80   23   13    3    7    0    0    1    0    0    0  3  3  1  1.027 0.000
40  0  2  1   81   38   18   77    7    0    1    0    0    1    1  1  4  1  0.992 0.000
40  0  2  1   82   37   17   40    7    0    1    1    0    1    1  4  4  1  1.028 0.000
40  0  2  1   83   26   16   18    7    0    1    0    0    0    0  1  3  1  1.088 0.000
40  0  2  1   84   21   11    9    7    0    0    0    0    0    0  1  3  1  0.882 0.000
40  0  2  1   85   20   10   10    7    0    0    0    0    0    0  1  3  1  1.068 0.000
40  0  2  1   86    4   14   40    7    0    0    0    1    0    1  2  2  1  0.869 0.000
40  0  2  1   87   39   19   44    7    0    1    1    0    1    1  4  1  1  0.880 0.000
40  0  2  1   88   11   11   51    7    0    0    1    1    1    0  4  2  1  1.042 0.000
40  0  2  1   89    7   17   18    7    0    1    0    1    0    1  2  2  1  0.493 0.000
40  0  2  1   90   17   17   30    7    0    1    1    1    1    0  4  2  1  0.542 0.000
40  0  2  1   91   36   16   64    7    0    1    0    0    1    1  1  4  1  0.757 0.000
40  0  2  1   92    9   19   67    7    0    1    1    1    0    1  3  2  1  0.948 0.000
40  0  1  2   93   26   26   48    1    1    1    0    0    0    0  1  1  1  0.846 0.000
40  0  1  2   94   34   24   30    4    2    0    0    0    1    1  1  1  1  0.781 0.000
40  0  1  2   95    3   23   14    2    2    0    0    1    0    1  2  2  1  0.687 0.000
40  0  1  2   96   22   22   14    1    2    0    0    0    0    0  1  1  1  0.660 0.000
40  0  1  2   97   38   28   13    0    1    1    1    0    1    1  4  4  1  0.826 0.000
40  0  1  2   98   20   20   57    4    1    0    1    0    0    0  3  3  1  0.657 0.000
40  0  1  2   99    4   24   58    1    0    0    1    1    0    1  3  2  0  0.952 0.000
40  0  1  2  100    5   25   42    0    0    1    0    1    0    1  2  1  0  1.595 0.000
40  0  1  2  101    6   26   41    4    1    1    1    1    0    1  3  3  1  0.667 0.000
40  0  1  2  102   10   20   35    3    1    0    1    1    1    0  4  4  1  1.177 0.000
40  0  1  2  103   13   23   24    1    2    0    1    1    1    0  4  4  1  0.842 0.000
40  0  1  2  104    9   29   55    2    1    1    0    1    0    1  2  2  1  0.473 0.000
40  0  1  2  105   15   25   28    3    2    1    1    1    1    0  4  4  1  0.758 0.000
40  0  1  2  106   32   22   68    0    2    0    1    0    1    1  4  4  1  0.793 0.000
40  0  1  2  107   31   21   76    2    2    0    1    0    1    1  4  4  1  0.690 0.000
40  0  1  2  108    8   28   27    1    1    1    0    1    0    1  2  2  1  0.839 0.000
40  0  1  2  109   21   21   55    4    2    0    0    0    0    0  1  1  1  0.750 0.000
40  0  1  2  110    1   21   66    3    2    0    0    1    0    1  2  2  1  0.464 0.000
40  0  1  2  111   23   23    7    2    2    0    0    0    0    0  1  1  1  0.639 0.000
40  0  1  2  112   25   25   22    0    2    1    1    0    0    0  3  3  1  0.630 0.000
40  0  1  2  113   39   29   38    4    1    1    0    0    1    1  1  1  1  0.533 0.000
40  0  1  2  114   11   21   22    2    2    0    0    1    1    0  2  2  1  0.720 0.000
40  0  1  2  115   14   24   65    3    0    0    0    1    1    0  2  1  0  0.620 0.000
40  0  1  2  116   12   22   62    1    2    0    0    1    1    0  2  2  1  0.780 0.000
40  0  1  2  117   37   27   66    4    1    1    1    0    1    1  4  4  1  0.637 0.000
40  0  1  2  118   18   28   48    0    1    1    0    1    1    0  2  2  1  0.660 0.000
40  0  1  2  119   30   20   25    2    1    0    0    0    1    1  1  1  1  0.675 0.000
40  0  1  2  120    2   22   13    4    2    0    0    1    0    1  2  2  1  0.672 0.000
40  0  1  2  121   36   26    9    1    1    1    1    0    1    1  4  4  1  0.590 0.000
40  0  1  2  122   29   29   79    0    1    1    0    0    0    0  1  1  1  0.975 0.000
40  0  1  2  123   16   26   70    4    0    1    1    1    1    0  4  3  0  0.929 0.000
40  0  1  2  124   28   28    5    3    1    1    0    0    0    0  1  1  1  0.668 0.000
40  0  1  2  125   35   25   49    0    2    1    1    0    1    1  4  4  1  0.665 0.000
40  0  1  2  126   24   24   40    1    2    0    1    0    0    0  3  3  1  0.760 0.000
40  0  1  2  127   33   23   17    2    2    0    1    0    1    1  4  4  1  0.898 0.000
40  0  1  2  128   27   27   52    0    0    1    0    0    0    0  1  2  0  0.479 0.000
40  0  1  2  129   19   29   49    3    1    1    1    1    1    0  4  4  1  0.716 0.000
40  0  1  2  130    0   20   20    2    1    0    1    1    0    1  3  3  1  1.240 0.000
40  0  1  2  131    7   27   51    4    1    1    0    1    0    1  2  2  1  0.767 0.000
40  0  1  2  132   17   27   37    0    1    1    1    1    1    0  4  4  1  0.585 0.000
40  0  2  2  133   11   31   44    7    0    0    1    1    1    0  4  2  1  0.962 0.000
40  0  2  2  134   26   36   41    7    0    1    0    0    0    0  1  1  1  0.769 0.000
40  0  2  2  135   38   38   56    7    0    1    1    0    1    1  4  4  1  0.871 0.000
40  0  2  2  136   36   36    7    7    0    1    0    0    1    1  1  4  1  0.641 0.000
40  0  2  2  137   37   37   18    7    0    1    1    0    1    1  4  4  1  1.109 0.000
40  0  2  2  138   17   37   45    7    0    1    0    1    1    0  2  2  1  0.637 0.000
40  0  2  2  139   29   39   37    7    0    1    1    0    0    0  3  3  1  1.024 0.000
40  0  2  2  140   13   33   63    7    0    0    1    1    1    0  4  4  1  0.957 0.000
40  0  2  2  141    4   34   59    7    0    0    1    1    0    1  3  1  0  0.812 0.000
40  0  2  2  142    7   37   23    7    0    1    0    1    0    1  2  3  1  1.371 0.000
40  0  2  2  143   30   30   70    7    0    0    0    0    1    1  1  4  1  1.242 0.000
40  0  2  2  144    2   32   22    7    0    0    0    1    0    1  2  2  1  0.477 0.000
40  0  2  2  145   28   38   16    7    0    1    1    0    0    0  3  3  1  0.991 0.000
40  0  2  2  146   12   32   17    7    0    0    1    1    1    0  4  4  1  1.021 0.000
40  0  2  2  147    5   35   44    7    0    1    0    1    0    1  2  2  1  0.872 0.000
40  0  2  2  148   31   31   20    7    0    0    0    0    1    1  1  4  1  0.731 0.000
40  0  2  2  149   25   35    8    7    0    1    1    0    0    0  3  1  1  0.587 0.000
40  0  2  2  150   18   38   42    7    0    1    0    1    1    0  2  2  1  0.896 0.000
40  0  2  2  151   21   31   64    7    0    0    0    0    0    0  1  4  0  0.977 0.000
40  0  2  2  152   23   33   24    7    0    0    0    0    0    0  1  3  1  0.818 0.000
40  0  2  2  153   10   30   52    7    0    0    0    1    1    0  2  2  1  1.335 0.000
40  0  2  2  154   39   39   37    7    0    1    1    0    1    1  4  3  0  1.359 0.000
40  0  2  2  155   20   30   12    7    0    0    1    0    0    0  3  1  1  1.616 0.000
40  0  2  2  156   27   37   30    7    0    1    0    0    0    0  1  1  1  0.741 0.000
40  0  2  2  157   33   33   23    7    0    0    0    0    1    1  1  4  1  1.668 0.000
40  0  2  2  158   15   35   10    7    0    1    1    1    1    0  4  2  1  0.799 0.000
40  0  2  2  159   35   35   27    7    0    1    0    0    1    1  1  4  1  1.043 0.000
40  0  2  2  160    1   31   11    7    0    0    0    1    0    1  2  2  1  0.582 0.000
40  0  2  2  161   19   39   57    7    0    1    1    1    1    0  4  2  1  0.765 0.000
40  0  2  2  162    8   38   33    7    0    1    0    1    0    1  2  3  1  1.099 0.000
40  0  2  2  163   24   34   65    7    0    0    0    0    0    0  1  3  1  0.725 0.000
40  0  2  2  164    0   30   73    7    0    0    0    1    0    1  2  2  1  0.620 0.000
40  0  2  2  165    9   39   37    7    0    1    1    1    0    1  3  2  1  1.560 0.000
40  0  2  2  166   34   34   29    7    0    0    1    0    1    1  4  4  1  0.855 0.000
40  0  2  2  167    6   36   45    7    0    1    0    1    0    1  2  2  1  1.338 0.000
40  0  2  2  168   32   32   65    7    0    0    0    0    1    1  1  4  1  0.897 0.000
40  0  2  2  169    3   33   32    7    0    0    0    1    0    1  2  2  1  0.770 0.000
40  0  2  2  170   14   34   36    7    0    0    0    1    1    0  2  2  1  0.657 0.000
40  0  2  2  171   22   32   39    7    0    0    0    0    0    0  1  3  1  0.724 0.000
40  0  2  2  172   16   36   27    7    0    1    1    1    1    0  4  2  1  0.636 0.000
40  0  1  3  173   28   48   15    2    1    1    0    0    0    0  1  1  1  1.007 0.000
40  0  1  3  174   16   46   74    3    1    1    1    1    1    0  4  4  1  0.783 0.000
40  0  1  3  175   21   41   72    0    2    0    1    0    0    0  3  3  1  0.576 0.000
40  0  1  3  176   37   47   72    2    1    1    0    0    1    1  1  1  1  0.602 0.000
40  0  1  3  177   38   48   54    1    1    1    1    0    1    1  4  4  1  0.835 0.000
40  0  1  3  178    9   49   64    4    1    1    0    1    0    1  2  2  1  0.546 0.000
40  0  1  3  179   22   42   74    2    2    0    0    0    0    0  1  1  1  0.628 0.000
40  0  1  3  180   25   45   32    3    2    1    1    0    0    0  3  3  1  0.852 0.000
40  0  1  3  181   29   49   33    4    1    1    0    0    0    0  1  1  1  0.674 0.000
40  0  1  3  182   20   40   69    0    1    0    0    0    0    0  1  1  1  0.536 0.000
40  0  1  3  183   15   45   59    3    2    1    1    1    1    0  4  4  1  0.859 0.000
40  0  1  3  184   34   44   69    4    2    0    1    0    1    1  4  4  1  0.681 0.000
40  0  1  3  185    6   46   54    1    1    1    0    1    0    1  2  2  1  0.783 0.000
40  0  1  3  186    1   41   49    3    2    0    0    1    0    1  2  2  1  0.544 0.000
40  0  1  3  187    5   45   16    2    2    1    1    1    0    1  3  3  1  0.786 0.000
40  0  1  3  188    2   42   69    1    2    0    1    1    0    1  3  3  1  0.508 0.000
40  0  1  3  189    7   47   75    4    1    1    0    1    0    1  2  2  1  0.560 0.000
40  0  1  3  190   14   44   33    3    2    0    0    1    1    0  2  2  1  0.507 0.000
40  0  1  3  191   12   42   38    0    2    0    0    1    1    0  2  2  1  0.534 0.000
40  0  1  3  192   33   43   47    2    2    0    0    0    1    1  1  1  1  0.754 0.000
40  0  1  3  193    4   44   30    3    2    0    0    1    0    1  2  2  1  0.676 0.000
40  0  1  3  194   17   47   56    4    1    1    1    1    1    0  4  4  1  0.730 0.000
40  0  1  3  195   35   45   58    0    2    1    0    0    1    1  1  1  1  0.925 0.000
40  0  1  3  196   32   42   33    3    2    0    0    0    1    1  1  1  1  0.713 0.000
40  0  1  3  197   27   47   13    1    1    1    1    0    0    0  3  3  1  0.749 0.000
40  0  1  3  198   39   49   63    4    1    1    0    0    1    1  1  1  1  0.552 0.000
40  0  1  3  199   18   48   72    2    1    1    1    1    1    0  4  4  1  0.763 0.000
40  0  1  3  200   11   41   21    3    2    0    1    1    1    0  4  4  1  1.012 0.000
40  0  1  3  201    0   40   21    1    1    0    1    1    0    1  3  3  1  0.764 0.000
40  0  1  3  202   13   43    7    0    2    0    1    1    1    0  4  4  1  0.591 0.000
40  0  1  3  203   19   49    5    2    1    1    0    1    1    0  2  2  1  0.743 0.000
40  0  1  3  204   23   43   44    4    2    0    0    0    0    0  1  1  1  0.546 0.000
40  0  1  3  205   26   46   20    1    1    1    1    0    0    0  3  3  1  0.597 0.000
40  0  1  3  206   24   44    4    0    2    0    1    0    0    0  3  3  1  0.694 0.000
40  0  1  3  207   31   41   28    4    0    0    1    0    1    1  4  3  0  0.635 0.000
40  0  1  3  208    8   48   50    2    0    1    0    1    0    1  2  1  0  0.490 0.000
40  0  1  3  209   10   40   46    1    1    0    0    1    1    0  2  2  1  0.663 0.000
40  0  1  3  210   36   46    1    4    1    1    1    0    1    1  4  4  1  0.630 0.000
40  0  1  3  211   30   40   42    0    1    0    1    0    1    1  4  4  1  0.853 0.000
40  0  1  3  212    3   43   76    2    2    0    1    1    0    1  3  3  1  0.515 0.000
40  0  2  3  213   28   58   19    7    0    1    0    0    0    0  1  3  1  1.255 0.000
40  0  2  3  214    5   55   25    7    0    1    1    1    0    1  3  2  1  1.266 0.000
40  0  2  3  215   13   53   78    7    0    0    1    1    1    0  4  2  1  0.605 0.000
40  0  2  3  216   14   54   40    7    0    0    1    1    1    0  4  2  1  0.617 0.000
40  0  2  3  217   37   57   55    7    0    1    0    0    1    1  1  4  1  0.941 0.000
40  0  2  3  218   29   59   67    7    0    1    1    0    0    0  3  1  1  1.165 0.000
40  0  2  3  219    3   53   61    7    0    0    1    1    0    1  3  2  1  0.763 0.000
40  0  2  3  220   22   52   45    7    0    0    1    0    0    0  3  3  1  0.970 0.000
40  0  2  3  221   39   59   41    7    0    1    0    0    1    1  1  1  1  1.192 0.000
40  0  2  3  222   17   57   32    7    0    1    1    1    1    0  4  2  1  0.701 0.000
40  0  2  3  223   12   52   47    7    0    0    1    1    1    0  4  2  1  0.582 0.000
40  0  2  3  224   24   54   53    7    0    0    1    0    0    0  3  3  1  0.676 0.000
40  0  2  3  225    0   50    5    7    0    0    1    1    0    1  3  2  1  0.989 0.000
40  0  2  3  226   35   55   26    7    0    1    0    0    1    1  1  4  1  1.179 0.000
40  0  2  3  227   26   56   49    7    0    1    1    0    0    0  3  1  1  0.689 0.000
40  0  2  3  228   15   55   15    7    0    1    0    1    1    0  2  4  1  1.099 0.000
40  0  2  3  229   19   59   67    7    0    1    1    1    1    0  4  2  1  1.307 0.000
40  0  2  3  230   36   56   52    7    0    1    0    0    1    1  1  4  1  0.820 0.000
40  0  2  3  231   20   50   59    7    0    0    0    0    0    0  1  3  1  0.809 0.000
40  0  2  3  232    9   59   43    7    0    1    1    1    0    1  3  3  1  0.701 0.000
40  0  2  3  233    6   56   38    7    0    1    0    1    0    1  2  2  1  0.918 0.000
40  0  2  3  234   32   52   51    7    0    0    0    0    1    1  1  1  1  1.094 0.000
40  0  2  3  235   25   55   61    7    0    1    1    0    0    0  3  3  1  0.999 0.000
40  0  2  3  236    1   51    2    7    0    0    1    1    0    1  3  2  1  0.709 0.000
40  0  2  3  237   34   54    8    7    0    0    1    0    1    1  4  4  1  0.677 0.000
40  0  2  3  238    4   54   31    7    0    0    1    1    0    1  3  2  1  0.711 0.000
40  0  2  3  239   38   58   34    7    0    1    0    0    1    1  1  4  1  0.991 0.000
40  0  2  3  240   30   50    0    7    0    0    0    0    1    1  1  4  1  0.701 0.000
40  0  2  3  241    2   52   19    7    0    0    0    1    0    1  2  3  1  0.870 0.000
40  0  2  3  242   21   51   42    7    0    0    0    0    0    0  1  3  1  1.016 0.000
40  0  2  3  243   16   56   76    7    0    1    1    1    1    0  4  2  1  0.659 0.000
40  0  2  3  244   18   58   31    7    0    1    0    1    1    0  2  2  1  0.742 0.000
40  0  2  3  245   33   53   22    7    0    0    0    0    1    1  1  1  1  1.414 0.000
40  0  2  3  246   31   51   24    7    0    0    0    0    1    1  1  1  1  0.714 0.000
40  0  2  3  247   10   50    1    7    0    0    0    1    1    0  2  2  1  0.915 0.000
40  0  2  3  248   11   51    3    7    0    0    0    1    1    0  2  2  1  0.723 0.000
40  0  2  3  249   23   53   26    7    0    0    0    0    0    0  1  3  1  1.019 0.000
40  0  2  3  250    8   58    9    7    0    1    1    1    0    1  3  2  1  0.728 0.000
40  0  2  3  251    7   57   74    7    0    1    0    1    0    1  2  2  1  0.888 0.000
40  0  2  3  252   27   57   28    7    0    1    1    0    0    0  3  3  1  0.912 0.000
40  0  1  4  253   31   61   48    1    2    0    1    0    1    1  4  4  1  1.060 0.000
40  0  1  4  254   37   67   16    2    1    1    0    0    1    1  1  1  1  0.746 0.000
40  0  1  4  255   24   64   70    0    2    0    0    0    0    0  1  1  1  0.772 0.000
40  0  1  4  256    1   61   48    4    2    0    0    1    0    1  2  2  1  0.598 0.000
40  0  1  4  257    7   67   10    2    1    1    1    1    0    1  3  3  1  0.671 0.000
40  0  1  4  258   10   60   29    0    1    0    1    1    1    0  4  4  1  0.589 0.000
40  0  1  4  259    2   62   53    1    2    0    1    1    0    1  3  3  1  0.662 0.000
40  0  1  4  260    8   68    6    2    1    1    0    1    0    1  2  2  1  0.532 0.000
40  0  1  4  261    9   69    1    4    1    1    1    1    0    1  3  3  1  0.560 0.000
40  0  1  4  262   16   66   79    1    1    1    0    1    1    0  2  2  1  1.034 0.000
40  0  1  4  263   32   62   79    3    2    0    0    0    1    1  1  1  1  0.737 0.000
40  0  1  4  264   12   62   50    0    2    0    0    1    1    0  2  2  1  0.884 0.000
40  0  1  4  265   27   67   66    2    1    1    1    0    0    0  3  3  1  0.809 0.000
40  0  1  4  266    4   64   65    4    2    0    1    1    0    1  3  3  1  0.538 0.000
40  0  1  4  267    6   66    8    1    1    1    0    1    0    1  2  2  1  0.924 0.000
40  0  1  4  268   38   68   73    0    1    1    1    0    1    1  4  4  1  0.848 0.000
40  0  1  4  269    5   65    0    3    2    1    0    1    0    1  2  2  1  0.839 0.000
40  0  1  4  270   14   64    6    1    2    0    0    1    1    0  2  2  1  0.671 0.000
40  0  1  4  271   28   68   46    2    1    1    1    0    0    0  3  3  1  0.564 0.000
40  0  1  4  272   29   69   50    3    1    1    0    0    0    0  1  1  1  0.550 0.000
40  0  1  4  273   34   64   31    4    2    0    0    0    1    1  1  1  1  0.737 0.000
40  0  1  4  274   33   63   35    1    2    0    0    0    1    1  1  1  1  0.788 0.000
40  0  1  4  275   19   69   20    3    1    1    1    1    1    0  4  4  1  0.694 0.000
40  0  1  4  276    3   63   52    2    2    0    1    1    0    1  3  3  1  2.618 0.000
40  0  1  4  277   36   66   15    1    1    1    0    0    1    1  1  1  1  0.714 0.000
40  0  1  4  278   35   65   11    0    2    1    1    0    1    1  4  4  1  0.662 0.000
40  0  1  4  279   26   66   62    3    1    1    0    0    0    0  1  1  1  1.083 0.000
40  0  1  4  280   30   60    2    2    1    0    0    0    1    1  1  1  1  0.593 0.000
40  0  1  4  281   15   65   54    1    0    1    1    1    1    0  4  3  0  0.859 0.000
40  0  1  4  282   22   62   78    3    2    0    1    0    0    0  3  3  1  1.640 0.000
40  0  1  4  283   18   68   55    4    1    1    0    1    1    0  2  2  1  0.774 0.000
40  0  1  4  284   23   63    2    2    2    0    0    0    0    0  1  1  1  0.840 0.000
40  0  1  4  285   21   61   29    1    2    0    0    0    0    0  1  1  1  0.640 0.000
40  0  1  4  286   13   63    8    0    2    0    0    1    1    0  2  2  1  0.767 0.000
40  0  1  4  287   20   60   43    4    1    0    0    0    0    0  1  1  1  0.576 0.000
40  0  1  4  288   39   69   14    2    1    1    1    0    1    1  4  4  1  0.753 0.000
40  0  1  4  289   25   65    0    3    2    1    0    0    0    0  1  1  1  0.668 0.000
40  0  1  4  290   11   61    0    1    2    0    0    1    1    0  2  2  1  0.602 0.000
40  0  1  4  291    0   60   17    4    1    0    0    1    0    1  2  2  1  0.578 0.000
40  0  1  4  292   17   67    2    0    1    1    1    1    1    0  4  4  1  0.732 0.000
40  0  2  4  293   20   70   68    7    0    0    1    0    0    0  3  3  1  0.999 0.000
40  0  2  4  294    7   77   78    7    0    1    0    1    0    1  2  3  1  0.597 0.000
40  0  2  4  295   35   75   43    7    0    1    1    0    1    1  4  3  0  0.682 0.000
40  0  2  4  296   26   76   21    7    0    1    0    0    0    0  1  1  1  0.735 0.000
40  0  2  4  297   14   74   61    7    0    0    0    1    1    0  2  2  1  1.247 0.000
40  0  2  4  298   39   79   21    7    0    1    1    0    1    1  4  1  1  0.762 0.000
40  0  2  4  299    5   75   72    7    0    1    0    1    0    1  2  3  1  0.633 0.000
40  0  2  4  300   15   75   26    7    0    1    1    1    1    0  4  4  1  0.644 0.000
40  0  2  4  301    9   79   26    7    0    1    0    1    0    1  2  3  1  0.647 0.000
40  0  2  4  302    2   72   12    7    0    0    0    1    0    1  2  2  1  1.107 0.000
40  0  2  4  303    1   71   36    7    0    0    0    1    0    1  2  2  1  0.676 0.000
40  0  2  4  304   31   71   59    7    0    0    0    0    1    1  1  4  1  0.862 0.000
40  0  2  4  305   16   76   11    7    0    1    1    1    1    0  4  1  0  1.400 0.000
40  0  2  4  306   11   71   12    7    0    0    1    1    1    0  4  2  1  0.912 0.000
40  0  2  4  307   34   74   50    7    0    0    1    0    1    1  4  4  1  1.041 0.000
40  0  2  4  308    6   76   29    7    0    1    0    1    0    1  2  3  1  0.725 0.000
40  0  2  4  309   29   79   31    7    0    1    1    0    0    0  3  1  1  1.172 0.000
40  0  2  4  310   17   77   53    7    0    1    0    1    1    0  2  2  1  0.778 0.000
40  0  2  4  311   30   70   32    7    0    0    0    0    1    1  1  1  1  0.840 0.000
40  0  2  4  312   22   72    6    7    0    0    0    0    0    0  1  1  1  0.852 0.000
40  0  2  4  313    4   74   46    7    0    0    0    1    0    1  2  3  1  0.559 0.000
40  0  2  4  314   32   72   19    7    0    0    0    0    1    1  1  4  1  0.709 0.000
40  0  2  4  315   13   73   43    7    0    0    0    1    1    0  2  4  1  1.086 0.000
40  0  2  4  316   21   71   54    7    0    0    0    0    0    0  1  1  1  1.439 0.000
40  0  2  4  317   18   78    9    7    0    1    1    1    1    0  4  2  1  1.443 0.000
40  0  2  4  318    3   73   68    7    0    0    1    1    0    1  3  2  1  0.693 0.000
40  0  2  4  319   23   73   73    7    0    0    1    0    0    0  3  3  1  0.983 0.000
40  0  2  4  320   24   74   34    7    0    0    1    0    0    0  3  3  1  0.708 0.000
40  0  2  4  321   10   70   23    7    0    0    1    1    1    0  4  1  0  1.541 0.000
40  0  2  4  322   36   76   61    7    0    1    0    0    1    1  1  4  1  0.847 0.000
40  0  2  4  323    8   78   62    7    0    1    1    1    0    1  3  3  1  0.947 0.000
40  0  2  4  324   12   72   71    7    0    0    1    1    1    0  4  4  1  0.930 0.000
40  0  2  4  325    0   70   79    7    0    0    1    1    0    1  3  3  1  0.674 0.000
40  0  2  4  326   25   75   25    7    0    1    0    0    0    0  1  3  1  0.613 0.000
40  0  2  4  327   28   78   60    7    0    1    1    0    0    0  3  1  1  1.360 0.000
40  0  2  4  328   33   73   46    7    0    0    1    0    1    1  4  4  1  0.959 0.000
40  0  2  4  329   37   77   36    7    0    1    0    0    1    1  1  4  1  0.878 0.000
40  0  2  4  330   27   77    1    7    0    1    1    0    0    0  3  1  1  0.952 0.000
40  0  2  4  331   19   79   75    7    0    1    0    1    1    0  2  4  1  0.710 0.000
40  0  2  4  332   38   78    3    7    0    1    1    0    1    1  4  4  1  0.823 0.000
