42  1  0  0    1    0   -1   17    0    0    1    1    0    0    0  3  3  1  2.215 0.000
42  1  0  0    2    0   -1   17    0    0    0    1    1    1    0  4  4  1  1.403 0.000
42  1  0  0    3    0   -1   17    1    0    1    0    0    0    0  1  3  0  0.893 0.000
42  1  0  0    4    0   -1   17    2    0    0    0    0    0    0  1  1  1  1.240 0.000
42  1  0  0    5    0   -1   17    0    0    1    1    1    1    0  4  4  1  1.362 0.000
42  1  0  0    6    0   -1   17    4    0    1    0    1    0    1  2  2  1  1.600 0.000
42  1  0  0    7    0   -1   17    1    0    1    1    0    1    1  4  4  1  1.539 0.000
42  1  0  0    8    0   -1   17    2    0    0    1    0    1    1  4  4  1  1.752 0.000
42  1  0  0    9    0   -1   17    4    0    1    0    0    1    1  1  1  1  2.101 0.000
42  1  0  0   10    0   -1   17    1    0    0    0    1    0    1  2  2  1  0.876 0.000
42  1  0  0   11    0   -1   17    3    0    0    0    1    1    0  2  2  1  3.564 0.000
42  1  0  0   12    0   -1   17    2    0    1    1    1    1    0  4  4  1  0.978 0.000
42  1  1  1   13    3    3   33    0    2    0    1    1    0    1  3  3  1  1.444 0.000
42  1  1  1   14    9    9    3    3    1    1    0    1    0    1  2  2  1  1.225 0.000
42  1  1  1   15   17    7   53    1    1    1    1    1    1    0  4  4  1  1.182 0.000
42  1  1  1   16   13    3   51    0    2    0    1    1    1    0  4  4  1  0.966 0.000
42  1  1  1   17   32    2   19    2    2    0    1    0    1    1  4  4  1  2.454 0.000
42  1  1  1   18   37    7   51    1    1    1    0    0    1    1  1  1  1  1.186 0.000
42  1  1  1   19   27    7   78    4    1    1    1    0    0    0  3  3  1  1.825 0.000
42  1  1  1   20    8    8   63    0    1    1    0    1    0    1  2  2  1  1.334 0.000
42  1  1  1   21    0    0   11    3    1    0    0    1    0    1  2  2  1  1.241 0.000
42  1  1  1   22   25    5   31    4    2    1    1    0    0    0  3  3  1  0.980 0.000
42  1  1  1   23   16    6   19    1    1    1    0    1    1    0  2  2  1  1.611 0.000
42  1  1  1   24   21    1   39    3    2    0    0    0    0    0  1  1  1  1.538 0.000
42  1  1  1   25    7    7    1    2    1    1    1    1    0    1  3  3  1  1.058 0.000
42  1  1  1   26   24    4   34    4    2    0    1    0    0    0  3  3  1  0.870 0.000
42  1  1  1   27   30    0    5    0    1    0    1    0    1    1  4  4  1  1.867 0.000
42  1  1  1   28   12    2   34    2    2    0    1    1    1    0  4  4  1  1.318 0.000
42  1  1  1   29   14    4    6    3    2    0    1    1    1    0  4  4  1  2.207 0.000
42  1  1  1   30   10    0   29    4    1    0    1    1    1    0  4  4  1  0.902 0.000
42  1  1  1   31   35    5   50    0    2    1    0    0    1    1  1  1  1  1.713 0.000
42  1  1  1   32    5    5   34    1    0    1    1    1    0    1  3  4  0  2.241 0.000
42  1  1  1   33   36    6   42    3    1    1    0    0    1    1  1  1  1  1.823 0.000
42  1  1  1   34    1    1   47    0    0    0    0    1    0    1  2  1  0  2.740 0.000
42  1  1  1   35   31    1   31    1    0    0    0    0    1    1  1  2  0  2.301 0.000
42  1  1  1   36   18    8    8    2    1    1    1    1    1    0  4  4  1  1.751 0.000
42  1  1  1   37   34    4   24    4    2    0    1    0    1    1  4  4  1  1.544 0.000
42  1  1  1   38   23    3   69    1    2    0    1    0    0    0  3  3  1  2.192 0.000
42  1  1  1   39   38    8   60    0    1    1    0    0    1    1  1  1  1  1.407 0.000
42  1  1  1   40    2    2   74    2    2    0    0    1    0    1  2  2  1  1.693 0.000
42  1  1  1   41   11    1   56    3    2    0    0    1    1    0  2  2  1  0.794 0.000
42  1  1  1   42   22    2   45    4    2    0    0    0    0    0  1  1  1  0.959 0.000
42  1  1  1   43   29    9   27    1    1    1    1    0    0    0  3  3  1  1.679 0.000
42  1  1  1   44   28    8   29    0    1    1    0    0    0    0  1  1  1  0.787 0.000
42  1  1  1   45   20    0   18    3    1    0    0    0    0    0  1  1  1  0.850 0.000
42  1  1  1   46   39    9   61    4    1    1    1    0    1    1  4  4  1  0.637 0.000
42  1  1  1   47    6    6   22    1    1    1    0    1    0    1  2  2  1  0.954 0.000
42  1  1  1   48   26    6   65    2    1    1    1    0    0    0  3  3  1  0.851 0.000
42  1  1  1   49   33    3   79    0    2    0    1    0    1    1  4  4  1  1.006 0.000
42  1  1  1   50    4    4   48    4    2    0    1    1    0    1  3  3  1  0.941 0.000
42  1  1  1   51   15    5   69    1    2    1    0    1    1    0  2  2  1  1.646 0.000
42  1  1  1   52   19    9   37    0    1    1    1    1    1    0  4  4  1  1.107 0.000
42  1  2  1   53   17   17   30    7    0    1    0    1    1    0  2  2  1  1.173 0.000
42  1  2  1   54    5   15   20    7    0    1    1    1    0    1  3  2  1  1.689 0.000
42  1  2  1   55   12   12   13    7    0    0    1    1    1    0  4  4  1  1.369 0.000
42  1  2  1   56   21   11   44    7    0    0    1    0    0    0  3  3  1  1.270 0.000
42  1  2  1   57   15   15   32    7    0    1    0    1    1    0  2  4  1  1.285 0.000
42  1  2  1   58   24   14   71    7    0    0    0    0    0    0  1  3  1  0.949 0.000
42  1  2  1   59    8   18   30    7    0    1    1    1    0    1  3  2  1  1.018 0.000
42  1  2  1   60   38   18   71    7    0    1    0    0    1    1  1  3  0  1.053 0.000
42  1  2  1   61    1   11   40    7    0    0    0    1    0    1  2  1  0  1.104 0.000
42  1  2  1   62   36   16    0    7    0    1    1    0    1    1  4  1  1  1.155 0.000
42  1  2  1   63   33   13   59    7    0    0    1    0    1    1  4  2  0  1.144 0.000
42  1  2  1   64   11   11   38    7    0    0    1    1    1    0  4  4  1  0.945 0.000
42  1  2  1   65    6   16   45    7    0    1    0    1    0    1  2  4  0  0.894 0.000
42  1  2  1   66   32   12   38    7    0    0    0    0    1    1  1  2  0  1.385 0.000
42  1  2  1   67   27   17   51    7    0    1    1    0    0    0  3  3  1  1.160 0.000
42  1  2  1   68    7   17   70    7    0    1    0    1    0    1  2  2  1  1.397 0.000
42  1  2  1   69   20   10   43    7    0    0    0    0    0    0  1  3  1  1.592 0.000
42  1  2  1   70    2   12   36    7    0    0    0    1    0    1  2  3  1  0.771 0.000
42  1  2  1   71   13   13   52    7    0    0    0    1    1    0  2  4  1  0.672 0.000
42  1  2  1   72   39   19    4    7    0    1    1    0    1    1  4  2  0  1.008 0.000
42  1  2  1   73    0   10    9    7    0    0    1    1    0    1  3  2  1  1.245 0.000
42  1  2  1   74    9   19   19    7    0    1    0    1    0    1  2  3  1  0.951 0.000
42  1  2  1   75   35   15    7    7    0    1    1    0    1    1  4  1  1  1.156 0.000
42  1  2  1   76   19   19   31    7    0    1    0    1    1    0  2  4  1  0.969 0.000
42  1  2  1   77   26   16   62    7    0    1    1    0    0    0  3  1  1  1.405 0.000
42  1  2  1   78   30   10   49    7    0    0    1    0    1    1  4  1  1  0.696 0.000
42  1  2  1   79    4   14   27    7    0    0    1    1    0    1  3  2  1  1.855 0.000
42  1  2  1   80   37   17   58    7    0    1    0    0    1    1  1  1  1  2.177 0.000
42  1  2  1   81   29   19   19    7    0    1    1    0    0    0  3  3  1  1.404 0.000
42  1  2  1   82   28   18   68    7    0    1    0    0    0    0  1  3  1  0.983 0.000
42  1  2  1   83   10   10   61    7    0    0    0    1    1    0  2  2  1  1.515 0.000
42  1  2  1   84   23   13   74    7    0    0    0    0    0    0  1  1  1  0.858 0.000
42  1  2  1   85   18   18   50    7    0    1    1    1    1    0  4  3  0  1.162 0.000
42  1  2  1   86   34   14   34    7    0    0    1    0    1    1  4  3  0  1.162 0.000
42  1  2  1   87   25   15   20    7    0    1    0    0    0    0  1  1  1  0.851 0.000
42  1  2  1   88   22   12    4    7    0    0    0    0    0    0  1  1  1  0.780 0.000
42  1  2  1   89   14   14   27    7    0    0    0    1    1    0  2  4  1  0.799 0.000
42  1  2  1   90   16   16   33    7    0    1    1    1    1    0  4  4  1  0.747 0.000
42  1  2  1   91   31   11   39    7    0    0    1    0    1    1  4  4  1  0.921 0.000
42  1  2  1   92    3   13   53    7    0    0    1    1    0    1  3  2  1  1.279 0.000
42  1  1  2   93   26   26    6    4    0    1    0    0    0    0  1  3  0  2.134 0.000
42  1  1  2   94   25   25   22    2    2    1    1    0    0    0  3  3  1  1.878 0.000
42  1  1  2   95    9   29   46    1    1    1    0    1    0    1  2  2  1  0.938 0.000
42  1  1  2   96   10   20    7    4    1    0    0    1    1    0  2  2  1  0.947 0.000
42  1  1  2   97   16   26   14    3    1    1    1    1    1    0  4  4  1  1.228 0.000
42  1  1  2   98   19   29   66    2    1    1    0    1    1    0  2  2  1  0.777 0.000
42  1  1  2   99   36   26   36    1    1    1    1    0    1    1  4  4  1  0.857 0.000
42  1  1  2  100   21   21   61    3    2    0    1    0    0    0  3  3  1  1.453 0.000
42  1  1  2  101    1   21   78    0    2    0    1    1    0    1  3  3  1  0.754 0.000
42  1  1  2  102   33   23   30    4    2    0    1    0    1    1  4  4  1  0.969 0.000
42  1  1  2  103   22   22   21    3    2    0    1    0    0    0  3  3  1  0.817 0.000
42  1  1  2  104   38   28   28    0    0    1    0    0    1    1  1  2  0  1.047 0.000
42  1  1  2  105    0   20   10    2    0    0    0    1    0    1  2  1  0  1.012 0.000
42  1  1  2  106    3   23   41    3    2    0    0    1    0    1  2  2  1  0.633 0.000
42  1  1  2  107   39   29   47    1    1    1    1    0    1    1  4  4  1  0.598 0.000
42  1  1  2  108   34   24   17    2    2    0    1    0    1    1  4  4  1  0.821 0.000
42  1  1  2  109   35   25   44    0    0    1    0    0    1    1  1  2  0  0.675 0.000
42  1  1  2  110   29   29    1    3    1    1    1    0    0    0  3  3  1  0.750 0.000
42  1  1  2  111   14   24   72    2    2    0    1    1    1    0  4  4  1  0.718 0.000
42  1  1  2  112   30   20   21    4    1    0    1    0    1    1  4  4  1  0.984 0.000
42  1  1  2  113    2   22    6    0    2    0    1    1    0    1  3  3  1  0.879 0.000
42  1  1  2  114   17   27   11    2    0    1    0    1    1    0  2  1  0  1.162 0.000
42  1  1  2  115   18   28   60    4    1    1    1    1    1    0  4  4  1  1.226 0.000
42  1  1  2  116   11   21   23    1    0    0    1    1    1    0  4  3  0  1.064 0.000
42  1  1  2  117   12   22   79    2    2    0    1    1    1    0  4  4  1  1.084 0.000
42  1  1  2  118    6   26   66    0    0    1    0    1    0    1  2  1  0  0.870 0.000
42  1  1  2  119   31   21   74    3    0    0    0    0    1    1  1  2  0  1.074 0.000
42  1  1  2  120   13   23   46    2    2    0    0    1    1    0  2  2  1  0.918 0.000
42  1  1  2  121   27   27   10    4    1    1    1    0    0    0  3  3  1  0.704 0.000
42  1  1  2  122   32   22   73    1    2    0    1    0    1    1  4  4  1  0.833 0.000
42  1  1  2  123    4   24   54    0    2    0    1    1    0    1  3  3  1  1.022 0.000
42  1  1  2  124   24   24   41    4    2    0    1    0    0    0  3  3  1  0.628 0.000
42  1  1  2  125   20   20   59    1    1    0    1    0    0    0  3  3  1  0.706 0.000
42  1  1  2  126    7   27   61    2    0    1    0    1    0    1  2  3  0  0.963 0.000
42  1  1  2  127   15   25   43    3    2    1    1    1    1    0  4  4  1  1.275 0.000
42  1  1  2  128    5   25   23    1    2    1    0    1    0    1  2  2  1  0.743 0.000
42  1  1  2  129   37   27   35    4    1    1    1    0    1    1  4  4  1  1.527 0.000
42  1  1  2  130   28   28   11    0    1    1    0    0    0    0  1  1  1  0.873 0.000
42  1  1  2  131    8   28   21    2    1    1    1    1    0    1  3  3  1  1.381 0.000
42  1  1  2  132   23   23   73    3    2    0    1    0    0    0  3  3  1  0.997 0.000
42  1  2  2  133   36   36   75    7    0    1    0    0    1    1  1  1  1  1.315 0.000
42  1  2  2  134    5   35   12    7    0    1    1    1    0    1  3  3  1  0.730 0.000
42  1  2  2  135   18   38   25    7    0    1    0    1    1    0  2  4  1  0.968 0.000
42  1  2  2  136   22   32   48    7    0    0    0    0    0    0  1  3  1  0.908 0.000
42  1  2  2  137    6   36   73    7    0    1    1    1    0    1  3  2  1  0.971 0.000
42  1  2  2  138   34   34   53    7    0    0    1    0    1    1  4  1  1  1.055 0.000
42  1  2  2  139   30   30   22    7    0    0    1    0    1    1  4  4  1  0.936 0.000
42  1  2  2  140   19   39   18    7    0    1    0    1    1    0  2  2  1  0.686 0.000
42  1  2  2  141   13   33   57    7    0    0    0    1    1    0  2  2  1  0.797 0.000
42  1  2  2  142   37   37   46    7    0    1    1    0    1    1  4  2  0  0.720 0.000
42  1  2  2  143   31   31    8    7    0    0    1    0    1    1  4  4  1  0.890 0.000
42  1  2  2  144   39   39   13    7    0    1    0    0    1    1  1  4  1  1.009 0.000
42  1  2  2  145   33   33   72    7    0    0    0    0    1    1  1  1  1  1.068 0.000
42  1  2  2  146    7   37   39    7    0    1    1    1    0    1  3  3  1  1.356 0.000
42  1  2  2  147   14   34   22    7    0    0    1    1    1    0  4  4  1  0.905 0.000
42  1  2  2  148   28   38   12    7    0    1    0    0    0    0  1  2  0  1.040 0.000
42  1  2  2  149   11   31    2    7    0    0    0    1    1    0  2  1  0  1.181 0.000
42  1  2  2  150   10   30   54    7    0    0    0    1    1    0  2  4  1  1.653 0.000
42  1  2  2  151    8   38   64    7    0    1    1    1    0    1  3  2  1  1.077 0.000
42  1  2  2  152    4   34   79    7    0    0    1    1    0    1  3  2  1  1.013 0.000
42  1  2  2  153   24   34    3    7    0    0    1    0    0    0  3  1  1  0.800 0.000
42  1  2  2  154   17   37   77    7    0    1    0    1    1    0  2  4  1  0.922 0.000
42  1  2  2  155   38   38   25    7    0    1    1    0    1    1  4  4  1  0.889 0.000
42  1  2  2  156   26   36   17    7    0    1    0    0    0    0  1  1  1  0.984 0.000
42  1  2  2  157    0   30   25    7    0    0    0    1    0    1  2  2  1  1.076 0.000
42  1  2  2  158    3   33    7    7    0    0    0    1    0    1  2  2  1  0.844 0.000
42  1  2  2  159   21   31   52    7    0    0    0    0    0    0  1  2  0  1.029 0.000
42  1  2  2  160   35   35   64    7    0    1    1    0    1    1  4  4  1  1.051 0.000
42  1  2  2  161   27   37   42    7    0    1    0    0    0    0  1  1  1  1.220 0.000
42  1  2  2  162   12   32    9    7    0    0    0    1    1    0  2  4  1  0.918 0.000
42  1  2  2  163   29   39   79    7    0    1    1    0    0    0  3  3  1  1.380 0.000
42  1  2  2  164   23   33   53    7    0    0    1    0    0    0  3  3  1  1.064 0.000
42  1  2  2  165   16   36   45    7    0    1    0    1    1    0  2  2  1  0.641 0.000
42  1  2  2  166    9   39   28    7    0    1    1    1    0    1  3  2  1  0.771 0.000
42  1  2  2  167   25   35   40    7    0    1    0    0    0    0  1  3  1  0.878 0.000
42  1  2  2  168   32   32   45    7    0    0    0    0    1    1  1  1  1  0.807 0.000
42  1  2  2  169   15   35   70    7    0    1    1    1    1    0  4  4  1  0.906 0.000
42  1  2  2  170    1   31   44    7    0    0    1    1    0    1  3  3  1  0.825 0.000
42  1  2  2  171   20   30   37    7    0    0    1    0    0    0  3  3  1  0.818 0.000
42  1  2  2  172    2   32   77    7    0    0    1    1    0    1  3  1  0  0.740 0.000
42  1  1  3  173   37   47   37    2    0    1    0    0    1    1  1  2  0  1.398 0.000
42  1  1  3  174   23   43   54    1    2    0    0    0    0    0  1  1  1  1.573 0.000
42  1  1  3  175    4   44   65    0    2    0    0    1    0    1  2  2  1  0.972 0.000
42  1  1  3  176   33   43   63    2    2    0    0    0    1    1  1  1  1  0.716 0.000
42  1  1  3  177   32   42   62    4    2    0    0    0    1    1  1  1  1  0.742 0.000
42  1  1  3  178   26   46   66    0    1    1    1    0    0    0  3  3  1  0.623 0.000
42  1  1  3  179   15   45   42    1    2    1    0    1    1    0  2  2  1  0.780 0.000
42  1  1  3  180   39   49   56    2    1    1    1    0    1    1  4  4  1  0.636 0.000
42  1  1  3  181   25   45   67    3    2    1    0    0    0    0  1  1  1  0.777 0.000
42  1  1  3  182   18   48   35    0    0    1    1    1    1    0  4  2  0  0.969 0.000
42  1  1  3  183   38   48    1    1    0    1    0    0    1    1  1  4  0  1.799 0.000
42  1  1  3  184   28   48   26    4    0    1    1    0    0    0  3  4  0  1.334 0.000
42  1  1  3  185    9   49   59    2    1    1    0    1    0    1  2  2  1  0.808 0.000
42  1  1  3  186   16   46   12    0    1    1    1    1    1    0  4  4  1  0.646 0.000
42  1  1  3  187    2   42   69    3    2    0    1    1    0    1  3  3  1  1.122 0.000
42  1  1  3  188   24   44   58    4    2    0    1    0    0    0  3  3  1  0.740 0.000
42  1  1  3  189    1   41   56    2    2    0    1    1    0    1  3  3  1  0.957 0.000
42  1  1  3  190   10   40   41    1    1    0    1    1    1    0  4  4  1  0.781 0.000
42  1  1  3  191   20   40   15    4    1    0    1    0    0    0  3  3  1  0.764 0.000
42  1  1  3  192   12   42   75    2    2    0    1    1    1    0  4  4  1  0.924 0.000
42  1  1  3  193   13   43   26    3    2    0    1    1    1    0  4  4  1  0.830 0.000
42  1  1  3  194   31   41   10    4    2    0    1    0    1    1  4  4  1  1.084 0.000
42  1  1  3  195    3   43   15    0    2    0    1    1    0    1  3  3  1  1.222 0.000
42  1  1  3  196    0   40   50    1    1    0    1    1    0    1  3  3  1  0.980 0.000
42  1  1  3  197   36   46    2    2    1    1    0    0    1    1  1  1  1  1.052 0.000
42  1  1  3  198   14   44   40    4    2    0    0    1    1    0  2  2  1  0.920 0.000
42  1  1  3  199   19   49   55    0    1    1    1    1    1    0  4  4  1  1.113 0.000
42  1  1  3  200   34   44   65    3    2    0    1    0    1    1  4  4  1  0.771 0.000
42  1  1  3  201   22   42    9    1    2    0    1    0    0    0  3  3  1  0.979 0.000
42  1  1  3  202    8   48    2    4    1    1    0    1    0    1  2  2  1  1.090 0.000
42  1  1  3  203   35   45   76    0    2    1    1    0    1    1  4  4  1  0.661 0.000
42  1  1  3  204   30   40    9    1    1    0    1    0    1    1  4  4  1  0.993 0.000
42  1  1  3  205   29   49    2    4    1    1    0    0    0    0  1  1  1  1.080 0.000
42  1  1  3  206   17   47   68    2    1    1    1    1    1    0  4  4  1  0.771 0.000
42  1  1  3  207   21   41    8    3    2    0    1    0    0    0  3  3  1  0.747 0.000
42  1  1  3  208    5   45   38    4    0    1    0    1    0    1  2  1  0  0.812 0.000
42  1  1  3  209    6   46   32    2    0    1    1    1    0    1  3  4  0  0.850 0.000
42  1  1  3  210   27   47    5    0    1    1    0    0    0    0  1  1  1  1.238 0.000
42  1  1  3  211    7   47   37    3    1    1    1    1    0    1  3  3  1  0.899 0.000
42  1  1  3  212   11   41   10    4    2    0    1    1    1    0  4  4  1  0.654 0.000
42  1  2  3  213   26   56   16    7    0    1    0    0    0    0  1  1  1  0.946 0.000
42  1  2  3  214    7   57   51    7    0    1    1    1    0    1  3  4  0  1.215 0.000
42  1  2  3  215   32   52   77    7    0    0    1    0    1    1  4  4  1  1.525 0.000
42  1  2  3  216   39   59    6    7    0    1    0    0    1    1  1  4  1  0.788 0.000
42  1  2  3  217    5   55   18    7    0    1    1    1    0    1  3  1  0  0.831 0.000
42  1  2  3  218   10   50   65    7    0    0    1    1    1    0  4  2  1  1.148 0.000
42  1  2  3  219    6   56   62    7    0    1    0    1    0    1  2  2  1  0.714 0.000
42  1  2  3  220   18   58    1    7    0    1    1    1    1    0  4  2  1  1.025 0.000
42  1  2  3  221   21   51   72    7    0    0    1    0    0    0  3  3  1  1.331 0.000
42  1  2  3  222   15   55    4    7    0    1    0    1    1    0  2  4  1  0.794 0.000
42  1  2  3  223   24   54   25    7    0    0    0    0    0    0  1  1  1  1.012 0.000
42  1  2  3  224    0   50   68    7    0    0    0    1    0    1  2  3  1  1.007 0.000
42  1  2  3  225   28   58   60    7    0    1    1    0    0    0  3  3  1  0.994 0.000
42  1  2  3  226    1   51   60    7    0    0    1    1    0    1  3  4  0  1.014 0.000
42  1  2  3  227   19   59   71    7    0    1    0    1    1    0  2  3  0  0.972 0.000
42  1  2  3  228   16   56   15    7    0    1    1    1    1    0  4  1  0  0.979 0.000
42  1  2  3  229   25   55   33    7    0    1    0    0    0    0  1  1  1  0.835 0.000
42  1  2  3  230    3   53    8    7    0    0    0    1    0    1  2  3  1  0.941 0.000
42  1  2  3  231    8   58   58    7    0    1    1    1    0    1  3  3  1  0.761 0.000
42  1  2  3  232    9   59    4    7    0    1    0    1    0    1  2  2  1  0.982 0.000
42  1  2  3  233   22   52   76    7    0    0    0    0    0    0  1  1  1  0.803 0.000
42  1  2  3  234   34   54   12    7    0    0    0    0    1    1  1  1  1  1.334 0.000
42  1  2  3  235   17   57   16    7    0    1    1    1    1    0  4  4  1  0.963 0.000
42  1  2  3  236   20   50   13    7    0    0    1    0    0    0  3  1  1  0.744 0.000
42  1  2  3  237   13   53   36    7    0    0    1    1    1    0  4  4  1  0.661 0.000
42  1  2  3  238   35   55   69    7    0    1    0    0    1    1  1  4  1  0.798 0.000
42  1  2  3  239   30   50   20    7    0    0    0    0    1    1  1  1  1  0.914 0.000
42  1  2  3  240   31   51   54    7    0    0    0    0    1    1  1  4  1  0.864 0.000
42  1  2  3  241   29   59   14    7    0    1    1    0    0    0  3  1  1  0.833 0.000
42  1  2  3  242   38   58   48    7    0    1    0    0    1    1  1  1  1  0.795 0.000
42  1  2  3  243   36   56   26    7    0    1    1    0    1    1  4  1  1  0.863 0.000
42  1  2  3  244   12   52   73    7    0    0    1    1    1    0  4  4  1  0.598 0.000
42  1  2  3  245    4   54    5    7    0    0    1    1    0    1  3  3  1  0.818 0.000
42  1  2  3  246   23   53   24    7    0    0    1    0    0    0  3  1  1  1.013 0.000
42  1  2  3  247    2   52   49    7    0    0    1    1    0    1  3  3  1  0.976 0.000
42  1  2  3  248   27   57   38    7    0    1    0    0    0    0  1  1  1  0.740 0.000
42  1  2  3  249   33   53    3    7    0    0    0    0    1    1  1  1  1  0.633 0.000
42  1  2  3  250   11   51   63    7    0    0    0    1    1    0  2  3  0  0.971 0.000
42  1  2  3  251   14   54   76    7    0    0    0    1    1    0  2  2  1  0.979 0.000
42  1  2  3  252   37   57   14    7    0    1    1    0    1    1  4  4  1  0.735 0.000
42  1  1  4  253   21   61   77    4    2    0    1    0    0    0  3  3  1  0.752 0.000
42  1  1  4  254   14   64   21    2    2    0    1    1    1    0  4  4  1  0.744 0.000
42  1  1  4  255    4   64   67    1    2    0    1    1    0    1  3  3  1  1.128 0.000
42  1  1  4  256   28   68   64    4    1    1    0    0    0    0  1  1  1  0.882 0.000
42  1  1  4  257   12   62    5    3    2    0    0    1    1    0  2  2  1  1.198 0.000
42  1  1  4  258   10   60   67    2    1    0    0    1    1    0  2  2  1  1.229 0.000
42  1  1  4  259   31   61   29    4    0    0    0    0    1    1  1  2  0  1.234 0.000
42  1  1  4  260    7   67   14    3    1    1    1    1    0    1  3  3  1  0.775 0.000
42  1  1  4  261   11   61   78    1    0    0    1    1    1    0  4  3  0  1.095 0.000
42  1  1  4  262   23   63   50    4    2    0    1    0    0    0  3  3  1  0.946 0.000
42  1  1  4  263   15   65   62    2    2    1    0    1    1    0  2  2  1  0.946 0.000
42  1  1  4  264   32   62   67    3    0    0    0    0    1    1  1  2  0  0.891 0.000
42  1  1  4  265    9   69   16    1    1    1    1    1    0    1  3  3  1  0.854 0.000
42  1  1  4  266   39   69   32    0    0    1    0    0    1    1  1  2  0  1.138 0.000
42  1  1  4  267   36   66   78    2    1    1    1    0    1    1  4  4  1  0.898 0.000
42  1  1  4  268   37   67   52    1    1    1    0    0    1    1  1  1  1  0.910 0.000
42  1  1  4  269    1   61   35    3    0    0    0    1    0    1  2  1  0  0.608 0.000
42  1  1  4  270    8   68    0    2    1    1    1    1    0    1  3  3  1  0.662 0.000
42  1  1  4  271   38   68   68    1    1    1    0    0    1    1  1  1  1  0.866 0.000
42  1  1  4  272   35   65   27    4    2    1    1    0    1    1  4  4  1  0.822 0.000
42  1  1  4  273   29   69   63    2    1    1    0    0    0    0  1  1  1  1.236 0.000
42  1  1  4  274   18   68   58    3    1    1    1    1    1    0  4  4  1  1.056 0.000
42  1  1  4  275    3   63   72    0    2    0    1    1    0    1  3  3  1  1.028 0.000
42  1  1  4  276   27   67   49    2    1    1    0    0    0    0  1  1  1  0.610 0.000
42  1  1  4  277   13   63   49    4    2    0    0    1    1    0  2  2  1  1.217 0.000
42  1  1  4  278   34   64   55    3    2    0    0    0    1    1  1  1  1  1.189 0.000
42  1  1  4  279   17   67   47    0    1    1    1    1    1    0  4  4  1  0.604 0.000
42  1  1  4  280   16   66   20    1    1    1    0    1    1    0  2  2  1  1.435 0.000
42  1  1  4  281    2   62   17    2    2    0    0    1    0    1  2  2  1  0.976 0.000
42  1  1  4  282   26   66   57    3    1    1    1    0    0    0  3  3  1  0.815 0.000
42  1  1  4  283   20   60   55    0    1    0    1    0    0    0  3  3  1  0.861 0.000
42  1  1  4  284   24   64   56    1    2    0    1    0    0    0  3  3  1  1.993 0.000
42  1  1  4  285   33   63   23    2    2    0    1    0    1    1  4  4  1  1.721 0.000
42  1  1  4  286    5   65   52    4    2    1    0    1    0    1  2  2  1  1.089 0.000
42  1  1  4  287    0   60   24    1    0    0    0    1    0    1  2  1  0  1.677 0.000
42  1  1  4  288   30   60   18    0    0    0    0    0    1    1  1  2  0  0.752 0.000
42  1  1  4  289    6   66   42    3    1    1    1    1    0    1  3  3  1  1.256 0.000
42  1  1  4  290   25   65   30    4    2    1    0    0    0    0  1  1  1  0.756 0.000
42  1  1  4  291   22   62   35    0    2    0    0    0    0    0  1  1  1  0.797 0.000
42  1  1  4  292   19   69   44    1    1    1    1    1    1    0  4  4  1  0.732 0.000
42  1  2  4  293    2   72   43    7    0    0    1    1    0    1  3  3  1  0.836 0.000
42  1  2  4  294   22   72   46    7    0    0    1    0    0    0  3  3  1  1.166 0.000
42  1  2  4  295   31   71   33    7    0    0    1    0    1    1  4  1  1  0.739 0.000
42  1  2  4  296    1   71   29    7    0    0    1    1    0    1  3  2  1  1.560 0.000
42  1  2  4  297   28   78   28    7    0    1    0    0    0    0  1  1  1  0.892 0.000
42  1  2  4  298   35   75   16    7    0    1    1    0    1    1  4  4  1  0.980 0.000
42  1  2  4  299    5   75   75    7    0    1    0    1    0    1  2  2  1  0.936 0.000
42  1  2  4  300   13   73    0    7    0    0    0    1    1    0  2  3  0  1.406 0.000
42  1  2  4  301   37   77   41    7    0    1    1    0    1    1  4  4  1  1.141 0.000
42  1  2  4  302    9   79   76    7    0    1    0    1    0    1  2  3  1  0.705 0.000
42  1  2  4  303   18   78    3    7    0    1    1    1    1    0  4  4  1  0.768 0.000
42  1  2  4  304    4   74   13    7    0    0    1    1    0    1  3  2  1  1.277 0.000
42  1  2  4  305    6   76   71    7    0    1    0    1    0    1  2  2  1  0.765 0.000
42  1  2  4  306    8   78   26    7    0    1    1    1    0    1  3  3  1  0.729 0.000
42  1  2  4  307   23   73    0    7    0    0    1    0    0    0  3  3  1  1.111 0.000
42  1  2  4  308   24   74   32    7    0    0    1    0    0    0  3  1  1  0.878 0.000
42  1  2  4  309   10   70   28    7    0    0    1    1    1    0  4  2  1  1.415 0.000
42  1  2  4  310   14   74   24    7    0    0    1    1    1    0  4  2  1  0.897 0.000
42  1  2  4  311   25   75   70    7    0    1    0    0    0    0  1  3  1  0.929 0.000
42  1  2  4  312   15   75   64    7    0    1    1    1    1    0  4  2  1  0.623 0.000
42  1  2  4  313   39   79   57    7    0    1    0    0    1    1  1  4  1  0.873 0.000
42  1  2  4  314   11   71   59    7    0    0    0    1    1    0  2  4  1  0.738 0.000
42  1  2  4  315   20   70   47    7    0    0    0    0    0    0  1  3  1  0.822 0.000
42  1  2  4  316   19   79   17    7    0    1    1    1    1    0  4  2  1  0.993 0.000
42  1  2  4  317   17   77   48    7    0    1    0    1    1    0  2  2  1  0.548 0.000
42  1  2  4  318   12   72   39    7    0    0    0    1    1    0  2  4  1  1.322 0.000
42  1  2  4  319   26   76   75    7    0    1    1    0    0    0  3  1  1  0.767 0.000
42  1  2  4  320   21   71   36    7    0    0    1    0    0    0  3  1  1  0.644 0.000
42  1  2  4  321    7   77   55    7    0    1    0    1    0    1  2  3  1  1.029 0.000
42  1  2  4  322   16   76   74    7    0    1    1    1    1    0  4  4  1  0.960 0.000
42  1  2  4  323   36   76   70    7    0    1    0    0    1    1  1  4  1  0.677 0.000
42  1  2  4  324   30   70   66    7    0    0    0    0    1    1  1  1  1  1.068 0.000
42  1  2  4  325   27   77    7    7    0    1    1    0    0    0  3  1  1  0.661 0.000
42  1  2  4  326   32   72   11    7    0    0    1    0    1    1  4  1  1  0.942 0.000
42  1  2  4  327   33   73   43    7    0    0    1    0    1    1  4  3  0  1.739 0.000
42  1  2  4  328   29   79   23    7    0    1    0    0    0    0  1  3  1  0.699 0.000
42  1  2  4  329   38   78   15    7    0    1    1    0    1    1  4  4  1  1.179 0.000
42  1  2  4  330    0   70   57    7    0    0    1    1    0    1  3  3  1  0.759 0.000
42  1  2  4  331   34   74   40    7    0    0    1    0    1    1  4  1  1  1.028 0.000
42  1  2  4  332    3   73   31    7    0    0    1    1    0    1  3  3  1  0.725 0.000
