48  0  0  0    1    0   -1   66    1    0    1    0    1    0    1  2  1  0  1.738 0.000
48  0  0  0    2    0   -1   66    3    0    0    0    1    0    1  2  1  0  1.467 0.000
48  0  0  0    3    0   -1   66    0    0    0    0    0    0    0  1  2  0  0.870 0.000
48  0  0  0    4    0   -1   66    4    0    0    0    0    0    0  1  1  1  1.377 0.000
48  0  0  0    5    0   -1   66    2    0    0    0    0    1    1  1  1  1  1.006 0.000
48  0  0  0    6    0   -1   66    1    0    0    0    1    0    1  2  2  1  0.833 0.000
48  0  0  0    7    0   -1   66    4    0    1    1    0    1    1  4  4  1  1.419 0.000
48  0  0  0    8    0   -1   66    3    0    1    0    0    1    1  1  2  0  1.173 0.000
48  0  0  0    9    0   -1   66    1    0    1    1    1    0    1  3  4  0  1.244 0.000
48  0  0  0   10    0   -1   66    4    0    0    1    1    1    0  4  4  1  1.786 0.000
48  0  0  0   11    0   -1   66    3    0    0    1    0    0    0  3  3  1  0.796 0.000
48  0  0  0   12    0   -1   66    0    0    1    0    1    1    0  2  2  1  0.664 0.000
48  0  1  1   13    2    2    7    4    2    0    0    1    0    1  2  2  1  0.769 0.000
48  0  1  1   14    9    9   32    3    1    1    1    1    0    1  3  3  1  0.713 0.000
48  0  1  1   15   14    4    6    1    2    0    1    1    1    0  4  4  1  2.179 0.000
48  0  1  1   16   18    8    5    0    1    1    0    1    1    0  2  2  1  0.689 0.000
48  0  1  1   17   16    6   47    3    0    1    1    1    1    0  4  3  0  1.101 0.000
48  0  1  1   18   19    9   16    4    1    1    0    1    1    0  2  2  1  0.671 0.000
48  0  1  1   19    6    6    2    2    1    1    1    1    0    1  3  3  1  0.843 0.000
48  0  1  1   20   17    7   61    1    1    1    0    1    1    0  2  2  1  0.615 0.000
48  0  1  1   21   28    8   48    3    1    1    1    0    0    0  3  3  1  1.502 0.000
48  0  1  1   22   36    6   16    0    1    1    0    0    1    1  1  1  1  0.680 0.000
48  0  1  1   23    0    0   41    2    1    0    0    1    0    1  2  2  1  0.548 0.000
48  0  1  1   24    1    1    5    4    2    0    0    1    0    1  2  2  1  0.884 0.000
48  0  1  1   25   26    6   56    3    1    1    1    0    0    0  3  3  1  0.719 0.000
48  0  1  1   26   11    1   19    2    2    0    1    1    1    0  4  4  1  0.537 0.000
48  0  1  1   27   30    0   31    1    1    0    1    0    1    1  4  4  1  0.674 0.000
48  0  1  1   28   27    7   62    4    1    1    0    0    0    0  1  1  1  0.636 0.000
48  0  1  1   29   29    9   75    2    1    1    1    0    0    0  3  3  1  1.385 0.000
48  0  1  1   30   37    7    2    0    1    1    0    0    1    1  1  1  1  0.592 0.000
48  0  1  1   31   35    5   41    4    2    1    1    0    1    1  4  4  1  0.927 0.000
48  0  1  1   32    4    4    1    2    2    0    1    1    0    1  3  3  1  0.495 0.000
48  0  1  1   33    8    8   50    0    1    1    0    1    0    1  2  2  1  0.674 0.000
48  0  1  1   34   39    9   60    4    1    1    1    0    1    1  4  4  1  0.646 0.000
48  0  1  1   35   20    0    0    2    1    0    1    0    0    0  3  3  1  0.651 0.000
48  0  1  1   36   12    2   26    1    2    0    1    1    1    0  4  4  1  0.622 0.000
48  0  1  1   37   23    3   41    0    2    0    1    0    0    0  3  3  1  0.628 0.000
48  0  1  1   38   10    0   77    3    1    0    1    1    1    0  4  4  1  0.650 0.000
48  0  1  1   39   13    3   25    4    2    0    1    1    1    0  4  4  1  0.735 0.000
48  0  1  1   40    3    3    3    0    2    0    1    1    0    1  3  3  1  2.039 0.000
48  0  1  1   41   24    4    9    1    2    0    1    0    0    0  3  3  1  1.012 0.000
48  0  1  1   42   25    5   40    2    2    1    0    0    0    0  1  1  1  0.762 0.000
48  0  1  1   43   21    1   45    0    2    0    0    0    0    0  1  1  1  0.650 0.000
48  0  1  1   44   22    2   59    3    2    0    0    0    0    0  1  1  1  0.565 0.000
48  0  1  1   45   32    2   73    2    2    0    0    0    1    1  1  1  1  0.582 0.000
48  0  1  1   46   38    8   69    1    1    1    1    0    1    1  4  4  1  0.781 0.000
48  0  1  1   47    5    5    8    3    2    1    0    1    0    1  2  2  1  0.661 0.000
48  0  1  1   48   31    1   14    0    2    0    0    0    1    1  1  1  1  0.656 0.000
48  0  1  1   49   34    4    4    1    2    0    0    0    1    1  1  1  1  0.620 0.000
48  0  1  1   50    7    7   40    3    1    1    1    1    0    1  3  3  1  0.634 0.000
48  0  1  1   51   33    3   20    2    2    0    1    0    1    1  4  4  1  0.631 0.000
48  0  1  1   52   15    5   79    1    2    1    0    1    1    0  2  2  1  0.627 0.000
48  0  2  1   53   23   13   50    7    0    0    0    0    0    0  1  3  1  0.714 0.000
48  0  2  1   54   11   11   38    7    0    0    0    1    1    0  2  4  1  0.713 0.000
48  0  2  1   55   14   14   40    7    0    0    0    1    1    0  2  2  1  0.928 0.000
48  0  2  1   56   39   19   63    7    0    1    1    0    1    1  4  4  1  0.566 0.000
48  0  2  1   57   24   14    4    7    0    0    1    0    0    0  3  1  1  0.826 0.000
48  0  2  1   58    1   11   78    7    0    0    1    1    0    1  3  2  1  0.836 0.000
48  0  2  1   59   25   15   72    7    0    1    0    0    0    0  1  1  1  0.830 0.000
48  0  2  1   60   32   12   64    7    0    0    0    0    1    1  1  4  1  0.608 0.000
48  0  2  1   61   29   19   43    7    0    1    1    0    0    0  3  3  1  0.579 0.000
48  0  2  1   62   31   11   79    7    0    0    1    0    1    1  4  4  1  0.630 0.000
48  0  2  1   63   33   13   45    7    0    0    1    0    1    1  4  4  1  0.864 0.000
48  0  2  1   64    5   15   55    7    0    1    0    1    0    1  2  2  1  0.753 0.000
48  0  2  1   65    8   18   72    7    0    1    1    1    0    1  3  2  1  0.766 0.000
48  0  2  1   66   13   13   52    7    0    0    1    1    1    0  4  4  1  1.210 0.000
48  0  2  1   67   35   15   78    7    0    1    0    0    1    1  1  4  1  0.677 0.000
48  0  2  1   68    4   14    0    7    0    0    0    1    0    1  2  3  1  0.845 0.000
48  0  2  1   69    3   13   65    7    0    0    0    1    0    1  2  3  1  0.647 0.000
48  0  2  1   70   16   16   46    7    0    1    1    1    1    0  4  2  1  0.632 0.000
48  0  2  1   71   26   16   21    7    0    1    0    0    0    0  1  3  1  1.081 0.000
48  0  2  1   72    7   17   45    7    0    1    1    1    0    1  3  2  1  0.802 0.000
48  0  2  1   73   17   17   36    7    0    1    0    1    1    0  2  4  1  0.565 0.000
48  0  2  1   74    9   19   51    7    0    1    1    1    0    1  3  3  1  1.082 0.000
48  0  2  1   75   27   17   38    7    0    1    0    0    0    0  1  3  1  0.729 0.000
48  0  2  1   76   20   10    5    7    0    0    0    0    0    0  1  3  1  0.719 0.000
48  0  2  1   77   36   16   39    7    0    1    1    0    1    1  4  1  1  1.533 0.000
48  0  2  1   78   22   12   20    7    0    0    1    0    0    0  3  1  1  1.155 0.000
48  0  2  1   79    0   10   12    7    0    0    1    1    0    1  3  3  1  1.127 0.000
48  0  2  1   80   38   18   12    7    0    1    0    0    1    1  1  1  1  0.677 0.000
48  0  2  1   81   10   10   37    7    0    0    0    1    1    0  2  2  1  0.957 0.000
48  0  2  1   82   34   14   30    7    0    0    0    0    1    1  1  1  1  0.730 0.000
48  0  2  1   83   28   18   57    7    0    1    1    0    0    0  3  3  1  0.672 0.000
48  0  2  1   84   30   10   55    7    0    0    1    0    1    1  4  4  1  0.712 0.000
48  0  2  1   85    6   16   64    7    0    1    0    1    0    1  2  2  1  0.567 0.000
48  0  2  1   86   37   17   23    7    0    1    1    0    1    1  4  4  1  1.315 0.000
48  0  2  1   87   12   12    9    7    0    0    1    1    1    0  4  4  1  0.730 0.000
48  0  2  1   88    2   12   17    7    0    0    1    1    0    1  3  2  1  0.823 0.000
48  0  2  1   89   19   19   62    7    0    1    0    1    1    0  2  2  1  0.937 0.000
48  0  2  1   90   15   15   51    7    0    1    1    1    1    0  4  4  1  0.607 0.000
48  0  2  1   91   18   18   17    7    0    1    0    1    1    0  2  3  0  0.922 0.000
48  0  2  1   92   21   11   69    7    0    0    0    0    0    0  1  3  1  0.763 0.000
48  0  1  2   93   24   24   73    1    2    0    0    0    0    0  1  1  1  0.658 0.000
48  0  1  2   94   30   20   53    3    1    0    0    0    1    1  1  1  1  0.727 0.000
48  0  1  2   95   34   24   35    2    2    0    0    0    1    1  1  1  1  0.840 0.000
48  0  1  2   96   28   28   35    0    1    1    1    0    0    0  3  3  1  0.597 0.000
48  0  1  2   97   27   27   14    4    1    1    0    0    0    0  1  1  1  0.547 0.000
48  0  1  2   98   33   23   54    2    2    0    0    0    1    1  1  1  1  0.708 0.000
48  0  1  2   99    8   28   79    3    1    1    1    1    0    1  3  3  1  0.502 0.000
48  0  1  2  100   17   27   76    0    1    1    0    1    1    0  2  2  1  0.969 0.000
48  0  1  2  101   32   22   56    2    2    0    0    0    1    1  1  1  1  0.727 0.000
48  0  1  2  102   20   20    1    1    1    0    0    0    0    0  1  1  1  0.601 0.000
48  0  1  2  103   13   23    7    3    0    0    0    1    1    0  2  1  0  0.103 0.000
48  0  1  2  104    6   26   13    4    1    1    1    1    0    1  3  3  1  0.897 0.000
48  0  1  2  105   21   21   15    1    2    0    1    0    0    0  3  3  1  0.819 0.000
48  0  1  2  106   37   27   17    2    1    1    0    0    1    1  1  1  1  0.585 0.000
48  0  1  2  107   25   25   70    0    2    1    1    0    0    0  3  3  1  0.856 0.000
48  0  1  2  108   18   28   60    4    1    1    0    1    1    0  2  2  1  0.636 0.000
48  0  1  2  109   16   26   74    1    0    1    1    1    1    0  4  3  0  0.920 0.000
48  0  1  2  110   39   29   33    0    1    1    0    0    1    1  1  1  1  0.706 0.000
48  0  1  2  111   10   20    4    2    1    0    0    1    1    0  2  2  1  0.548 0.000
48  0  1  2  112    2   22   27    4    2    0    0    1    0    1  2  2  1  0.629 0.000
48  0  1  2  113   36   26   40    3    1    1    1    0    1    1  4  4  1  0.659 0.000
48  0  1  2  114   35   25   28    2    2    1    0    0    1    1  1  1  1  0.670 0.000
48  0  1  2  115    7   27   59    0    1    1    1    1    0    1  3  3  1  0.641 0.000
48  0  1  2  116   22   22   24    1    2    0    1    0    0    0  3  3  1  1.630 0.000
48  0  1  2  117   12   22   20    2    2    0    1    1    1    0  4  4  1  0.643 0.000
48  0  1  2  118   38   28   72    4    1    1    0    0    1    1  1  1  1  0.568 0.000
48  0  1  2  119   29   29   65    1    1    1    1    0    0    0  3  3  1  0.599 0.000
48  0  1  2  120    9   29   75    0    1    1    0    1    0    1  2  2  1  0.558 0.000
48  0  1  2  121   14   24   41    4    2    0    0    1    1    0  2  2  1  0.655 0.000
48  0  1  2  122    4   24   18    3    0    0    0    1    0    1  2  1  0  0.746 0.000
48  0  1  2  123    3   23   49    1    2    0    0    1    0    1  2  2  1  0.547 0.000
48  0  1  2  124   31   21   71    0    2    0    0    0    1    1  1  1  1  1.020 0.000
48  0  1  2  125   23   23   76    3    2    0    0    0    0    0  1  1  1  0.641 0.000
48  0  1  2  126   26   26   61    2    1    1    1    0    0    0  3  3  1  0.653 0.000
48  0  1  2  127   19   29   49    1    1    1    0    1    1    0  2  2  1  0.722 0.000
48  0  1  2  128    1   21   30    0    2    0    0    1    0    1  2  2  1  0.907 0.000
48  0  1  2  129   15   25   34    2    2    1    1    1    1    0  4  4  1  0.693 0.000
48  0  1  2  130    5   25   16    1    2    1    0    1    0    1  2  2  1  0.543 0.000
48  0  1  2  131   11   21   72    4    2    0    0    1    1    0  2  2  1  0.528 0.000
48  0  1  2  132    0   20   71    3    1    0    0    1    0    1  2  2  1  0.626 0.000
48  0  2  2  133   33   33   38    7    0    0    0    0    1    1  1  1  1  1.264 0.000
48  0  2  2  134    5   35   46    7    0    1    1    1    0    1  3  2  1  0.679 0.000
48  0  2  2  135   30   30   65    7    0    0    1    0    1    1  4  4  1  0.848 0.000
48  0  2  2  136   21   31   51    7    0    0    1    0    0    0  3  1  1  1.041 0.000
48  0  2  2  137   18   38   11    7    0    1    0    1    1    0  2  2  1  0.891 0.000
48  0  2  2  138    9   39   21    7    0    1    1    1    0    1  3  2  1  0.745 0.000
48  0  2  2  139    3   33   52    7    0    0    1    1    0    1  3  3  1  0.671 0.000
48  0  2  2  140   31   31   18    7    0    0    1    0    1    1  4  1  1  0.751 0.000
48  0  2  2  141   38   38   13    7    0    1    0    0    1    1  1  4  1  0.740 0.000
48  0  2  2  142   29   39   58    7    0    1    1    0    0    0  3  3  1  0.770 0.000
48  0  2  2  143   36   36    3    7    0    1    0    0    1    1  1  4  1  0.669 0.000
48  0  2  2  144   32   32   52    7    0    0    0    0    1    1  1  4  1  0.965 0.000
48  0  2  2  145   25   35   13    7    0    1    1    0    0    0  3  1  1  0.938 0.000
48  0  2  2  146   35   35   10    7    0    1    0    0    1    1  1  1  1  0.736 0.000
48  0  2  2  147    4   34   29    7    0    0    0    1    0    1  2  3  1  0.548 0.000
48  0  2  2  148   24   34    6    7    0    0    0    0    0    0  1  1  1  0.714 0.000
48  0  2  2  149   16   36   39    7    0    1    1    1    1    0  4  2  1  0.865 0.000
48  0  2  2  150   22   32   29    7    0    0    1    0    0    0  3  1  1  0.754 0.000
48  0  2  2  151   20   30   32    7    0    0    1    0    0    0  3  1  1  0.719 0.000
48  0  2  2  152   26   36   78    7    0    1    0    0    0    0  1  3  1  0.764 0.000
48  0  2  2  153    6   36   57    7    0    1    1    1    0    1  3  2  1  0.697 0.000
48  0  2  2  154    2   32   76    7    0    0    1    1    0    1  3  2  1  0.728 0.000
48  0  2  2  155   19   39   48    7    0    1    0    1    1    0  2  4  1  0.638 0.000
48  0  2  2  156   39   39   58    7    0    1    1    0    1    1  4  4  1  0.696 0.000
48  0  2  2  157   27   37   30    7    0    1    0    0    0    0  1  3  1  1.031 0.000
48  0  2  2  158   34   34   74    7    0    0    0    0    1    1  1  4  1  0.801 0.000
48  0  2  2  159   14   34   54    7    0    0    0    1    1    0  2  2  1  0.684 0.000
48  0  2  2  160   12   32   29    7    0    0    0    1    1    0  2  2  1  0.763 0.000
48  0  2  2  161    1   31   66    7    0    0    0    1    0    1  2  3  1  0.679 0.000
48  0  2  2  162   17   37   53    7    0    1    1    1    1    0  4  4  1  1.296 0.000
48  0  2  2  163   23   33   36    7    0    0    1    0    0    0  3  3  1  0.591 0.000
48  0  2  2  164    0   30   70    7    0    0    1    1    0    1  3  2  1  0.595 0.000
48  0  2  2  165    7   37   26    7    0    1    0    1    0    1  2  2  1  0.725 0.000
48  0  2  2  166   15   35   18    7    0    1    1    1    1    0  4  2  1  0.667 0.000
48  0  2  2  167    8   38   14    7    0    1    0    1    0    1  2  3  1  0.628 0.000
48  0  2  2  168   37   37   66    7    0    1    1    0    1    1  4  1  1  1.294 0.000
48  0  2  2  169   10   30   71    7    0    0    1    1    1    0  4  4  1  1.462 0.000
48  0  2  2  170   28   38   47    7    0    1    0    0    0    0  1  1  1  1.381 0.000
48  0  2  2  171   11   31   78    7    0    0    0    1    1    0  2  2  1  0.642 0.000
48  0  2  2  172   13   33   45    7    0    0    0    1    1    0  2  2  1  1.411 0.000
48  0  1  3  173    6   46   37    4    1    1    1    1    0    1  3  3  1  0.671 0.000
48  0  1  3  174   32   42   67    2    2    0    1    0    1    1  4  4  1  0.666 0.000
48  0  1  3  175   34   44   57    3    2    0    1    0    1    1  4  4  1  0.822 0.000
48  0  1  3  176    5   45   28    0    2    1    0    1    0    1  2  2  1  0.555 0.000
48  0  1  3  177   11   41   21    1    2    0    0    1    1    0  2  2  1  0.636 0.000
48  0  1  3  178    3   43   54    2    2    0    0    1    0    1  2  2  1  0.736 0.000
48  0  1  3  179    1   41   58    3    2    0    0    1    0    1  2  2  1  0.593 0.000
48  0  1  3  180   26   46   53    4    1    1    1    0    0    0  3  3  1  0.760 0.000
48  0  1  3  181   29   49   71    2    1    1    0    0    0    0  1  1  1  0.584 0.000
48  0  1  3  182   21   41   44    3    2    0    0    0    0    0  1  1  1  0.646 0.000
48  0  1  3  183   12   42   31    1    2    0    0    1    1    0  2  2  1  0.595 0.000
48  0  1  3  184   36   46   48    4    1    1    1    0    1    1  4  4  1  0.714 0.000
48  0  1  3  185   23   43   12    0    2    0    1    0    0    0  3  3  1  0.892 0.000
48  0  1  3  186   33   43   36    1    2    0    1    0    1    1  4  4  1  0.622 0.000
48  0  1  3  187   20   40    8    2    1    0    1    0    0    0  3  3  1  1.715 0.000
48  0  1  3  188    7   47   48    3    1    1    0    1    0    1  2  2  1  0.670 0.000
48  0  1  3  189    0   40   61    0    1    0    0    1    0    1  2  2  1  0.817 0.000
48  0  1  3  190   19   49   43    1    1    1    1    1    1    0  4  4  1  0.926 0.000
48  0  1  3  191   28   48   19    2    1    1    0    0    0    0  1  1  1  0.720 0.000
48  0  1  3  192   37   47   76    0    1    1    1    0    1    1  4  4  1  0.633 0.000
48  0  1  3  193   35   45    9    3    2    1    0    0    1    1  1  1  1  0.622 0.000
48  0  1  3  194   17   47   70    4    1    1    1    1    1    0  4  4  1  0.995 0.000
48  0  1  3  195   27   47   52    1    1    1    0    0    0    0  1  1  1  1.082 0.000
48  0  1  3  196   15   45   22    0    0    1    1    1    1    0  4  3  0  0.661 0.000
48  0  1  3  197   22   42   42    3    2    0    1    0    0    0  3  3  1  0.706 0.000
48  0  1  3  198    9   49   69    1    1    1    0    1    0    1  2  2  1  0.635 0.000
48  0  1  3  199    8   48   34    0    1    1    1    1    0    1  3  3  1  0.968 0.000
48  0  1  3  200    2   42   74    3    2    0    1    1    0    1  3  3  1  1.231 0.000
48  0  1  3  201   16   46   64    1    1    1    0    1    1    0  2  2  1  0.517 0.000
48  0  1  3  202   25   45   23    0    2    1    1    0    0    0  3  3  1  0.830 0.000
48  0  1  3  203   31   41   68    2    2    0    1    0    1    1  4  4  1  0.835 0.000
48  0  1  3  204   18   48   68    4    1    1    0    1    1    0  2  2  1  0.488 0.000
48  0  1  3  205    4   44   20    0    2    0    0    1    0    1  2  2  1  0.771 0.000
48  0  1  3  206   13   43   55    2    0    0    0    1    1    0  2  4  0  0.642 0.000
48  0  1  3  207   39   49   21    3    1    1    1    0    1    1  4  4  1  1.791 0.000
48  0  1  3  208   10   40   59    1    1    0    1    1    1    0  4  4  1  1.294 0.000
48  0  1  3  209   30   40   70    2    1    0    1    0    1    1  4  4  1  1.081 0.000
48  0  1  3  210   24   44   77    0    2    0    1    0    0    0  3  3  1  0.971 0.000
48  0  1  3  211   38   48    6    1    1    1    0    0    1    1  1  1  1  1.355 0.000
48  0  1  3  212   14   44   14    3    2    0    0    1    1    0  2  2  1  0.627 0.000
48  0  2  3  213   36   56   29    7    0    1    1    0    1    1  4  1  1  0.873 0.000
48  0  2  3  214   14   54    8    7    0    0    1    1    1    0  4  2  1  0.760 0.000
48  0  2  3  215   26   56   49    7    0    1    0    0    0    0  1  1  1  0.821 0.000
48  0  2  3  216   37   57   50    7    0    1    1    0    1    1  4  4  1  0.999 0.000
48  0  2  3  217    0   50   23    7    0    0    1    1    0    1  3  3  1  0.891 0.000
48  0  2  3  218   12   52   15    7    0    0    1    1    1    0  4  2  1  1.553 0.000
48  0  2  3  219   33   53   15    7    0    0    1    0    1    1  4  4  1  0.814 0.000
48  0  2  3  220   11   51   65    7    0    0    1    1    1    0  4  2  1  0.921 0.000
48  0  2  3  221   13   53    0    7    0    0    1    1    1    0  4  2  1  0.815 0.000
48  0  2  3  222   22   52   25    7    0    0    1    0    0    0  3  2  0  0.681 0.000
48  0  2  3  223   10   50   12    7    0    0    1    1    1    0  4  2  1  0.757 0.000
48  0  2  3  224   28   58   26    7    0    1    0    0    0    0  1  3  1  0.570 0.000
48  0  2  3  225   19   59   28    7    0    1    1    1    1    0  4  2  1  0.678 0.000
48  0  2  3  226   24   54   22    7    0    0    1    0    0    0  3  3  1  0.814 0.000
48  0  2  3  227    2   52    6    7    0    0    1    1    0    1  3  3  1  0.568 0.000
48  0  2  3  228    4   54   67    7    0    0    1    1    0    1  3  2  1  0.844 0.000
48  0  2  3  229   39   59   26    7    0    1    0    0    1    1  1  1  1  0.790 0.000
48  0  2  3  230   31   51    1    7    0    0    0    0    1    1  1  4  1  0.633 0.000
48  0  2  3  231    6   56   73    7    0    1    1    1    0    1  3  3  1  0.595 0.000
48  0  2  3  232   18   58   50    7    0    1    0    1    1    0  2  4  1  0.998 0.000
48  0  2  3  233   20   50   74    7    0    0    0    0    0    0  1  1  1  0.705 0.000
48  0  2  3  234   30   50   62    7    0    0    0    0    1    1  1  1  1  0.816 0.000
48  0  2  3  235   23   53   39    7    0    0    0    0    0    0  1  3  1  0.795 0.000
48  0  2  3  236   27   57   10    7    0    1    1    0    0    0  3  1  1  0.614 0.000
48  0  2  3  237    3   53   38    7    0    0    1    1    0    1  3  3  1  0.856 0.000
48  0  2  3  238    1   51    4    7    0    0    1    1    0    1  3  3  1  0.841 0.000
48  0  2  3  239   34   54   77    7    0    0    1    0    1    1  4  4  1  0.827 0.000
48  0  2  3  240    8   58   35    7    0    1    0    1    0    1  2  3  1  0.725 0.000
48  0  2  3  241    5   55   68    7    0    1    1    1    0    1  3  3  1  0.634 0.000
48  0  2  3  242   38   58   43    7    0    1    0    0    1    1  1  1  1  0.868 0.000
48  0  2  3  243   21   51   46    7    0    0    0    0    0    0  1  1  1  0.700 0.000
48  0  2  3  244   29   59   60    7    0    1    1    0    0    0  3  1  1  0.667 0.000
48  0  2  3  245   32   52   25    7    0    0    1    0    1    1  4  4  1  0.842 0.000
48  0  2  3  246   25   55    2    7    0    1    0    0    0    0  1  1  1  0.604 0.000
48  0  2  3  247   35   55   61    7    0    1    1    0    1    1  4  4  1  0.639 0.000
48  0  2  3  248   17   57   10    7    0    1    0    1    1    0  2  4  1  0.840 0.000
48  0  2  3  249   16   56   42    7    0    1    1    1    1    0  4  2  1  0.906 0.000
48  0  2  3  250   15   55   27    7    0    1    0    1    1    0  2  2  1  0.648 0.000
48  0  2  3  251    7   57   56    7    0    1    1    1    0    1  3  2  1  0.601 0.000
48  0  2  3  252    9   59   53    7    0    1    0    1    0    1  2  2  1  0.916 0.000
48  0  1  4  253   26   66   33    1    1    1    1    0    0    0  3  3  1  0.869 0.000
48  0  1  4  254   31   61    5    0    2    0    1    0    1    1  4  4  1  0.632 0.000
48  0  1  4  255   38   68   22    3    1    1    0    0    1    1  1  1  1  0.693 0.000
48  0  1  4  256   11   61   69    2    2    0    0    1    1    0  2  2  1  0.544 0.000
48  0  1  4  257   18   68   32    1    1    1    1    1    1    0  4  4  1  0.656 0.000
48  0  1  4  258   23   63   27    3    2    0    1    0    0    0  3  3  1  0.589 0.000
48  0  1  4  259   14   64   13    0    2    0    1    1    1    0  4  4  1  0.907 0.000
48  0  1  4  260   37   67   49    4    1    1    0    0    1    1  1  1  1  0.581 0.000
48  0  1  4  261    4   64   42    1    0    0    0    1    0    1  2  1  0  0.869 0.000
48  0  1  4  262    2   62   15    3    2    0    0    1    0    1  2  2  1  0.816 0.000
48  0  1  4  263   30   60   19    2    1    0    0    0    1    1  1  1  1  0.701 0.000
48  0  1  4  264   34   64   59    0    2    0    0    0    1    1  1  1  1  0.656 0.000
48  0  1  4  265   12   62    2    4    2    0    0    1    1    0  2  2  1  0.924 0.000
48  0  1  4  266   17   67   33    2    1    1    1    1    1    0  4  4  1  0.654 0.000
48  0  1  4  267   28   68    7    3    1    1    0    0    0    0  1  1  1  0.665 0.000
48  0  1  4  268   16   66   58    1    1    1    1    1    1    0  4  4  1  1.501 0.000
48  0  1  4  269   39   69   27    0    1    1    0    0    1    1  1  1  1  0.599 0.000
48  0  1  4  270   24   64   31    2    2    0    0    0    0    0  1  1  1  0.670 0.000
48  0  1  4  271   35   65    7    1    2    1    1    0    1    1  4  4  1  0.656 0.000
48  0  1  4  272   19   69   56    3    1    1    0    1    1    0  2  2  1  0.581 0.000
48  0  1  4  273    9   69   33    0    1    1    1    1    0    1  3  3  1  0.516 0.000
48  0  1  4  274   10   60   44    1    1    0    1    1    1    0  4  4  1  0.542 0.000
48  0  1  4  275   36   66   51    4    1    1    0    0    1    1  1  1  1  0.887 0.000
48  0  1  4  276   15   65   57    2    2    1    1    1    1    0  4  4  1  0.648 0.000
48  0  1  4  277   13   63   63    0    2    0    1    1    1    0  4  4  1  0.653 0.000
48  0  1  4  278   29   69   28    1    1    1    0    0    0    0  1  1  1  0.601 0.000
48  0  1  4  279    6   66   31    4    1    1    1    1    0    1  3  3  1  0.832 0.000
48  0  1  4  280   21   61   37    0    2    0    1    0    0    0  3  3  1  0.732 0.000
48  0  1  4  281    1   61   43    2    2    0    1    1    0    1  3  3  1  0.790 0.000
48  0  1  4  282    7   67   63    1    1    1    0    1    0    1  2  2  1  0.653 0.000
48  0  1  4  283   27   67   79    0    1    1    1    0    0    0  3  3  1  0.673 0.000
48  0  1  4  284   33   63   44    2    2    0    1    0    1    1  4  4  1  0.691 0.000
48  0  1  4  285    5   65   62    3    2    1    0    1    0    1  2  2  1  0.646 0.000
48  0  1  4  286   32   62    8    0    2    0    0    0    1    1  1  1  1  0.603 0.000
48  0  1  4  287   25   65   54    1    2    1    1    0    0    0  3  3  1  0.914 0.000
48  0  1  4  288    3   63    9    2    2    0    1    1    0    1  3  3  1  0.627 0.000
48  0  1  4  289   20   60   17    3    1    0    1    0    0    0  3  3  1  0.696 0.000
48  0  1  4  290    8   68   44    4    1    1    0    1    0    1  2  2  1  0.547 0.000
48  0  1  4  291   22   62    3    2    2    0    0    0    0    0  1  1  1  0.668 0.000
48  0  1  4  292    0   60   36    3    1    0    0    1    0    1  2  2  1  0.751 0.000
48  0  2  4  293   23   73   66    7    0    0    0    0    0    0  1  1  1  0.567 0.000
48  0  2  4  294   15   75    3    7    0    1    1    1    1    0  4  4  1  0.691 0.000
48  0  2  4  295    8   78   10    7    0    1    0    1    0    1  2  3  1  0.707 0.000
48  0  2  4  296    9   79   60    7    0    1    1    1    0    1  3  2  1  0.536 0.000
48  0  2  4  297    2   72   47    7    0    0    1    1    0    1  3  2  1  0.614 0.000
48  0  2  4  298   14   74   75    7    0    0    1    1    1    0  4  2  1  0.537 0.000
48  0  2  4  299   39   79   34    7    0    1    0    0    1    1  1  1  1  0.846 0.000
48  0  2  4  300   22   72   67    7    0    0    0    0    0    0  1  3  1  0.551 0.000
48  0  2  4  301   31   71   42    7    0    0    0    0    1    1  1  1  1  0.627 0.000
48  0  2  4  302   38   78   46    7    0    1    1    0    1    1  4  4  1  0.989 0.000
48  0  2  4  303   11   71   67    7    0    0    1    1    1    0  4  4  1  1.113 0.000
48  0  2  4  304   35   75   11    7    0    1    0    0    1    1  1  4  1  0.648 0.000
48  0  2  4  305    5   75   25    7    0    1    1    1    0    1  3  2  1  0.696 0.000
48  0  2  4  306   36   76    0    7    0    1    0    0    1    1  1  4  1  0.952 0.000
48  0  2  4  307   32   72   32    7    0    0    0    0    1    1  1  4  1  0.781 0.000
48  0  2  4  308    4   74   24    7    0    0    0    1    0    1  2  2  1  1.185 0.000
48  0  2  4  309   25   75   68    7    0    1    1    0    0    0  3  1  1  0.837 0.000
48  0  2  4  310   26   76   64    7    0    1    0    0    0    0  1  1  1  0.893 0.000
48  0  2  4  311   18   78   23    7    0    1    1    1    1    0  4  2  1  0.765 0.000
48  0  2  4  312    7   77   22    7    0    1    0    1    0    1  2  2  1  0.682 0.000
48  0  2  4  313   24   74   63    7    0    0    0    0    0    0  1  3  1  0.642 0.000
48  0  2  4  314    0   70   19    7    0    0    0    1    0    1  2  2  1  0.596 0.000
48  0  2  4  315   16   76    1    7    0    1    1    1    1    0  4  4  1  1.102 0.000
48  0  2  4  316    3   73   11    7    0    0    1    1    0    1  3  3  1  1.013 0.000
48  0  2  4  317   27   77   55    7    0    1    0    0    0    0  1  3  1  0.768 0.000
48  0  2  4  318   21   71   16    7    0    0    0    0    0    0  1  1  1  0.676 0.000
48  0  2  4  319   10   70   35    7    0    0    0    1    1    0  2  2  1  0.651 0.000
48  0  2  4  320   20   70   18    7    0    0    0    0    0    0  1  3  1  0.660 0.000
48  0  2  4  321   13   73   30    7    0    0    0    1    1    0  2  4  1  0.925 0.000
48  0  2  4  322    6   76   77    7    0    1    1    1    0    1  3  3  1  0.579 0.000
48  0  2  4  323   34   74   24    7    0    0    1    0    1    1  4  1  1  0.584 0.000
48  0  2  4  324   33   73   47    7    0    0    1    0    1    1  4  4  1  0.674 0.000
48  0  2  4  325   28   78   11    7    0    1    0    0    0    0  1  1  1  0.730 0.000
48  0  2  4  326    1   71   39    7    0    0    0    1    0    1  2  3  1  0.985 0.000
48  0  2  4  327   12   72   24    7    0    0    0    1    1    0  2  2  1  0.668 0.000
48  0  2  4  328   29   79   34    7    0    1    1    0    0    0  3  1  1  0.731 0.000
48  0  2  4  329   37   77   37    7    0    1    0    0    1    1  1  1  1  1.114 0.000
48  0  2  4  330   19   79   66    7    0    1    1    1    1    0  4  4  1  1.121 0.000
48  0  2  4  331   30   70   75    7    0    0    1    0    1    1  4  1  1  0.759 0.000
48  0  2  4  332   17   77   73    7    0    1    0    1    1    0  2  4  1  0.764 0.000
