41  0  0  0    1    0   -1   16    3    0    1    0    0    0    0  1  2  0  4.113 0.000
41  0  0  0    2    0   -1   16    3    0    1    1    0    0    0  3  3  1  3.524 0.000
41  0  0  0    3    0   -1   16    2    0    0    1    1    0    1  3  3  1  7.019 0.000
41  0  0  0    4    0   -1   16    4    0    1    0    1    0    1  2  2  1  2.109 0.000
41  0  0  0    5    0   -1   16    3    0    1    1    0    1    1  4  4  1  1.269 0.000
41  0  0  0    6    0   -1   16    1    0    1    0    0    1    1  1  1  1  1.981 0.000
41  0  0  0    7    0   -1   16    0    0    0    0    1    1    0  2  1  0  1.049 0.000
41  0  0  0    8    0   -1   16    3    0    0    0    0    0    0  1  1  1  1.357 0.000
41  0  0  0    9    0   -1   16    4    0    0    0    0    1    1  1  2  0  1.138 0.000
41  0  0  0   10    0   -1   16    1    0    0    0    1    0    1  2  2  1  1.155 0.000
41  0  0  0   11    0   -1   16    0    0    0    0    1    1    0  2  2  1  0.703 0.000
41  0  0  0   12    0   -1   16    3    0    1    1    1    0    1  3  3  1  1.998 0.000
41  0  1  1   13   10    0   67    4    2    0    1    1    1    0  4  4  1  2.855 0.000
41  0  1  1   14   15    5   11    2    0    1    0    1    1    0  2  4  0  5.459 0.000
41  0  1  1   15    6    6   22    1    2    1    1    1    0    1  3  3  1  1.208 0.000
41  0  1  1   16   19    9   12    4    2    1    0    1    1    0  2  2  1  1.157 0.000
41  0  1  1   17   27    7   78    0    2    1    1    0    0    0  3  3  1  1.038 0.000
41  0  1  1   18   36    6   65    3    2    1    0    0    1    1  1  1  1  0.851 0.000
41  0  1  1   19   18    8   13    4    2    1    1    1    1    0  4  4  1  2.479 0.000
41  0  1  1   20   28    8    6    2    0    1    0    0    0    0  1  3  0  1.793 0.000
41  0  1  1   21    8    8   30    0    2    1    1    1    0    1  3  3  1  2.288 0.000
41  0  1  1   22   31    1   27    1    1    0    1    0    1    1  4  4  1  1.827 0.000
41  0  1  1   23    9    9   20    4    2    1    0    1    0    1  2  2  1  1.136 0.000
41  0  1  1   24   32    2   64    0    0    0    0    0    1    1  1  2  0  0.817 0.000
41  0  1  1   25   34    4   33    2    0    0    0    0    1    1  1  4  0  2.399 0.000
41  0  1  1   26    0    0   12    3    2    0    0    1    0    1  2  2  1  1.398 0.000
41  0  1  1   27   20    0   71    1    2    0    0    0    0    0  1  1  1  0.972 0.000
41  0  1  1   28   33    3   42    2    0    0    0    0    1    1  1  4  0  0.995 0.000
41  0  1  1   29   39    9   68    0    2    1    1    0    1    1  4  4  1  1.810 0.000
41  0  1  1   30    3    3    9    3    1    0    1    1    0    1  3  3  1  1.072 0.000
41  0  1  1   31   25    5   46    2    0    1    0    0    0    0  1  3  0  0.803 0.000
41  0  1  1   32   21    1   37    1    1    0    0    0    0    0  1  1  1  2.218 0.000
41  0  1  1   33    5    5   51    3    1    1    1    1    0    1  3  3  1  1.336 0.000
41  0  1  1   34    2    2   15    2    1    0    1    1    0    1  3  3  1  1.336 0.000
41  0  1  1   35   14    4   30    4    1    0    1    1    1    0  4  4  1  0.826 0.000
41  0  1  1   36   37    7   67    3    2    1    0    0    1    1  1  1  1  1.310 0.000
41  0  1  1   37   11    1   28    1    1    0    0    1    1    0  2  2  1  0.992 0.000
41  0  1  1   38   23    3   69    2    1    0    0    0    0    0  1  1  1  0.879 0.000
41  0  1  1   39   29    9   43    4    2    1    1    0    0    0  3  3  1  0.762 0.000
41  0  1  1   40    7    7    0    0    2    1    0    1    0    1  2  2  1  1.395 0.000
41  0  1  1   41   30    0   26    3    2    0    0    0    1    1  1  1  1  1.897 0.000
41  0  1  1   42   22    2   65    4    1    0    0    0    0    0  1  1  1  2.084 0.000
41  0  1  1   43   16    6   58    2    2    1    1    1    1    0  4  4  1  1.255 0.000
41  0  1  1   44    4    4   79    3    1    0    1    1    0    1  3  3  1  1.371 0.000
41  0  1  1   45   26    6   21    0    2    1    0    0    0    0  1  1  1  1.514 0.000
41  0  1  1   46    1    1   36    2    1    0    0    1    0    1  2  2  1  0.789 0.000
41  0  1  1   47   17    7   41    3    2    1    1    1    1    0  4  4  1  1.189 0.000
41  0  1  1   48   38    8   48    0    2    1    0    0    1    1  1  1  1  0.898 0.000
41  0  1  1   49   35    5   77    1    1    1    1    0    1    1  4  4  1  1.453 0.000
41  0  1  1   50   13    3   52    4    1    0    1    1    1    0  4  4  1  1.153 0.000
41  0  1  1   51   24    4   66    3    1    0    1    0    0    0  3  3  1  0.761 0.000
41  0  1  1   52   12    2   42    2    1    0    1    1    1    0  4  4  1  0.785 0.000
41  0  2  1   53   10   10   78    7    0    0    1    1    1    0  4  2  1  1.216 0.000
41  0  2  1   54    7   17   74    7    0    1    0    1    0    1  2  2  1  1.515 0.000
41  0  2  1   55   21   11   45    7    0    0    0    0    0    0  1  3  1  1.906 0.000
41  0  2  1   56   27   17   30    7    0    1    1    0    0    0  3  2  0  1.736 0.000
41  0  2  1   57   12   12   69    7    0    0    1    1    1    0  4  2  1  1.449 0.000
41  0  2  1   58    4   14    8    7    0    0    1    1    0    1  3  2  1  1.979 0.000
41  0  2  1   59   26   16    8    7    0    1    0    0    0    0  1  3  1  1.182 0.000
41  0  2  1   60    2   12   77    7    0    0    0    1    0    1  2  3  1  1.258 0.000
41  0  2  1   61   36   16   10    7    0    1    1    0    1    1  4  1  1  2.075 0.000
41  0  2  1   62   14   14   14    7    0    0    1    1    1    0  4  2  1  1.172 0.000
41  0  2  1   63    5   15   63    7    0    1    0    1    0    1  2  3  1  1.071 0.000
41  0  2  1   64   32   12   43    7    0    0    0    0    1    1  1  2  0  1.055 0.000
41  0  2  1   65    8   18   50    7    0    1    1    1    0    1  3  3  1  0.956 0.000
41  0  2  1   66   16   16    1    7    0    1    0    1    1    0  2  2  1  1.617 0.000
41  0  2  1   67    3   13   46    7    0    0    0    1    0    1  2  2  1  1.338 0.000
41  0  2  1   68   30   10   45    7    0    0    0    0    1    1  1  1  1  1.536 0.000
41  0  2  1   69   25   15   18    7    0    1    1    0    0    0  3  3  1  1.061 0.000
41  0  2  1   70   29   19    1    7    0    1    0    0    0    0  1  3  1  1.439 0.000
41  0  2  1   71   23   13   35    7    0    0    0    0    0    0  1  1  1  1.343 0.000
41  0  2  1   72   31   11   13    7    0    0    0    0    1    1  1  1  1  2.301 0.000
41  0  2  1   73   34   14   69    7    0    0    0    0    1    1  1  4  1  1.196 0.000
41  0  2  1   74   37   17   11    7    0    1    1    0    1    1  4  4  1  1.200 0.000
41  0  2  1   75   20   10   15    7    0    0    1    0    0    0  3  1  1  1.834 0.000
41  0  2  1   76    9   19   33    7    0    1    0    1    0    1  2  2  1  1.427 0.000
41  0  2  1   77   35   15   63    7    0    1    1    0    1    1  4  4  1  1.102 0.000
41  0  2  1   78    1   11   23    7    0    0    1    1    0    1  3  3  1  1.405 0.000
41  0  2  1   79   18   18   25    7    0    1    0    1    1    0  2  2  1  1.111 0.000
41  0  2  1   80   11   11    2    7    0    0    0    1    1    0  2  2  1  0.918 0.000
41  0  2  1   81   38   18   36    7    0    1    1    0    1    1  4  4  1  1.124 0.000
41  0  2  1   82   24   14   53    7    0    0    1    0    0    0  3  1  1  1.546 0.000
41  0  2  1   83   19   19   38    7    0    1    0    1    1    0  2  2  1  0.943 0.000
41  0  2  1   84   17   17   37    7    0    1    1    1    1    0  4  2  1  1.653 0.000
41  0  2  1   85   28   18   44    7    0    1    0    0    0    0  1  1  1  2.670 0.000
41  0  2  1   86   33   13   31    7    0    0    0    0    1    1  1  4  1  0.958 0.000
41  0  2  1   87    6   16   19    7    0    1    1    1    0    1  3  3  1  1.562 0.000
41  0  2  1   88   39   19   72    7    0    1    0    0    1    1  1  1  1  2.159 0.000
41  0  2  1   89   22   12    0    7    0    0    0    0    0    0  1  3  1  1.676 0.000
41  0  2  1   90   13   13   43    7    0    0    0    1    1    0  2  4  1  1.092 0.000
41  0  2  1   91   15   15   36    7    0    1    1    1    1    0  4  2  1  0.899 0.000
41  0  2  1   92    0   10   16    7    0    0    1    1    0    1  3  2  1  0.875 0.000
41  0  1  2   93    3   23   59    3    1    0    1    1    0    1  3  3  1  1.493 0.000
41  0  1  2   94    8   28   78    2    2    1    0    1    0    1  2  2  1  0.824 0.000
41  0  1  2   95   36   26   34    4    2    1    1    0    1    1  4  4  1  0.854 0.000
41  0  1  2   96   28   28   50    3    2    1    0    0    0    0  1  1  1  0.713 0.000
41  0  1  2   97   39   29   40    2    2    1    1    0    1    1  4  4  1  1.323 0.000
41  0  1  2   98   32   22   79    1    1    0    1    0    1    1  4  4  1  0.853 0.000
41  0  1  2   99   25   25   39    3    1    1    0    0    0    0  1  1  1  0.792 0.000
41  0  1  2  100   14   24   19    0    1    0    0    1    1    0  2  2  1  0.671 0.000
41  0  1  2  101    6   26   54    1    2    1    1    1    0    1  3  3  1  0.995 0.000
41  0  1  2  102   20   20   36    3    2    0    1    0    0    0  3  3  1  0.890 0.000
41  0  1  2  103   37   27   47    0    2    1    0    0    1    1  1  1  1  0.748 0.000
41  0  1  2  104   35   25   61    1    1    1    1    0    1    1  4  4  1  1.269 0.000
41  0  1  2  105   15   25   73    3    1    1    0    1    1    0  2  2  1  0.609 0.000
41  0  1  2  106   29   29   16    4    2    1    1    0    0    0  3  3  1  1.495 0.000
41  0  1  2  107   30   20   37    0    2    0    1    0    1    1  4  4  1  1.849 0.000
41  0  1  2  108    9   29   28    3    2    1    0    1    0    1  2  2  1  0.990 0.000
41  0  1  2  109   21   21   76    1    1    0    0    0    0    0  1  1  1  0.885 0.000
41  0  1  2  110   34   24    0    4    1    0    0    0    1    1  1  1  1  0.960 0.000
41  0  1  2  111   12   22   46    0    1    0    0    1    1    0  2  2  1  0.672 0.000
41  0  1  2  112    5   25   13    2    1    1    1    1    0    1  3  3  1  1.163 0.000
41  0  1  2  113   24   24   59    4    1    0    1    0    0    0  3  3  1  1.804 0.000
41  0  1  2  114    0   20   25    3    2    0    1    1    0    1  3  3  1  1.066 0.000
41  0  1  2  115   27   27    9    1    2    1    0    0    0    0  1  1  1  0.709 0.000
41  0  1  2  116   38   28   38    0    2    1    1    0    1    1  4  4  1  0.879 0.000
41  0  1  2  117   23   23   33    4    1    0    1    0    0    0  3  3  1  1.019 0.000
41  0  1  2  118   22   22   25    2    1    0    1    0    0    0  3  3  1  0.896 0.000
41  0  1  2  119   16   26   65    3    2    1    0    1    1    0  2  2  1  1.043 0.000
41  0  1  2  120   11   21   71    1    1    0    0    1    1    0  2  2  1  0.880 0.000
41  0  1  2  121   10   20    0    2    2    0    0    1    1    0  2  2  1  0.755 0.000
41  0  1  2  122    4   24   53    4    1    0    0    1    0    1  2  2  1  1.083 0.000
41  0  1  2  123   19   29   60    1    2    1    1    1    1    0  4  4  1  1.518 0.000
41  0  1  2  124   18   28    3    3    2    1    0    1    1    0  2  2  1  0.760 0.000
41  0  1  2  125   26   26    5    4    2    1    1    0    0    0  3  3  1  1.920 0.000
41  0  1  2  126    1   21   66    0    1    0    1    1    0    1  3  3  1  0.945 0.000
41  0  1  2  127   13   23   10    3    1    0    1    1    1    0  4  4  1  1.290 0.000
41  0  1  2  128    2   22   14    2    1    0    1    1    0    1  3  3  1  1.549 0.000
41  0  1  2  129   17   27   24    4    2    1    0    1    1    0  2  2  1  0.718 0.000
41  0  1  2  130   33   23   55    3    1    0    0    0    1    1  1  1  1  0.719 0.000
41  0  1  2  131    7   27   65    2    2    1    1    1    0    1  3  3  1  1.473 0.000
41  0  1  2  132   31   21   25    1    1    0    1    0    1    1  4  4  1  1.668 0.000
41  0  2  2  133   11   31   18    7    0    0    1    1    1    0  4  2  1  0.767 0.000
41  0  2  2  134   38   38   30    7    0    1    0    0    1    1  1  4  1  1.555 0.000
41  0  2  2  135   10   30   53    7    0    0    0    1    1    0  2  2  1  0.768 0.000
41  0  2  2  136   15   35   77    7    0    1    1    1    1    0  4  2  1  0.869 0.000
41  0  2  2  137    6   36   18    7    0    1    0    1    0    1  2  3  1  0.900 0.000
41  0  2  2  138   30   30    7    7    0    0    0    0    1    1  1  1  1  1.307 0.000
41  0  2  2  139    3   33   34    7    0    0    0    1    0    1  2  2  1  1.074 0.000
41  0  2  2  140   35   35   24    7    0    1    1    0    1    1  4  1  1  1.482 0.000
41  0  2  2  141   21   31   72    7    0    0    1    0    0    0  3  3  1  0.923 0.000
41  0  2  2  142   36   36   15    7    0    1    0    0    1    1  1  1  1  1.200 0.000
41  0  2  2  143   25   35    7    7    0    1    1    0    0    0  3  3  1  1.235 0.000
41  0  2  2  144   28   38   26    7    0    1    0    0    0    0  1  3  1  0.893 0.000
41  0  2  2  145   32   32   49    7    0    0    0    0    1    1  1  4  1  1.420 0.000
41  0  2  2  146    2   32   32    7    0    0    0    1    0    1  2  2  1  0.686 0.000
41  0  2  2  147   13   33   64    7    0    0    0    1    1    0  2  2  1  0.749 0.000
41  0  2  2  148   23   33   56    7    0    0    0    0    0    0  1  3  1  0.827 0.000
41  0  2  2  149   14   34    4    7    0    0    0    1    1    0  2  2  1  0.773 0.000
41  0  2  2  150   20   30    3    7    0    0    0    0    0    0  1  3  1  0.937 0.000
41  0  2  2  151    9   39   35    7    0    1    1    1    0    1  3  3  1  0.878 0.000
41  0  2  2  152   26   36   58    7    0    1    0    0    0    0  1  1  1  1.326 0.000
41  0  2  2  153    0   30    1    7    0    0    0    1    0    1  2  2  1  1.741 0.000
41  0  2  2  154   18   38   48    7    0    1    1    1    1    0  4  2  1  1.226 0.000
41  0  2  2  155    4   34   45    7    0    0    1    1    0    1  3  2  1  1.844 0.000
41  0  2  2  156    1   31   71    7    0    0    1    1    0    1  3  3  1  0.958 0.000
41  0  2  2  157    8   38    7    7    0    1    0    1    0    1  2  3  1  0.963 0.000
41  0  2  2  158   24   34   75    7    0    0    0    0    0    0  1  3  1  1.007 0.000
41  0  2  2  159   34   34   71    7    0    0    0    0    1    1  1  1  1  1.754 0.000
41  0  2  2  160   29   39   68    7    0    1    1    0    0    0  3  3  1  1.575 0.000
41  0  2  2  161   27   37   19    7    0    1    0    0    0    0  1  1  1  1.755 0.000
41  0  2  2  162   33   33    9    7    0    0    0    0    1    1  1  4  1  2.223 0.000
41  0  2  2  163    5   35   62    7    0    1    1    1    0    1  3  3  1  2.009 0.000
41  0  2  2  164   22   32   27    7    0    0    1    0    0    0  3  3  1  1.388 0.000
41  0  2  2  165   17   37    6    7    0    1    0    1    1    0  2  2  1  1.096 0.000
41  0  2  2  166    7   37    3    7    0    1    1    1    0    1  3  3  1  1.735 0.000
41  0  2  2  167   31   31   29    7    0    0    1    0    1    1  4  4  1  1.429 0.000
41  0  2  2  168   19   39   57    7    0    1    0    1    1    0  2  2  1  0.855 0.000
41  0  2  2  169   39   39    2    7    0    1    1    0    1    1  4  4  1  1.448 0.000
41  0  2  2  170   16   36   17    7    0    1    0    1    1    0  2  2  1  2.257 0.000
41  0  2  2  171   37   37   59    7    0    1    1    0    1    1  4  4  1  1.418 0.000
41  0  2  2  172   12   32   75    7    0    0    1    1    1    0  4  2  1  0.860 0.000
41  0  1  3  173   20   40   42    1    2    0    1    0    0    0  3  3  1  2.262 0.000
41  0  1  3  174   29   49   54    2    2    1    0    0    0    0  1  1  1  0.979 0.000
41  0  1  3  175   26   46   55    0    2    1    1    0    0    0  3  3  1  1.330 0.000
41  0  1  3  176   32   42   62    3    1    0    1    0    1    1  4  4  1  1.036 0.000
41  0  1  3  177   27   47   20    4    2    1    0    0    0    0  1  1  1  0.728 0.000
41  0  1  3  178    8   48   48    2    2    1    1    1    0    1  3  3  1  1.194 0.000
41  0  1  3  179   35   45    1    1    1    1    0    0    1    1  1  1  1  1.121 0.000
41  0  1  3  180   14   44   51    0    1    0    0    1    1    0  2  2  1  0.650 0.000
41  0  1  3  181    7   47   64    4    2    1    1    1    0    1  3  3  1  0.942 0.000
41  0  1  3  182   18   48   72    3    2    1    0    1    1    0  2  2  1  0.695 0.000
41  0  1  3  183   30   40   14    1    0    0    0    0    1    1  1  4  0  0.874 0.000
41  0  1  3  184   25   45   29    2    1    1    1    0    0    0  3  3  1  1.173 0.000
41  0  1  3  185   19   49    9    0    2    1    0    1    1    0  2  2  1  0.828 0.000
41  0  1  3  186    3   43   42    1    1    0    0    1    0    1  2  2  1  1.194 0.000
41  0  1  3  187   33   43   23    3    1    0    0    0    1    1  1  1  1  1.089 0.000
41  0  1  3  188   31   41   46    4    1    0    0    0    1    1  1  1  1  1.235 0.000
41  0  1  3  189   12   42   23    0    1    0    0    1    1    0  2  2  1  0.736 0.000
41  0  1  3  190   34   44   17    2    1    0    0    0    1    1  1  1  1  0.673 0.000
41  0  1  3  191   39   49   21    3    2    1    1    0    1    1  4  4  1  1.365 0.000
41  0  1  3  192    4   44   57    1    1    0    1    1    0    1  3  3  1  0.852 0.000
41  0  1  3  193   10   40   76    2    2    0    1    1    1    0  4  4  1  1.240 0.000
41  0  1  3  194    2   42   27    4    1    0    1    1    0    1  3  3  1  0.957 0.000
41  0  1  3  195   22   42   60    1    1    0    1    0    0    0  3  3  1  2.230 0.000
41  0  1  3  196   15   45   49    3    1    1    0    1    1    0  2  2  1  0.851 0.000
41  0  1  3  197    5   45   69    2    1    1    1    1    0    1  3  3  1  1.175 0.000
41  0  1  3  198   28   48   17    0    2    1    0    0    0    0  1  1  1  0.783 0.000
41  0  1  3  199    0   40   56    3    2    0    0    1    0    1  2  2  1  0.942 0.000
41  0  1  3  200    1   41   70    2    1    0    0    1    0    1  2  2  1  0.678 0.000
41  0  1  3  201    9   49    2    4    2    1    1    1    0    1  3  3  1  1.162 0.000
41  0  1  3  202   11   41   47    1    1    0    1    1    1    0  4  4  1  1.162 0.000
41  0  1  3  203   23   43   79    2    1    0    1    0    0    0  3  3  1  2.050 0.000
41  0  1  3  204   37   47   53    0    2    1    0    0    1    1  1  1  1  0.638 0.000
41  0  1  3  205   38   48   58    3    2    1    1    0    1    1  4  4  1  1.019 0.000
41  0  1  3  206   36   46    5    1    0    1    0    0    1    1  1  4  0  1.025 0.000
41  0  1  3  207   17   47   22    2    2    1    1    1    1    0  4  4  1  1.302 0.000
41  0  1  3  208    6   46   55    4    2    1    0    1    0    1  2  2  1  1.120 0.000
41  0  1  3  209   21   41   14    0    1    0    0    0    0    0  1  1  1  0.626 0.000
41  0  1  3  210   13   43   56    2    1    0    0    1    1    0  2  2  1  1.119 0.000
41  0  1  3  211   16   46   20    4    2    1    1    1    1    0  4  4  1  1.968 0.000
41  0  1  3  212   24   44   47    1    1    0    1    0    0    0  3  3  1  1.288 0.000
41  0  2  3  213   38   58   60    7    0    1    0    0    1    1  1  4  1  1.235 0.000
41  0  2  3  214   39   59   78    7    0    1    1    0    1    1  4  4  1  2.172 0.000
41  0  2  3  215    2   52    4    7    0    0    1    1    0    1  3  2  1  0.912 0.000
41  0  2  3  216   23   53   28    7    0    0    1    0    0    0  3  3  1  1.663 0.000
41  0  2  3  217    0   50    6    7    0    0    1    1    0    1  3  2  1  1.032 0.000
41  0  2  3  218   20   50   49    7    0    0    1    0    0    0  3  1  1  1.337 0.000
41  0  2  3  219   15   55   34    7    0    1    0    1    1    0  2  2  1  0.919 0.000
41  0  2  3  220   16   56   15    7    0    1    1    1    1    0  4  2  1  1.349 0.000
41  0  2  3  221   29   59   10    7    0    1    0    0    0    0  1  3  1  0.939 0.000
41  0  2  3  222   24   54   67    7    0    0    0    0    0    0  1  3  1  1.241 0.000
41  0  2  3  223   31   51   57    7    0    0    0    0    1    1  1  1  1  1.641 0.000
41  0  2  3  224   25   55    4    7    0    1    1    0    0    0  3  1  1  1.691 0.000
41  0  2  3  225   27   57   48    7    0    1    0    0    0    0  1  1  1  1.931 0.000
41  0  2  3  226   37   57   41    7    0    1    1    0    1    1  4  4  1  2.240 0.000
41  0  2  3  227   13   53   62    7    0    0    1    1    1    0  4  2  1  0.970 0.000
41  0  2  3  228    1   51   75    7    0    0    1    1    0    1  3  3  1  1.342 0.000
41  0  2  3  229   19   59    5    7    0    1    0    1    1    0  2  4  1  1.564 0.000
41  0  2  3  230   11   51    8    7    0    0    0    1    1    0  2  2  1  1.168 0.000
41  0  2  3  231   28   58   24    7    0    1    1    0    0    0  3  3  1  1.980 0.000
41  0  2  3  232   32   52    6    7    0    0    1    0    1    1  4  1  1  1.545 0.000
41  0  2  3  233   17   57   32    7    0    1    0    1    1    0  2  2  1  1.198 0.000
41  0  2  3  234    7   57   11    7    0    1    1    1    0    1  3  3  1  2.201 0.000
41  0  2  3  235   22   52   32    7    0    0    1    0    0    0  3  1  1  1.668 0.000
41  0  2  3  236    5   55   24    7    0    1    0    1    0    1  2  3  1  2.844 0.000
41  0  2  3  237   36   56   12    7    0    1    1    0    1    1  4  1  1  2.077 0.000
41  0  2  3  238    8   58   52    7    0    1    0    1    0    1  2  3  1  2.310 0.000
41  0  2  3  239    6   56   39    7    0    1    1    1    0    1  3  2  1  1.549 0.000
41  0  2  3  240   21   51    2    7    0    0    1    0    0    0  3  3  1  1.242 0.000
41  0  2  3  241   14   54   40    7    0    0    1    1    1    0  4  2  1  0.875 0.000
41  0  2  3  242    9   59   40    7    0    1    0    1    0    1  2  2  1  1.171 0.000
41  0  2  3  243   10   50   33    7    0    0    0    1    1    0  2  2  1  0.856 0.000
41  0  2  3  244   33   53   73    7    0    0    0    0    1    1  1  4  1  1.409 0.000
41  0  2  3  245   12   52   61    7    0    0    0    1    1    0  2  2  1  1.027 0.000
41  0  2  3  246   34   54   50    7    0    0    0    0    1    1  1  4  1  1.133 0.000
41  0  2  3  247   26   56   77    7    0    1    1    0    0    0  3  3  1  1.563 0.000
41  0  2  3  248   35   55    3    7    0    1    0    0    1    1  1  3  0  1.648 0.000
41  0  2  3  249   30   50   74    7    0    0    0    0    1    1  1  1  1  2.724 0.000
41  0  2  3  250   18   58   70    7    0    1    1    1    1    0  4  2  1  0.962 0.000
41  0  2  3  251    4   54   37    7    0    0    1    1    0    1  3  2  1  1.367 0.000
41  0  2  3  252    3   53   17    7    0    0    1    1    0    1  3  3  1  1.027 0.000
41  0  1  4  253   20   60   38    4    2    0    1    0    0    0  3  3  1  0.881 0.000
41  0  1  4  254   37   67   56    0    2    1    0    0    1    1  1  1  1  0.749 0.000
41  0  1  4  255   26   66   63    1    2    1    1    0    0    0  3  3  1  0.758 0.000
41  0  1  4  256   24   64   13    3    1    0    1    0    0    0  3  3  1  0.790 0.000
41  0  1  4  257   12   62   29    0    1    0    1    1    1    0  4  4  1  0.884 0.000
41  0  1  4  258    6   66   49    2    2    1    0    1    0    1  2  2  1  0.807 0.000
41  0  1  4  259   23   63   34    3    1    0    0    0    0    0  1  1  1  1.070 0.000
41  0  1  4  260   19   69   31    4    2    1    1    1    1    0  4  4  1  1.080 0.000
41  0  1  4  261   32   62   16    2    1    0    1    0    1    1  4  4  1  0.932 0.000
41  0  1  4  262   33   63   76    1    1    0    1    0    1    1  4  4  1  1.518 0.000
41  0  1  4  263    0   60   29    0    2    0    1    1    0    1  3  3  1  0.839 0.000
41  0  1  4  264   30   60   44    4    2    0    1    0    1    1  4  4  1  1.700 0.000
41  0  1  4  265    7   67    5    3    2    1    0    1    0    1  2  2  1  2.118 0.000
41  0  1  4  266    4   64   38    0    1    0    0    1    0    1  2  2  1  1.408 0.000
41  0  1  4  267   27   67   41    1    2    1    1    0    0    0  3  3  1  1.061 0.000
41  0  1  4  268   10   60   74    3    2    0    1    1    1    0  4  4  1  1.329 0.000
41  0  1  4  269   25   65   51    2    1    1    0    0    0    0  1  1  1  0.931 0.000
41  0  1  4  270   13   63   39    4    1    0    0    1    1    0  2  2  1  0.989 0.000
41  0  1  4  271    3   63   10    3    1    0    0    1    0    1  2  2  1  1.587 0.000
41  0  1  4  272   29   69   52    1    2    1    1    0    0    0  3  3  1  1.130 0.000
41  0  1  4  273    1   61   73    2    1    0    1    1    0    1  3  3  1  1.044 0.000
41  0  1  4  274   36   66   20    3    2    1    0    0    1    1  1  1  1  0.929 0.000
41  0  1  4  275   28   68   40    0    2    1    1    0    0    0  3  3  1  1.425 0.000
41  0  1  4  276   34   64   51    1    1    0    1    0    1    1  4  4  1  1.935 0.000
41  0  1  4  277    8   68   61    4    2    1    0    1    0    1  2  2  1  1.512 0.000
41  0  1  4  278   31   61   70    2    1    0    0    0    1    1  1  1  1  0.770 0.000
41  0  1  4  279   39   69   32    3    2    1    1    0    1    1  4  4  1  1.505 0.000
41  0  1  4  280    5   65   58    4    1    1    0    1    0    1  2  2  1  0.756 0.000
41  0  1  4  281   22   62   57    2    1    0    0    0    0    0  1  1  1  1.556 0.000
41  0  1  4  282   18   68   50    1    2    1    1    1    1    0  4  4  1  2.107 0.000
41  0  1  4  283   14   64   35    3    1    0    1    1    1    0  4  4  1  1.574 0.000
41  0  1  4  284    2   62   72    0    1    0    1    1    0    1  3  3  1  1.054 0.000
41  0  1  4  285   38   68   35    2    2    1    0    0    1    1  1  1  1  1.273 0.000
41  0  1  4  286    9   69   26    4    2    1    1    1    0    1  3  3  1  0.837 0.000
41  0  1  4  287   21   61   11    1    1    0    1    0    0    0  3  3  1  2.098 0.000
41  0  1  4  288   16   66   68    0    2    1    0    1    1    0  2  2  1  1.325 0.000
41  0  1  4  289   35   65   75    3    1    1    1    0    1    1  4  4  1  2.125 0.000
41  0  1  4  290   17   67    7    4    2    1    0    1    1    0  2  2  1  1.143 0.000
41  0  1  4  291   11   61   26    0    1    0    0    1    1    0  2  2  1  0.680 0.000
41  0  1  4  292   15   65   79    1    1    1    1    1    1    0  4  4  1  1.108 0.000
41  0  2  4  293    8   78   43    7    0    1    0    1    0    1  2  3  1  1.269 0.000
41  0  2  4  294   14   74   66    7    0    0    0    1    1    0  2  2  1  1.502 0.000
41  0  2  4  295   22   72   22    7    0    0    0    0    0    0  1  3  1  1.013 0.000
41  0  2  4  296   30   70   52    7    0    0    0    0    1    1  1  4  1  0.976 0.000
41  0  2  4  297   13   73   21    7    0    0    0    1    1    0  2  2  1  0.819 0.000
41  0  2  4  298    0   70   47    7    0    0    0    1    0    1  2  2  1  1.189 0.000
41  0  2  4  299   20   70   61    7    0    0    0    0    0    0  1  3  1  1.225 0.000
41  0  2  4  300   11   71   55    7    0    0    0    1    1    0  2  2  1  0.843 0.000
41  0  2  4  301   26   76   23    7    0    1    1    0    0    0  3  1  1  1.708 0.000
41  0  2  4  302   38   78   66    7    0    1    0    0    1    1  1  4  1  1.083 0.000
41  0  2  4  303   34   74   28    7    0    0    0    0    1    1  1  1  1  1.875 0.000
41  0  2  4  304    4   74   68    7    0    0    0    1    0    1  2  2  1  1.483 0.000
41  0  2  4  305    7   77   67    7    0    1    1    1    0    1  3  2  1  1.482 0.000
41  0  2  4  306   31   71   19    7    0    0    1    0    1    1  4  4  1  0.970 0.000
41  0  2  4  307   29   79   73    7    0    1    0    0    0    0  1  1  1  1.934 0.000
41  0  2  4  308    2   72   44    7    0    0    0    1    0    1  2  2  1  1.148 0.000
41  0  2  4  309   19   79   16    7    0    1    1    1    1    0  4  2  1  1.041 0.000
41  0  2  4  310   27   77   74    7    0    1    0    0    0    0  1  3  1  1.202 0.000
41  0  2  4  311   21   71   12    7    0    0    0    0    0    0  1  3  1  0.989 0.000
41  0  2  4  312   25   75   70    7    0    1    1    0    0    0  3  1  1  1.433 0.000
41  0  2  4  313   23   73   64    7    0    0    1    0    0    0  3  3  1  1.386 0.000
41  0  2  4  314   17   77   63    7    0    1    0    1    1    0  2  2  1  0.845 0.000
41  0  2  4  315   28   78   62    7    0    1    1    0    0    0  3  3  1  0.879 0.000
41  0  2  4  316    5   75   21    7    0    1    0    1    0    1  2  2  1  1.263 0.000
41  0  2  4  317   32   72   22    7    0    0    0    0    1    1  1  4  1  1.247 0.000
41  0  2  4  318   24   74   31    7    0    0    0    0    0    0  1  1  1  1.465 0.000
41  0  2  4  319   10   70   59    7    0    0    0    1    1    0  2  2  1  1.402 0.000
41  0  2  4  320    1   71   76    7    0    0    0    1    0    1  2  3  1  1.709 0.000
41  0  2  4  321   15   75   44    7    0    1    1    1    1    0  4  2  1  1.267 0.000
41  0  2  4  322   36   76   39    7    0    1    0    0    1    1  1  4  1  1.163 0.000
41  0  2  4  323   35   75    4    7    0    1    1    0    1    1  4  4  1  1.000 0.000
41  0  2  4  324   12   72   27    7    0    0    1    1    1    0  4  2  1  0.851 0.000
41  0  2  4  325   16   76   54    7    0    1    0    1    1    0  2  2  1  0.868 0.000
41  0  2  4  326   37   77   18    7    0    1    1    0    1    1  4  1  1  1.467 0.000
41  0  2  4  327   39   79    8    7    0    1    0    0    1    1  1  4  1  2.323 0.000
41  0  2  4  328    3   73   41    7    0    0    0    1    0    1  2  2  1  1.178 0.000
41  0  2  4  329    6   76   60    7    0    1    1    1    0    1  3  2  1  0.821 0.000
41  0  2  4  330   33   73   54    7    0    0    1    0    1    1  4  4  1  0.983 0.000
41  0  2  4  331    9   79   31    7    0    1    0    1    0    1  2  3  1  1.547 0.000
41  0  2  4  332   18   78   45    7    0    1    1    1    1    0  4  2  1  0.769 0.000
