5  0  0  0    1    0   -1   60    4    0    1    1    1    0    1  1  1  1  1.409 0.000
5  0  0  0    2    0   -1   60    4    0    1    0    1    1    0  4  4  1  1.315 0.000
5  0  0  0    3    0   -1   60    1    0    0    0    0    0    0  3  3  1  0.882 0.000
5  0  0  0    4    0   -1   60    2    0    1    1    0    1    1  2  1  0  1.762 0.000
5  0  0  0    5    0   -1   60    0    0    1    0    0    0    0  3  3  1  1.131 0.000
5  0  0  0    6    0   -1   60    4    0    1    1    0    0    0  1  1  1  1.241 0.000
5  0  0  0    7    0   -1   60    1    0    0    1    0    1    1  2  2  1  0.627 0.000
5  0  0  0    8    0   -1   60    0    0    1    0    1    0    1  4  4  1  1.157 0.000
5  0  0  0    9    0   -1   60    4    0    1    1    1    1    0  2  4  0  0.714 0.000
5  0  0  0   10    0   -1   60    1    0    1    0    0    0    0  3  3  1  1.187 0.000
5  0  0  0   11    0   -1   60    2    0    1    1    0    1    1  2  1  0  0.783 0.000
5  0  0  0   12    0   -1   60    4    0    1    0    1    1    0  4  4  1  1.127 0.000
5  0  1  1   13   28    8   34    0    2    1    1    0    0    0  1  1  1  0.755 0.000
5  0  1  1   14   14    4   54    2    1    0    1    1    1    0  2  2  1  0.953 0.000
5  0  1  1   15    5    5   66    4    1    1    0    1    0    1  4  4  1  0.825 0.000
5  0  1  1   16   20    0   77    3    2    0    0    0    0    0  3  3  1  0.575 0.000
5  0  1  1   17   12    2   66    2    0    0    0    1    1    0  4  2  0  0.605 0.000
5  0  1  1   18    8    8   63    4    0    1    1    1    0    1  1  4  0  1.860 0.000
5  0  1  1   19   26    6   62    0    2    1    0    0    0    0  3  3  1  1.312 0.000
5  0  1  1   20    2    2   74    2    0    0    0    1    0    1  4  1  0  0.723 0.000
5  0  1  1   21   10    0   51    3    2    0    0    1    1    0  4  4  1  1.907 0.000
5  0  1  1   22   24    4   19    4    1    0    0    0    0    0  3  3  1  1.230 0.000
5  0  1  1   23   19    9   42    0    2    1    1    1    1    0  2  2  1  1.396 0.000
5  0  1  1   24   13    3   36    1    1    0    1    1    1    0  2  2  1  1.402 0.000
5  0  1  1   25    1    1   34    2    0    0    1    1    0    1  1  2  0  0.552 0.000
5  0  1  1   26   36    6   54    4    2    1    0    0    1    1  3  3  1  1.496 0.000
5  0  1  1   27    7    7   35    1    2    1    1    1    0    1  1  1  1  1.172 0.000
5  0  1  1   28   33    3   17    3    0    0    1    0    1    1  2  1  0  0.971 0.000
5  0  1  1   29   22    2   51    0    1    0    1    0    0    0  1  1  1  1.659 0.000
5  0  1  1   30    6    6   11    4    2    1    0    1    0    1  4  4  1  1.439 0.000
5  0  1  1   31   15    5   37    2    1    1    1    1    1    0  2  2  1  1.396 0.000
5  0  1  1   32   18    8   43    1    2    1    0    1    1    0  4  4  1  1.178 0.000
5  0  1  1   33   37    7    3    3    2    1    1    0    1    1  2  2  1  1.066 0.000
5  0  1  1   34    3    3   71    0    1    0    1    1    0    1  1  1  1  0.718 0.000
5  0  1  1   35   34    4   25    4    1    0    1    0    1    1  2  2  1  0.799 0.000
5  0  1  1   36   31    1   72    3    1    0    1    0    1    1  2  2  1  0.998 0.000
5  0  1  1   37   11    1   32    0    1    0    1    1    1    0  2  2  1  0.701 0.000
5  0  1  1   38    4    4   39    2    1    0    1    1    0    1  1  1  1  1.022 0.000
5  0  1  1   39   16    6   58    3    2    1    0    1    1    0  4  4  1  0.907 0.000
5  0  1  1   40   23    3   18    4    1    0    0    0    0    0  3  3  1  1.341 0.000
5  0  1  1   41   29    9    7    1    0    1    1    0    0    0  1  2  0  0.582 0.000
5  0  1  1   42    0    0   10    0    2    0    1    1    0    1  1  1  1  0.910 0.000
5  0  1  1   43   30    0    0    2    2    0    1    0    1    1  2  2  1  1.368 0.000
5  0  1  1   44   39    9   36    3    2    1    0    0    1    1  3  3  1  1.959 0.000
5  0  1  1   45   25    5   16    0    1    1    1    0    0    0  1  1  1  0.920 0.000
5  0  1  1   46   35    5   14    2    0    1    0    0    1    1  3  2  0  0.721 0.000
5  0  1  1   47   21    1   68    3    1    0    0    0    0    0  3  3  1  2.467 0.000
5  0  1  1   48   17    7   10    4    0    1    1    1    1    0  2  4  0  0.807 0.000
5  0  1  1   49   32    2   11    1    1    0    1    0    1    1  2  2  1  2.709 0.000
5  0  1  1   50   38    8   21    2    0    1    0    0    1    1  3  2  0  2.310 0.000
5  0  1  1   51   27    7   74    4    0    1    1    0    0    0  1  3  0  3.337 0.000
5  0  1  1   52    9    9   12    1    2    1    0    1    0    1  4  4  1  1.818 0.000
5  0  2  1   53    7   17   18    7    0    1    1    1    0    1  1  4  1  0.047 0.000
5  0  2  1   54   13   13   30    7    0    0    1    1    1    0  2  3  0  1.489 0.000
5  0  2  1   55   24   14   73    7    0    0    1    0    0    0  1  1  1  0.236 0.000
5  0  2  1   56   22   12   57    7    0    0    1    0    0    0  1  2  0  0.470 0.000
5  0  2  1   57   12   12   47    7    0    0    1    1    1    0  2  2  1  1.080 0.000
5  0  2  1   58   36   16   42    7    0    1    0    0    1    1  3  2  1  0.761 0.000
5  0  2  1   59   35   15   63    7    0    1    1    0    1    1  2  3  1  0.837 0.000
5  0  2  1   60    5   15   61    7    0    1    0    1    0    1  4  4  1  0.639 0.000
5  0  2  1   61    8   18   47    7    0    1    1    1    0    1  1  1  1  0.633 0.000
5  0  2  1   62    2   12   37    7    0    0    1    1    0    1  1  4  1  1.154 0.000
5  0  2  1   63   10   10   23    7    0    0    1    1    1    0  2  4  1  1.367 0.000
5  0  2  1   64   18   18   79    7    0    1    0    1    1    0  4  2  1  1.364 0.000
5  0  2  1   65   29   19   66    7    0    1    1    0    0    0  1  1  1  0.744 0.000
5  0  2  1   66   37   17    2    7    0    1    0    0    1    1  3  3  1  1.229 0.000
5  0  2  1   67   20   10   25    7    0    0    0    0    0    0  3  3  1  0.703 0.000
5  0  2  1   68   21   11   61    7    0    0    0    0    0    0  3  2  0  0.646 0.000
5  0  2  1   69    9   19   26    7    0    1    1    1    0    1  1  1  1  1.051 0.000
5  0  2  1   70   15   15    1    7    0    1    0    1    1    0  4  4  1  0.795 0.000
5  0  2  1   71   28   18    4    7    0    1    1    0    0    0  1  3  1  2.127 0.000
5  0  2  1   72   19   19   40    7    0    1    0    1    1    0  4  4  1  0.973 0.000
5  0  2  1   73   31   11   50    7    0    0    0    0    1    1  3  2  1  3.194 0.000
5  0  2  1   74   14   14   13    7    0    0    0    1    1    0  4  2  1  1.117 0.000
5  0  2  1   75   11   11   16    7    0    0    0    1    1    0  4  2  1  0.763 0.000
5  0  2  1   76   38   18   73    7    0    1    1    0    1    1  2  3  1  1.112 0.000
5  0  2  1   77    3   13    4    7    0    0    1    1    0    1  1  4  1  1.311 0.000
5  0  2  1   78   16   16   70    7    0    1    0    1    1    0  4  4  1  1.221 0.000
5  0  2  1   79   33   13   26    7    0    0    0    0    1    1  3  2  1  1.079 0.000
5  0  2  1   80   17   17   35    7    0    1    1    1    1    0  2  4  1  1.367 0.000
5  0  2  1   81    4   14   45    7    0    0    1    1    0    1  1  4  1  0.828 0.000
5  0  2  1   82    6   16   32    7    0    1    0    1    0    1  4  1  1  1.869 0.000
5  0  2  1   83   34   14    6    7    0    0    0    0    1    1  3  2  1  1.109 0.000
5  0  2  1   84    0   10   68    7    0    0    0    1    0    1  4  4  1  1.588 0.000
5  0  2  1   85   39   19   76    7    0    1    1    0    1    1  2  2  1  0.816 0.000
5  0  2  1   86   26   16   26    7    0    1    0    0    0    0  3  3  1  1.370 0.000
5  0  2  1   87   25   15    1    7    0    1    1    0    0    0  1  3  1  0.814 0.000
5  0  2  1   88    1   11   73    7    0    0    1    1    0    1  1  4  1  1.001 0.000
5  0  2  1   89   27   17   67    7    0    1    0    0    0    0  3  1  1  1.828 0.000
5  0  2  1   90   32   12   69    7    0    0    0    0    1    1  3  2  1  1.798 0.000
5  0  2  1   91   23   13   54    7    0    0    0    0    0    0  3  3  1  1.002 0.000
5  0  2  1   92   30   10   60    7    0    0    0    0    1    1  3  2  1  0.332 0.000
5  0  1  2   93   20   20   40    2    2    0    0    0    0    0  3  3  1  1.089 0.000
5  0  1  2   94   15   25   64    0    0    1    1    1    1    0  2  1  0  0.772 0.000
5  0  1  2   95    7   27   15    1    2    1    0    1    0    1  4  4  1  0.722 0.000
5  0  1  2   96    4   24   78    2    1    0    0    1    0    1  4  4  1  0.820 0.000
5  0  1  2   97   25   25   12    3    1    1    1    0    0    0  1  1  1  0.906 0.000
5  0  1  2   98   35   25   19    0    1    1    0    0    1    1  3  3  1  0.692 0.000
5  0  1  2   99    0   20   75    4    2    0    0    1    0    1  4  4  1  0.774 0.000
5  0  1  2  100   30   20   68    1    2    0    0    0    1    1  3  3  1  0.630 0.000
5  0  1  2  101    1   21   20    3    1    0    0    1    0    1  4  4  1  0.667 0.000
5  0  1  2  102   33   23   59    4    1    0    0    0    1    1  3  3  1  0.751 0.000
5  0  1  2  103   26   26   41    2    2    1    1    0    0    0  1  1  1  0.807 0.000
5  0  1  2  104   14   24   28    0    1    0    1    1    1    0  2  2  1  1.389 0.000
5  0  1  2  105    9   29   40    4    2    1    0    1    0    1  4  4  1  0.764 0.000
5  0  1  2  106    3   23   16    2    1    0    0    1    0    1  4  4  1  0.844 0.000
5  0  1  2  107   18   28    3    0    0    1    1    1    1    0  2  1  0  1.208 0.000
5  0  1  2  108   16   26   49    1    2    1    0    1    1    0  4  4  1  0.743 0.000
5  0  1  2  109   10   20    5    4    2    0    0    1    1    0  4  4  1  0.664 0.000
5  0  1  2  110    6   26   79    2    2    1    1    1    0    1  1  1  1  0.804 0.000
5  0  1  2  111   13   23   76    3    1    0    1    1    1    0  2  2  1  1.609 0.000
5  0  1  2  112   24   24   37    1    1    0    1    0    0    0  1  1  1  0.728 0.000
5  0  1  2  113   31   21   39    4    1    0    1    0    1    1  2  2  1  1.065 0.000
5  0  1  2  114   23   23   31    0    1    0    1    0    0    0  1  1  1  0.958 0.000
5  0  1  2  115   36   26   28    1    2    1    0    0    1    1  3  3  1  0.653 0.000
5  0  1  2  116   17   27   31    4    2    1    1    1    1    0  2  2  1  0.801 0.000
5  0  1  2  117   27   27   58    2    2    1    0    0    0    0  3  3  1  1.504 0.000
5  0  1  2  118   22   22   36    3    1    0    0    0    0    0  3  3  1  2.409 0.000
5  0  1  2  119    5   25   43    4    1    1    1    1    0    1  1  1  1  0.888 0.000
5  0  1  2  120   34   24   32    0    1    0    1    0    1    1  2  2  1  1.355 0.000
5  0  1  2  121   32   22   79    2    1    0    1    0    1    1  2  2  1  0.731 0.000
5  0  1  2  122   37   27   70    3    2    1    0    0    1    1  3  3  1  0.684 0.000
5  0  1  2  123   38   28   61    4    2    1    1    0    1    1  2  2  1  0.847 0.000
5  0  1  2  124   28   28   46    1    2    1    0    0    0    0  3  3  1  0.668 0.000
5  0  1  2  125   11   21   57    2    1    0    0    1    1    0  4  4  1  0.647 0.000
5  0  1  2  126   19   29   44    4    0    1    1    1    1    0  2  4  0  1.219 0.000
5  0  1  2  127   21   21   24    1    1    0    1    0    0    0  1  1  1  0.769 0.000
5  0  1  2  128   12   22   38    2    1    0    1    1    1    0  2  2  1  1.537 0.000
5  0  1  2  129   29   29   21    3    2    1    0    0    0    0  3  3  1  2.066 0.000
5  0  1  2  130   39   29   35    0    2    1    1    0    1    1  2  2  1  2.949 0.000
5  0  1  2  131    8   28    8    4    2    1    0    1    0    1  4  4  1  1.070 0.000
5  0  1  2  132    2   22   69    2    0    0    0    1    0    1  4  3  0  0.674 0.000
5  0  2  2  133   14   34   27    7    0    0    0    1    1    0  4  4  1  0.317 0.000
5  0  2  2  134   13   33   41    7    0    0    0    1    1    0  4  2  1  0.563 0.000
5  0  2  2  135   22   32   15    7    0    0    0    0    0    0  3  3  1  0.784 0.000
5  0  2  2  136   11   31   68    7    0    0    0    1    1    0  4  4  1  0.876 0.000
5  0  2  2  137   24   34   33    7    0    0    0    0    0    0  3  1  1  0.996 0.000
5  0  2  2  138   10   30   71    7    0    0    0    1    1    0  4  2  1  1.095 0.000
5  0  2  2  139   33   33   75    7    0    0    0    0    1    1  3  2  1  1.550 0.000
5  0  2  2  140   26   36   44    7    0    1    1    0    0    0  1  4  0  1.003 0.000
5  0  2  2  141   21   31   13    7    0    0    1    0    0    0  1  3  1  1.082 0.000
5  0  2  2  142   17   37   69    7    0    1    0    1    1    0  4  4  1  0.745 0.000
5  0  2  2  143   18   38   75    7    0    1    1    1    1    0  2  4  1  0.895 0.000
5  0  2  2  144   37   37   71    7    0    1    0    0    1    1  3  3  1  1.006 0.000
5  0  2  2  145   31   31   24    7    0    0    0    0    1    1  3  2  1  1.297 0.000
5  0  2  2  146    6   36    0    7    0    1    1    1    0    1  1  1  1  1.048 0.000
5  0  2  2  147   12   32   55    7    0    0    1    1    1    0  2  2  1  0.617 0.000
5  0  2  2  148   16   36   26    7    0    1    0    1    1    0  4  4  1  0.612 0.000
5  0  2  2  149   27   37   76    7    0    1    1    0    0    0  1  1  1  0.695 0.000
5  0  2  2  150    8   38   65    7    0    1    0    1    0    1  4  2  0  0.662 0.000
5  0  2  2  151   29   39   45    7    0    1    1    0    0    0  1  3  1  1.018 0.000
5  0  2  2  152   38   38   16    7    0    1    0    0    1    1  3  2  1  1.028 0.000
5  0  2  2  153   25   35   59    7    0    1    1    0    0    0  1  1  1  0.686 0.000
5  0  2  2  154    0   30   14    7    0    0    1    1    0    1  1  4  1  0.782 0.000
5  0  2  2  155    4   34    7    7    0    0    1    1    0    1  1  4  1  1.169 0.000
5  0  2  2  156   36   36    7    7    0    1    0    0    1    1  3  2  1  0.678 0.000
5  0  2  2  157   30   30   29    7    0    0    0    0    1    1  3  4  0  0.766 0.000
5  0  2  2  158   15   35   63    7    0    1    1    1    1    0  2  2  1  1.566 0.000
5  0  2  2  159   32   32   22    7    0    0    1    0    1    1  2  2  1  1.074 0.000
5  0  2  2  160   39   39    1    7    0    1    0    0    1    1  3  3  1  0.555 0.000
5  0  2  2  161   23   33   29    7    0    0    0    0    0    0  3  3  1  1.087 0.000
5  0  2  2  162   28   38   69    7    0    1    1    0    0    0  1  1  1  0.567 0.000
5  0  2  2  163   35   35   34    7    0    1    0    0    1    1  3  2  1  1.411 0.000
5  0  2  2  164    1   31   58    7    0    0    0    1    0    1  4  4  1  0.605 0.000
5  0  2  2  165    2   32   38    7    0    0    0    1    0    1  4  3  0  0.752 0.000
5  0  2  2  166    9   39   27    7    0    1    1    1    0    1  1  1  1  1.353 0.000
5  0  2  2  167    3   33   60    7    0    0    1    1    0    1  1  1  1  0.886 0.000
5  0  2  2  168   19   39   11    7    0    1    0    1    1    0  4  2  1  0.972 0.000
5  0  2  2  169    5   35   57    7    0    1    1    1    0    1  1  4  1  1.073 0.000
5  0  2  2  170   34   34   30    7    0    0    1    0    1    1  2  3  1  0.833 0.000
5  0  2  2  171    7   37    2    7    0    1    0    1    0    1  4  2  0  0.555 0.000
5  0  2  2  172   20   30   70    7    0    0    0    0    0    0  3  1  1  0.971 0.000
5  0  1  3  173   28   48   56    0    2    1    1    0    0    0  1  1  1  1.181 0.000
5  0  1  3  174   24   44   14    1    1    0    1    0    0    0  1  1  1  0.660 0.000
5  0  1  3  175   19   49   73    4    2    1    0    1    1    0  4  4  1  0.609 0.000
5  0  1  3  176   13   43   48    2    1    0    0    1    1    0  4  4  1  0.607 0.000
5  0  1  3  177    8   48   21    3    2    1    1    1    0    1  1  1  1  0.660 0.000
5  0  1  3  178   39   49   55    4    2    1    0    0    1    1  3  3  1  0.657 0.000
5  0  1  3  179   34   44   66    1    1    0    0    0    1    1  3  3  1  1.077 0.000
5  0  1  3  180   36   46   52    3    2    1    1    0    1    1  2  2  1  1.201 0.000
5  0  1  3  181   22   42   53    4    1    0    1    0    0    0  1  1  1  1.014 0.000
5  0  1  3  182   30   40   51    2    0    0    1    0    1    1  2  1  0  1.140 0.000
5  0  1  3  183   27   47    2    1    0    1    0    0    0    0  3  1  0  0.789 0.000
5  0  1  3  184   37   47   47    3    2    1    1    0    1    1  2  2  1  0.700 0.000
5  0  1  3  185    1   41   67    4    1    0    1    1    0    1  1  1  1  0.670 0.000
5  0  1  3  186   32   42   33    0    1    0    1    0    1    1  2  2  1  1.513 0.000
5  0  1  3  187   25   45   64    1    1    1    0    0    0    0  3  3  1  1.092 0.000
5  0  1  3  188   21   41    9    3    1    0    0    0    0    0  3  3  1  1.030 0.000
5  0  1  3  189   15   45   33    0    1    1    1    1    1    0  2  2  1  1.163 0.000
5  0  1  3  190    0   40   42    4    0    0    1    1    0    1  1  3  0  0.828 0.000
5  0  1  3  191   14   44   19    2    1    0    1    1    1    0  2  2  1  1.306 0.000
5  0  1  3  192    4   44    6    3    1    0    1    1    0    1  1  1  1  2.987 0.000
5  0  1  3  193   23   43   78    4    1    0    1    0    0    0  1  1  1  0.842 0.000
5  0  1  3  194   31   41   10    1    1    0    1    0    1    1  2  2  1  0.975 0.000
5  0  1  3  195   38   48   37    2    0    1    0    0    1    1  3  4  0  1.070 0.000
5  0  1  3  196   17   47   34    3    2    1    1    1    1    0  2  2  1  2.506 0.000
5  0  1  3  197   33   43   38    1    1    0    1    0    1    1  2  2  1  2.020 0.000
5  0  1  3  198   20   40   32    0    2    0    1    0    0    0  1  1  1  1.426 0.000
5  0  1  3  199   26   46   50    4    2    1    0    0    0    0  3  3  1  0.694 0.000
5  0  1  3  200    7   47   22    1    2    1    1    1    0    1  1  1  1  1.793 0.000
5  0  1  3  201    9   49   56    0    2    1    0    1    0    1  4  4  1  3.289 0.000
5  0  1  3  202   29   49   27    4    2    1    1    0    0    0  1  1  1  3.395 0.000
5  0  1  3  203   35   45   23    2    1    1    0    0    1    1  3  3  1  2.482 0.000
5  0  1  3  204   16   46    9    0    2    1    1    1    1    0  2  2  1  2.996 0.000
5  0  1  3  205   12   42   67    1    1    0    1    1    1    0  2  2  1  1.556 0.000
5  0  1  3  206    2   42   49    2    1    0    1    1    0    1  1  1  1  0.956 0.000
5  0  1  3  207    6   46   53    0    2    1    0    1    0    1  4  4  1  3.557 0.000
5  0  1  3  208    5   45   46    1    1    1    1    1    0    1  1  1  1  2.804 0.000
5  0  1  3  209   10   40   45    4    2    0    1    1    1    0  2  2  1  1.403 0.000
5  0  1  3  210   18   48   56    3    2    1    0    1    1    0  4  4  1  1.769 0.000
5  0  1  3  211    3   43   54    1    1    0    0    1    0    1  4  4  1  1.184 0.000
5  0  1  3  212   11   41   50    2    1    0    0    1    1    0  4  4  1  0.543 0.000
5  0  2  3  213    1   51   55    7    0    0    0    1    0    1  4  4  1  0.656 0.000
5  0  2  3  214   13   53   72    7    0    0    0    1    1    0  4  4  1  0.689 0.000
5  0  2  3  215   28   58   65    7    0    1    1    0    0    0  1  1  1  0.567 0.000
5  0  2  3  216    0   50   77    7    0    0    1    1    0    1  1  1  1  0.876 0.000
5  0  2  3  217   31   51   78    7    0    0    1    0    1    1  2  3  1  0.828 0.000
5  0  2  3  218   38   58   20    7    0    1    0    0    1    1  3  3  1  0.750 0.000
5  0  2  3  219    2   52    1    7    0    0    0    1    0    1  4  1  1  0.715 0.000
5  0  2  3  220    9   59   64    7    0    1    1    1    0    1  1  1  1  0.689 0.000
5  0  2  3  221   35   55    9    7    0    1    0    0    1    1  3  3  1  0.873 0.000
5  0  2  3  222   18   58   59    7    0    1    1    1    1    0  2  2  1  0.969 0.000
5  0  2  3  223   19   59   77    7    0    1    0    1    1    0  4  2  1  0.661 0.000
5  0  2  3  224   37   57   64    7    0    1    1    0    1    1  2  2  1  0.581 0.000
5  0  2  3  225   33   53   62    7    0    0    1    0    1    1  2  3  1  0.594 0.000
5  0  2  3  226    7   57   25    7    0    1    0    1    0    1  4  4  1  0.589 0.000
5  0  2  3  227   32   52   49    7    0    0    0    0    1    1  3  3  1  0.785 0.000
5  0  2  3  228    3   53   36    7    0    0    0    1    0    1  4  1  1  0.629 0.000
5  0  2  3  229   24   54   49    7    0    0    0    0    0    0  3  1  1  0.662 0.000
5  0  2  3  230   14   54   14    7    0    0    0    1    1    0  4  4  1  0.615 0.000
5  0  2  3  231   23   53   38    7    0    0    0    0    0    0  3  2  0  0.658 0.000
5  0  2  3  232   30   50   56    7    0    0    0    0    1    1  3  2  1  0.926 0.000
5  0  2  3  233    6   56   24    7    0    1    1    1    0    1  1  1  1  0.739 0.000
5  0  2  3  234   11   51    6    7    0    0    1    1    1    0  2  4  1  1.169 0.000
5  0  2  3  235   25   55   43    7    0    1    0    0    0    0  3  3  1  1.173 0.000
5  0  2  3  236   12   52   15    7    0    0    0    1    1    0  4  2  1  1.554 0.000
5  0  2  3  237   34   54   65    7    0    0    0    0    1    1  3  2  1  0.910 0.000
5  0  2  3  238    8   58   59    7    0    1    1    1    0    1  1  1  1  0.781 0.000
5  0  2  3  239   16   56   17    7    0    1    0    1    1    0  4  4  1  0.561 0.000
5  0  2  3  240   29   59   35    7    0    1    1    0    0    0  1  3  1  1.126 0.000
5  0  2  3  241   39   59    4    7    0    1    0    0    1    1  3  3  1  1.036 0.000
5  0  2  3  242   36   56   31    7    0    1    1    0    1    1  2  2  1  0.653 0.000
5  0  2  3  243   22   52    5    7    0    0    1    0    0    0  1  3  1  0.734 0.000
5  0  2  3  244   15   55   65    7    0    1    0    1    1    0  4  4  1  0.900 0.000
5  0  2  3  245   10   50    4    7    0    0    0    1    1    0  4  4  1  0.947 0.000
5  0  2  3  246   21   51    3    7    0    0    0    0    0    0  3  1  1  0.832 0.000
5  0  2  3  247    4   54   72    7    0    0    0    1    0    1  4  1  1  0.706 0.000
5  0  2  3  248    5   55   76    7    0    1    1    1    0    1  1  1  1  0.649 0.000
5  0  2  3  249   20   50   60    7    0    0    1    0    0    0  1  1  1  0.699 0.000
5  0  2  3  250   26   56   52    7    0    1    0    0    0    0  3  3  1  1.627 0.000
5  0  2  3  251   27   57    0    7    0    1    1    0    0    0  1  3  1  0.724 0.000
5  0  2  3  252   17   57    8    7    0    1    0    1    1    0  4  4  1  0.682 0.000
5  0  1  4  253    0   60   62    1    2    0    0    1    0    1  4  4  1  0.998 0.000
5  0  1  4  254    1   61   28    4    1    0    0    1    0    1  4  4  1  0.629 0.000
5  0  1  4  255   30   60   57    3    2    0    0    0    1    1  3  3  1  0.651 0.000
5  0  1  4  256    5   65   17    2    0    1    1    1    0    1  1  4  0  0.854 0.000
5  0  1  4  257   17   67   53    4    2    1    0    1    1    0  4  4  1  0.683 0.000
5  0  1  4  258   33   63   27    1    1    0    0    0    1    1  3  3  1  0.622 0.000
5  0  1  4  259   34   64   40    0    1    0    0    0    1    1  3  3  1  0.732 0.000
5  0  1  4  260   24   64    8    3    1    0    0    0    0    0  3  3  1  0.693 0.000
5  0  1  4  261   26   66   39    4    2    1    1    0    0    0  1  1  1  0.744 0.000
5  0  1  4  262    4   64   33    0    1    0    1    1    0    1  1  1  1  0.761 0.000
5  0  1  4  263   36   66   53    3    2    1    0    0    1    1  3  3  1  0.729 0.000
5  0  1  4  264   37   67   18    4    2    1    1    0    1    1  2  2  1  1.058 0.000
5  0  1  4  265   25   65   20    2    1    1    0    0    0    0  3  3  1  0.710 0.000
5  0  1  4  266   19   69    0    3    0    1    1    1    1    0  2  4  0  0.816 0.000
5  0  1  4  267   21   61   71    4    0    0    1    0    0    0  1  2  0  0.487 0.000
5  0  1  4  268   11   61   18    1    1    0    1    1    1    0  2  2  1  1.545 0.000
5  0  1  4  269   32   62   43    3    0    0    1    0    1    1  2  1  0  0.954 0.000
5  0  1  4  270   18   68   52    4    2    1    0    1    1    0  4  4  1  2.538 0.000
5  0  1  4  271   27   67   30    2    2    1    1    0    0    0  1  1  1  1.987 0.000
5  0  1  4  272   23   63    6    3    1    0    1    0    0    0  1  1  1  1.377 0.000
5  0  1  4  273    7   67   70    0    2    1    0    1    0    1  4  4  1  1.121 0.000
5  0  1  4  274    3   63   50    4    1    0    0    1    0    1  4  4  1  0.931 0.000
5  0  1  4  275   39   69   67    2    2    1    1    0    1    1  2  2  1  1.051 0.000
5  0  1  4  276    6   66   19    1    2    1    0    1    0    1  4  4  1  1.528 0.000
5  0  1  4  277   15   65   21    0    1    1    1    1    1    0  2  2  1  0.617 0.000
5  0  1  4  278   16   66    7    4    2    1    0    1    1    0  4  4  1  0.647 0.000
5  0  1  4  279   13   63   20    2    1    0    0    1    1    0  4  4  1  0.515 0.000
5  0  1  4  280   10   60   46    0    2    0    0    1    1    0  4  4  1  0.517 0.000
5  0  1  4  281    9   69   30    1    2    1    1    1    0    1  1  1  1  0.631 0.000
5  0  1  4  282   31   61   46    2    1    0    1    0    1    1  2  2  1  1.493 0.000
5  0  1  4  283    2   62   29    4    1    0    1    1    0    1  1  1  1  1.007 0.000
5  0  1  4  284   20   60   22    0    2    0    1    0    0    0  1  1  1  0.709 0.000
5  0  1  4  285    8   68    9    2    2    1    0    1    0    1  4  4  1  0.623 0.000
5  0  1  4  286   22   62   23    3    1    0    0    0    0    0  3  3  1  3.261 0.000
5  0  1  4  287   12   62    2    1    1    0    0    1    1    0  4  4  1  0.961 0.000
5  0  1  4  288   14   64   39    0    1    0    0    1    1    0  4  4  1  0.553 0.000
5  0  1  4  289   28   68   55    3    2    1    1    0    0    0  1  1  1  0.609 0.000
5  0  1  4  290   29   69   48    1    0    1    0    0    0    0  3  1  0  0.968 0.000
5  0  1  4  291   35   65   41    0    1    1    1    0    1    1  2  2  1  0.814 0.000
5  0  1  4  292   38   68    5    4    2    1    0    0    1    1  3  3  1  1.477 0.000
5  0  2  4  293   26   76   47    7    0    1    1    0    0    0  1  3  1  0.808 0.000
5  0  2  4  294   10   70   12    7    0    0    1    1    1    0  2  2  1  1.107 0.000
5  0  2  4  295   37   77    8    7    0    1    0    0    1    1  3  2  1  1.145 0.000
5  0  2  4  296   14   74   25    7    0    0    0    1    1    0  4  4  1  1.431 0.000
5  0  2  4  297   39   79   15    7    0    1    1    0    1    1  2  3  1  0.633 0.000
5  0  2  4  298   11   71   74    7    0    0    1    1    1    0  2  2  1  1.075 0.000
5  0  2  4  299   17   77   62    7    0    1    0    1    1    0  4  4  1  0.882 0.000
5  0  2  4  300    4   74   41    7    0    0    0    1    0    1  4  1  1  1.155 0.000
5  0  2  4  301    3   73    5    7    0    0    0    1    0    1  4  4  1  1.712 0.000
5  0  2  4  302    5   75   44    7    0    1    1    1    0    1  1  4  1  0.615 0.000
5  0  2  4  303    8   78   52    7    0    1    0    1    0    1  4  1  1  1.273 0.000
5  0  2  4  304   36   76   44    7    0    1    1    0    1    1  2  3  1  1.137 0.000
5  0  2  4  305   15   75   78    7    0    1    0    1    1    0  4  4  1  1.231 0.000
5  0  2  4  306   27   77   28    7    0    1    1    0    0    0  1  3  1  1.425 0.000
5  0  2  4  307   16   76   24    7    0    1    0    1    1    0  4  2  1  0.770 0.000
5  0  2  4  308   34   74   13    7    0    0    0    0    1    1  3  2  1  1.335 0.000
5  0  2  4  309   31   71   48    7    0    0    0    0    1    1  3  2  1  1.228 0.000
5  0  2  4  310   18   78   29    7    0    1    1    1    1    0  2  2  1  0.631 0.000
5  0  2  4  311   19   79   60    7    0    1    0    1    1    0  4  4  1  0.648 0.000
5  0  2  4  312   33   73   74    7    0    0    0    0    1    1  3  3  1  0.658 0.000
5  0  2  4  313   13   73   22    7    0    0    0    1    1    0  4  2  1  0.915 0.000
5  0  2  4  314   32   72   77    7    0    0    0    0    1    1  3  2  1  0.665 0.000
5  0  2  4  315   25   75   17    7    0    1    1    0    0    0  1  3  1  0.498 0.000
5  0  2  4  316   38   78   12    7    0    1    0    0    1    1  3  1  0  0.649 0.000
5  0  2  4  317   29   79   42    7    0    1    1    0    0    0  1  3  1  1.550 0.000
5  0  2  4  318   23   73   75    7    0    0    1    0    0    0  1  3  1  0.779 0.000
5  0  2  4  319   28   78   72    7    0    1    0    0    0    0  3  2  0  0.671 0.000
5  0  2  4  320    7   77   31    7    0    1    1    1    0    1  1  4  1  1.706 0.000
5  0  2  4  321   21   71   10    7    0    0    1    0    0    0  1  2  0  2.577 0.000
5  0  2  4  322    2   72   13    7    0    0    1    1    0    1  1  1  1  0.809 0.000
5  0  2  4  323   12   72   61    7    0    0    1    1    1    0  2  2  1  0.812 0.000
5  0  2  4  324   24   74   63    7    0    0    1    0    0    0  1  3  1  1.078 0.000
5  0  2  4  325    9   79    3    7    0    1    0    1    0    1  4  4  1  1.870 0.000
5  0  2  4  326   35   75   45    7    0    1    1    0    1    1  2  3  1  1.271 0.000
5  0  2  4  327    1   71   48    7    0    0    1    1    0    1  1  1  1  0.679 0.000
5  0  2  4  328   20   70   79    7    0    0    1    0    0    0  1  1  1  0.622 0.000
5  0  2  4  329   22   72   11    7    0    0    1    0    0    0  1  1  1  1.344 0.000
5  0  2  4  330    6   76   23    7    0    1    0    1    0    1  4  4  1  1.230 0.000
5  0  2  4  331   30   70   58    7    0    0    0    0    1    1  3  3  1  0.848 0.000
5  0  2  4  332    0   70   51    7    0    0    0    1    0    1  4  3  0  0.641 0.000
