24  0  0  0    1    0   -1   40    1    0    1    1    0    1    1  4  1  0  3.314 0.000
24  0  0  0    2    0   -1   40    4    0    0    1    1    0    1  3  1  0  5.876 0.000
24  0  0  0    3    0   -1   40    0    0    1    0    1    0    1  2  2  1  1.471 0.000
24  0  0  0    4    0   -1   40    2    0    1    1    1    0    1  3  3  1  2.815 0.000
24  0  0  0    5    0   -1   40    4    0    1    0    1    0    1  2  3  0  3.219 0.000
24  0  0  0    6    0   -1   40    1    0    1    1    1    0    1  3  3  1  0.952 0.000
24  0  0  0    7    0   -1   40    2    0    0    1    0    1    1  4  4  1  1.149 0.000
24  0  0  0    8    0   -1   40    4    0    0    1    1    0    1  3  3  1  1.186 0.000
24  0  0  0    9    0   -1   40    1    0    0    1    0    0    0  3  3  1  1.007 0.000
24  0  0  0   10    0   -1   40    2    0    1    0    0    1    1  1  2  0  2.497 0.000
24  0  0  0   11    0   -1   40    4    0    1    1    0    0    0  3  3  1  0.956 0.000
24  0  0  0   12    0   -1   40    1    0    0    1    1    0    1  3  3  1  1.624 0.000
24  0  1  1   13    1    1   12    2    0    0    1    1    0    1  3  1  0  4.591 0.000
24  0  1  1   14   36    6   59    3    1    1    0    0    1    1  1  1  1  3.678 0.000
24  0  1  1   15   26    6   59    0    1    1    1    0    0    0  3  3  1  2.250 0.000
24  0  1  1   16   10    0   69    2    1    0    1    1    1    0  4  4  1  3.199 0.000
24  0  1  1   17   21    1   65    4    2    0    1    0    0    0  3  3  1  4.125 0.000
24  0  1  1   18    8    8   35    1    1    1    0    1    0    1  2  2  1  1.895 0.000
24  0  1  1   19   25    5    3    0    2    1    1    0    0    0  3  3  1  1.570 0.000
24  0  1  1   20   29    9    9    4    1    1    0    0    0    0  1  1  1  1.657 0.000
24  0  1  1   21   27    7    1    1    1    1    1    0    0    0  3  3  1  0.974 0.000
24  0  1  1   22   20    0   43    2    1    0    1    0    0    0  3  3  1  0.638 0.000
24  0  1  1   23    0    0   30    0    1    0    1    1    0    1  3  3  1  0.690 0.000
24  0  1  1   24   31    1   63    3    2    0    1    0    1    1  4  4  1  0.612 0.000
24  0  1  1   25   17    7   74    2    1    1    0    1    1    0  2  2  1  1.636 0.000
24  0  1  1   26   39    9   61    0    1    1    1    0    1    1  4  4  1  0.648 0.000
24  0  1  1   27   33    3   50    1    2    0    1    0    1    1  4  4  1  1.437 0.000
24  0  1  1   28   18    8   48    4    1    1    0    1    1    0  2  2  1  0.882 0.000
24  0  1  1   29   19    9   51    3    1    1    1    1    1    0  4  4  1  0.812 0.000
24  0  1  1   30    6    6   24    1    1    1    0    1    0    1  2  2  1  1.115 0.000
24  0  1  1   31   38    8    9    0    1    1    1    0    1    1  4  4  1  0.612 0.000
24  0  1  1   32   23    3   71    4    2    0    1    0    0    0  3  3  1  0.858 0.000
24  0  1  1   33    2    2   15    3    2    0    1    1    0    1  3  3  1  0.888 0.000
24  0  1  1   34    5    5   77    0    2    1    0    1    0    1  2  2  1  0.810 0.000
24  0  1  1   35   11    1   68    4    2    0    0    1    1    0  2  2  1  0.815 0.000
24  0  1  1   36   12    2   54    1    2    0    0    1    1    0  2  2  1  0.654 0.000
24  0  1  1   37   14    4   12    2    2    0    0    1    1    0  2  2  1  0.738 0.000
24  0  1  1   38    7    7   29    3    0    1    1    1    0    1  3  2  0  0.771 0.000
24  0  1  1   39   28    8   67    0    1    1    0    0    0    0  1  1  1  1.057 0.000
24  0  1  1   40   15    5   59    2    2    1    1    1    1    0  4  4  1  2.958 0.000
24  0  1  1   41   32    2   56    3    2    0    1    0    1    1  4  4  1  0.790 0.000
24  0  1  1   42    4    4   72    0    2    0    1    1    0    1  3  3  1  0.645 0.000
24  0  1  1   43   37    7   69    1    1    1    0    0    1    1  1  1  1  1.185 0.000
24  0  1  1   44   34    4   47    2    2    0    0    0    1    1  1  1  1  1.056 0.000
24  0  1  1   45    3    3   28    4    2    0    0    1    0    1  2  2  1  2.164 0.000
24  0  1  1   46   24    4   70    0    2    0    0    0    0    0  1  1  1  1.076 0.000
24  0  1  1   47   22    2   27    3    2    0    0    0    0    0  1  1  1  0.927 0.000
24  0  1  1   48   16    6   78    2    1    1    1    1    1    0  4  4  1  1.785 0.000
24  0  1  1   49    9    9    7    4    1    1    0    1    0    1  2  2  1  1.360 0.000
24  0  1  1   50   13    3   22    0    2    0    0    1    1    0  2  2  1  0.751 0.000
24  0  1  1   51   35    5   11    3    2    1    1    0    1    1  4  4  1  0.784 0.000
24  0  1  1   52   30    0   65    2    1    0    1    0    1    1  4  4  1  0.663 0.000
24  0  2  1   53    7   17   73    7    0    1    0    1    0    1  2  4  0  0.691 0.000
24  0  2  1   54   20   10   19    7    0    0    0    0    0    0  1  3  1  1.126 0.000
24  0  2  1   55   19   19   62    7    0    1    1    1    1    0  4  2  1  0.964 0.000
24  0  2  1   56   15   15   57    7    0    1    0    1    1    0  2  1  0  0.809 0.000
24  0  2  1   57   21   11   38    7    0    0    0    0    0    0  1  3  1  1.687 0.000
24  0  2  1   58    6   16    6    7    0    1    1    1    0    1  3  2  1  1.342 0.000
24  0  2  1   59    3   13   62    7    0    0    1    1    0    1  3  2  1  1.636 0.000
24  0  2  1   60    8   18   57    7    0    1    0    1    0    1  2  3  1  0.941 0.000
24  0  2  1   61   30   10   44    7    0    0    0    0    1    1  1  4  1  1.243 0.000
24  0  2  1   62   34   14   39    7    0    0    0    0    1    1  1  1  1  1.508 0.000
24  0  2  1   63    0   10   63    7    0    0    0    1    0    1  2  2  1  0.811 0.000
24  0  2  1   64    1   11   48    7    0    0    0    1    0    1  2  2  1  0.837 0.000
24  0  2  1   65    2   12   16    7    0    0    0    1    0    1  2  3  1  1.767 0.000
24  0  2  1   66   11   11   32    7    0    0    0    1    1    0  2  2  1  0.859 0.000
24  0  2  1   67   24   14   61    7    0    0    0    0    0    0  1  1  1  0.835 0.000
24  0  2  1   68   37   17   67    7    0    1    1    0    1    1  4  4  1  0.757 0.000
24  0  2  1   69   29   19   78    7    0    1    0    0    0    0  1  3  1  0.874 0.000
24  0  2  1   70   13   13   77    7    0    0    0    1    1    0  2  2  1  0.961 0.000
24  0  2  1   71   16   16    8    7    0    1    1    1    1    0  4  2  1  1.582 0.000
24  0  2  1   72   33   13   66    7    0    0    1    0    1    1  4  4  1  1.043 0.000
24  0  2  1   73   23   13   45    7    0    0    1    0    0    0  3  3  1  0.676 0.000
24  0  2  1   74   39   19   79    7    0    1    0    0    1    1  1  1  1  1.675 0.000
24  0  2  1   75   38   18   17    7    0    1    1    0    1    1  4  1  1  1.036 0.000
24  0  2  1   76   10   10   28    7    0    0    1    1    1    0  4  2  1  1.085 0.000
24  0  2  1   77   31   11   42    7    0    0    1    0    1    1  4  4  1  1.525 0.000
24  0  2  1   78    4   14    8    7    0    0    1    1    0    1  3  3  1  1.530 0.000
24  0  2  1   79   26   16   44    7    0    1    0    0    0    0  1  3  1  2.345 0.000
24  0  2  1   80   32   12   19    7    0    0    0    0    1    1  1  4  1  0.862 0.000
24  0  2  1   81   25   15   64    7    0    1    1    0    0    0  3  1  1  0.935 0.000
24  0  2  1   82   12   12   66    7    0    0    1    1    1    0  4  2  1  0.685 0.000
24  0  2  1   83    9   19   69    7    0    1    0    1    0    1  2  2  1  0.956 0.000
24  0  2  1   84   27   17   48    7    0    1    1    0    0    0  3  3  1  1.161 0.000
24  0  2  1   85   22   12   56    7    0    0    1    0    0    0  3  3  1  1.605 0.000
24  0  2  1   86   36   16   38    7    0    1    0    0    1    1  1  4  1  1.185 0.000
24  0  2  1   87    5   15   49    7    0    1    1    1    0    1  3  2  1  0.707 0.000
24  0  2  1   88   35   15    4    7    0    1    0    0    1    1  1  1  1  0.890 0.000
24  0  2  1   89   28   18    4    7    0    1    1    0    0    0  3  1  1  0.818 0.000
24  0  2  1   90   14   14   55    7    0    0    1    1    1    0  4  2  1  0.996 0.000
24  0  2  1   91   18   18   38    7    0    1    0    1    1    0  2  2  1  0.663 0.000
24  0  2  1   92   17   17   34    7    0    1    1    1    1    0  4  4  1  1.176 0.000
24  0  1  2   93   10   20   72    0    1    0    1    1    1    0  4  4  1  1.291 0.000
24  0  1  2   94   27   27   14    3    0    1    0    0    0    0  1  2  0  1.373 0.000
24  0  1  2   95   13   23   58    2    2    0    0    1    1    0  2  2  1  3.325 0.000
24  0  1  2   96   29   29   68    1    1    1    1    0    0    0  3  3  1  1.095 0.000
24  0  1  2   97    4   24   78    3    2    0    1    1    0    1  3  3  1  1.682 0.000
24  0  1  2   98   37   27   48    0    1    1    0    0    1    1  1  1  1  2.116 0.000
24  0  1  2   99   34   24   22    2    2    0    0    0    1    1  1  1  1  0.814 0.000
24  0  1  2  100   22   22   73    4    2    0    0    0    0    0  1  1  1  1.524 0.000
24  0  1  2  101   15   25    6    0    2    1    1    1    1    0  4  4  1  1.997 0.000
24  0  1  2  102   12   22   37    3    2    0    1    1    1    0  4  4  1  1.212 0.000
24  0  1  2  103   33   23   46    2    2    0    1    0    1    1  4  4  1  0.866 0.000
24  0  1  2  104   30   20   24    4    1    0    1    0    1    1  4  4  1  2.589 0.000
24  0  1  2  105    6   26   79    3    1    1    0    1    0    1  2  2  1  1.036 0.000
24  0  1  2  106   31   21   14    1    2    0    0    0    1    1  1  1  1  1.249 0.000
24  0  1  2  107   11   21   36    2    2    0    0    1    1    0  2  2  1  0.910 0.000
24  0  1  2  108   19   29   27    4    1    1    1    1    1    0  4  4  1  1.648 0.000
24  0  1  2  109   32   22   35    1    2    0    1    0    1    1  4  4  1  1.253 0.000
24  0  1  2  110   20   20   47    2    1    0    1    0    0    0  3  3  1  1.321 0.000
24  0  1  2  111    5   25   68    3    2    1    0    1    0    1  2  2  1  1.099 0.000
24  0  1  2  112   35   25    5    1    2    1    1    0    1    1  4  4  1  1.149 0.000
24  0  1  2  113    9   29   32    2    1    1    0    1    0    1  2  2  1  1.022 0.000
24  0  1  2  114    3   23   41    4    2    0    0    1    0    1  2  2  1  1.019 0.000
24  0  1  2  115   39   29   55    0    1    1    1    0    1    1  4  4  1  1.152 0.000
24  0  1  2  116    2   22   19    1    2    0    1    1    0    1  3  3  1  1.680 0.000
24  0  1  2  117   24   24   50    3    2    0    1    0    0    0  3  3  1  1.620 0.000
24  0  1  2  118   16   26   26    4    1    1    0    1    1    0  2  2  1  0.594 0.000
24  0  1  2  119    1   21   37    0    2    0    0    1    0    1  2  2  1  0.592 0.000
24  0  1  2  120    8   28   61    2    1    1    1    1    0    1  3  3  1  1.903 0.000
24  0  1  2  121   17   27   30    1    1    1    0    1    1    0  2  2  1  0.809 0.000
24  0  1  2  122   14   24    3    0    2    0    0    1    1    0  2  2  1  0.703 0.000
24  0  1  2  123   23   23   34    4    2    0    0    0    0    0  1  1  1  0.649 0.000
24  0  1  2  124    7   27   39    2    1    1    1    1    0    1  3  3  1  1.254 0.000
24  0  1  2  125   26   26   33    3    1    1    0    0    0    0  1  1  1  0.762 0.000
24  0  1  2  126   28   28   51    4    1    1    1    0    0    0  3  3  1  1.370 0.000
24  0  1  2  127   18   28   61    2    1    1    0    1    1    0  2  2  1  0.736 0.000
24  0  1  2  128   38   28   62    1    1    1    1    0    1    1  4  4  1  0.993 0.000
24  0  1  2  129   21   21   16    3    2    0    1    0    0    0  3  3  1  1.800 0.000
24  0  1  2  130   25   25   32    2    2    1    0    0    0    0  1  1  1  1.478 0.000
24  0  1  2  131    0   20   65    0    1    0    0    1    0    1  2  2  1  0.889 0.000
24  0  1  2  132   36   26   60    1    1    1    1    0    1    1  4  4  1  1.324 0.000
24  0  2  2  133   15   35   63    7    0    1    0    1    1    0  2  4  1  1.286 0.000
24  0  2  2  134   37   37   52    7    0    1    1    0    1    1  4  4  1  1.413 0.000
24  0  2  2  135   14   34   23    7    0    0    1    1    1    0  4  2  1  1.024 0.000
24  0  2  2  136   35   35   30    7    0    1    0    0    1    1  1  4  1  0.770 0.000
24  0  2  2  137   10   30   41    7    0    0    0    1    1    0  2  2  1  1.294 0.000
24  0  2  2  138   16   36   29    7    0    1    1    1    1    0  4  2  1  0.765 0.000
24  0  2  2  139    6   36   40    7    0    1    0    1    0    1  2  2  1  0.666 0.000
24  0  2  2  140    1   31   36    7    0    0    0    1    0    1  2  3  1  1.243 0.000
24  0  2  2  141   30   30   72    7    0    0    0    0    1    1  1  4  1  0.748 0.000
24  0  2  2  142    5   35   22    7    0    1    1    1    0    1  3  2  1  0.962 0.000
24  0  2  2  143   12   32   49    7    0    0    1    1    1    0  4  2  1  1.158 0.000
24  0  2  2  144   28   38   57    7    0    1    0    0    0    0  1  3  1  1.795 0.000
24  0  2  2  145   11   31    2    7    0    0    0    1    1    0  2  2  1  1.447 0.000
24  0  2  2  146   39   39   31    7    0    1    1    0    1    1  4  4  1  1.999 0.000
24  0  2  2  147    2   32   47    7    0    0    1    1    0    1  3  2  1  0.699 0.000
24  0  2  2  148   32   32   76    7    0    0    1    0    1    1  4  1  1  1.451 0.000
24  0  2  2  149   23   33   23    7    0    0    1    0    0    0  3  1  1  0.804 0.000
24  0  2  2  150   27   37   52    7    0    1    0    0    0    0  1  1  1  1.159 0.000
24  0  2  2  151   13   33   45    7    0    0    0    1    1    0  2  4  1  1.347 0.000
24  0  2  2  152   36   36   28    7    0    1    1    0    1    1  4  4  1  1.008 0.000
24  0  2  2  153    8   38    0    7    0    1    0    1    0    1  2  3  1  0.867 0.000
24  0  2  2  154   33   33   27    7    0    0    0    0    1    1  1  1  1  1.035 0.000
24  0  2  2  155   26   36   60    7    0    1    1    0    0    0  3  3  1  1.980 0.000
24  0  2  2  156   20   30   25    7    0    0    1    0    0    0  3  3  1  0.848 0.000
24  0  2  2  157   17   37   31    7    0    1    0    1    1    0  2  2  1  1.034 0.000
24  0  2  2  158    4   34   43    7    0    0    0    1    0    1  2  2  1  1.212 0.000
24  0  2  2  159   21   31   42    7    0    0    0    0    0    0  1  1  1  1.030 0.000
24  0  2  2  160    7   37    5    7    0    1    1    1    0    1  3  3  1  2.104 0.000
24  0  2  2  161   24   34   18    7    0    0    1    0    0    0  3  3  1  1.759 0.000
24  0  2  2  162   25   35   75    7    0    1    0    0    0    0  1  3  1  0.972 0.000
24  0  2  2  163   38   38   36    7    0    1    1    0    1    1  4  1  1  0.935 0.000
24  0  2  2  164   31   31   57    7    0    0    1    0    1    1  4  1  1  0.789 0.000
24  0  2  2  165    0   30   27    7    0    0    1    1    0    1  3  2  1  0.904 0.000
24  0  2  2  166   18   38    1    7    0    1    0    1    1    0  2  4  1  1.519 0.000
24  0  2  2  167    3   33   56    7    0    0    0    1    0    1  2  3  1  1.125 0.000
24  0  2  2  168   19   39   75    7    0    1    1    1    1    0  4  2  1  0.907 0.000
24  0  2  2  169   22   32   39    7    0    0    1    0    0    0  3  1  1  0.778 0.000
24  0  2  2  170   34   34   29    7    0    0    1    0    1    1  4  1  1  1.046 0.000
24  0  2  2  171   29   39   30    7    0    1    0    0    0    0  1  3  1  3.183 0.000
24  0  2  2  172    9   39   44    7    0    1    1    1    0    1  3  3  1  0.819 0.000
24  0  1  3  173    9   49   59    1    1    1    0    1    0    1  2  2  1  0.886 0.000
24  0  1  3  174   15   45    5    4    2    1    1    1    1    0  4  4  1  1.185 0.000
24  0  1  3  175   18   48   52    2    1    1    0    1    1    0  2  2  1  1.039 0.000
24  0  1  3  176   22   42   12    3    2    0    0    0    0    0  1  1  1  0.764 0.000
24  0  1  3  177    2   42   53    0    2    0    0    1    0    1  2  2  1  0.797 0.000
24  0  1  3  178   38   48   77    4    1    1    1    0    1    1  4  4  1  1.539 0.000
24  0  1  3  179   29   49   22    1    1    1    0    0    0    0  1  1  1  0.756 0.000
24  0  1  3  180   14   44    0    2    2    0    0    1    1    0  2  2  1  0.604 0.000
24  0  1  3  181   21   41    8    3    2    0    0    0    0    0  1  1  1  0.658 0.000
24  0  1  3  182    4   44   71    0    2    0    0    1    0    1  2  2  1  0.654 0.000
24  0  1  3  183   39   49   58    1    1    1    1    0    1    1  4  4  1  0.738 0.000
24  0  1  3  184   23   43    7    3    2    0    1    0    0    0  3  3  1  0.747 0.000
24  0  1  3  185   30   40   74    2    1    0    1    0    1    1  4  4  1  0.596 0.000
24  0  1  3  186   28   48   29    4    1    1    0    0    0    0  1  1  1  0.659 0.000
24  0  1  3  187   24   44    6    0    2    0    0    0    0    0  1  1  1  0.878 0.000
24  0  1  3  188   11   41   25    2    2    0    0    1    1    0  2  2  1  0.730 0.000
24  0  1  3  189    8   48   10    3    1    1    1    1    0    1  3  3  1  1.011 0.000
24  0  1  3  190   37   47   70    0    1    1    0    0    1    1  1  1  1  0.761 0.000
24  0  1  3  191    3   43   45    4    2    0    0    1    0    1  2  2  1  0.745 0.000
24  0  1  3  192   12   42   42    2    2    0    0    1    1    0  2  2  1  0.570 0.000
24  0  1  3  193   34   44   37    1    2    0    0    0    1    1  1  1  1  1.066 0.000
24  0  1  3  194   36   46   18    3    0    1    1    0    1    1  4  1  0  0.973 0.000
24  0  1  3  195    7   47   17    0    1    1    0    1    0    1  2  2  1  0.949 0.000
24  0  1  3  196   31   41   51    1    2    0    0    0    1    1  1  1  1  0.750 0.000
24  0  1  3  197   16   46   17    2    1    1    1    1    1    0  4  4  1  1.286 0.000
24  0  1  3  198   13   43   14    4    2    0    1    1    1    0  4  4  1  2.256 0.000
24  0  1  3  199   27   47   79    1    1    1    0    0    0    0  1  1  1  1.452 0.000
24  0  1  3  200    5   45   70    0    2    1    1    1    0    1  3  3  1  1.329 0.000
24  0  1  3  201   35   45    0    4    2    1    0    0    1    1  1  1  1  0.754 0.000
24  0  1  3  202   17   47   24    2    1    1    1    1    1    0  4  4  1  0.970 0.000
24  0  1  3  203   10   40   15    1    1    0    1    1    1    0  4  4  1  0.889 0.000
24  0  1  3  204   19   49   60    3    1    1    0    1    1    0  2  2  1  0.740 0.000
24  0  1  3  205   33   43   20    0    2    0    0    0    1    1  1  1  1  0.629 0.000
24  0  1  3  206   25   45   55    1    2    1    1    0    0    0  3  3  1  1.146 0.000
24  0  1  3  207   32   42   26    3    2    0    1    0    1    1  4  4  1  1.147 0.000
24  0  1  3  208   20   40   63    4    1    0    1    0    0    0  3  3  1  0.956 0.000
24  0  1  3  209   26   46   28    1    1    1    0    0    0    0  1  1  1  1.235 0.000
24  0  1  3  210    0   40   67    0    1    0    0    1    0    1  2  2  1  0.792 0.000
24  0  1  3  211    6   46   13    3    1    1    1    1    0    1  3  3  1  1.335 0.000
24  0  1  3  212    1   41   74    2    2    0    1    1    0    1  3  3  1  1.296 0.000
24  0  2  3  213   22   52   49    7    0    0    1    0    0    0  3  3  1  0.794 0.000
24  0  2  3  214   23   53   40    7    0    0    1    0    0    0  3  1  1  1.806 0.000
24  0  2  3  215   28   58   72    7    0    1    0    0    0    0  1  1  1  1.593 0.000
24  0  2  3  216    6   56   18    7    0    1    1    1    0    1  3  3  1  1.229 0.000
24  0  2  3  217   25   55   54    7    0    1    0    0    0    0  1  3  1  0.790 0.000
24  0  2  3  218    1   51    2    7    0    0    0    1    0    1  2  3  1  0.890 0.000
24  0  2  3  219    8   58   38    7    0    1    1    1    0    1  3  3  1  1.033 0.000
24  0  2  3  220   12   52   39    7    0    0    1    1    1    0  4  4  1  1.019 0.000
24  0  2  3  221   33   53   23    7    0    0    1    0    1    1  4  1  1  0.756 0.000
24  0  2  3  222    2   52   64    7    0    0    1    1    0    1  3  3  1  0.825 0.000
24  0  2  3  223   38   58    2    7    0    1    0    0    1    1  1  4  1  0.835 0.000
24  0  2  3  224   17   57   10    7    0    1    1    1    1    0  4  2  1  1.245 0.000
24  0  2  3  225   39   59   41    7    0    1    0    0    1    1  1  1  1  1.559 0.000
24  0  2  3  226   26   56   74    7    0    1    1    0    0    0  3  1  1  0.723 0.000
24  0  2  3  227   37   57   78    7    0    1    0    0    1    1  1  4  1  0.697 0.000
24  0  2  3  228   21   51   66    7    0    0    0    0    0    0  1  3  1  0.824 0.000
24  0  2  3  229    4   54   33    7    0    0    0    1    0    1  2  1  0  1.115 0.000
24  0  2  3  230   31   51   12    7    0    0    0    0    1    1  1  1  1  1.796 0.000
24  0  2  3  231   19   59    9    7    0    1    1    1    1    0  4  2  1  1.472 0.000
24  0  2  3  232   11   51   35    7    0    0    1    1    1    0  4  2  1  1.344 0.000
24  0  2  3  233   34   54   43    7    0    0    1    0    1    1  4  4  1  1.262 0.000
24  0  2  3  234    3   53   60    7    0    0    1    1    0    1  3  2  1  0.622 0.000
24  0  2  3  235    7   57   76    7    0    1    0    1    0    1  2  2  1  1.232 0.000
24  0  2  3  236   16   56   16    7    0    1    1    1    1    0  4  2  1  0.730 0.000
24  0  2  3  237   36   56   54    7    0    1    0    0    1    1  1  1  1  0.993 0.000
24  0  2  3  238   29   59   20    7    0    1    1    0    0    0  3  3  1  0.947 0.000
24  0  2  3  239   20   50   13    7    0    0    1    0    0    0  3  3  1  1.929 0.000
24  0  2  3  240   27   57   17    7    0    1    0    0    0    0  1  3  1  1.127 0.000
24  0  2  3  241   18   58    7    7    0    1    1    1    1    0  4  2  1  0.845 0.000
24  0  2  3  242    5   55   11    7    0    1    0    1    0    1  2  3  1  0.806 0.000
24  0  2  3  243    9   59   66    7    0    1    1    1    0    1  3  3  1  1.073 0.000
24  0  2  3  244   15   55   18    7    0    1    0    1    1    0  2  4  1  1.033 0.000
24  0  2  3  245   10   50   44    7    0    0    0    1    1    0  2  2  1  0.819 0.000
24  0  2  3  246   35   55   16    7    0    1    1    0    1    1  4  1  1  1.077 0.000
24  0  2  3  247   24   54   77    7    0    0    1    0    0    0  3  1  1  1.237 0.000
24  0  2  3  248   13   53   46    7    0    0    1    1    1    0  4  2  1  0.774 0.000
24  0  2  3  249   32   52    7    7    0    0    1    0    1    1  4  1  1  0.811 0.000
24  0  2  3  250   30   50   53    7    0    0    1    0    1    1  4  4  1  0.829 0.000
24  0  2  3  251   14   54   13    7    0    0    1    1    1    0  4  4  1  1.215 0.000
24  0  2  3  252    0   50   14    7    0    0    1    1    0    1  3  3  1  1.850 0.000
24  0  1  4  253   31   61   73    0    2    0    1    0    1    1  4  4  1  0.730 0.000
24  0  1  4  254   20   60   53    2    1    0    1    0    0    0  3  3  1  1.100 0.000
24  0  1  4  255   28   68   26    3    1    1    0    0    0    0  1  1  1  1.054 0.000
24  0  1  4  256   27   67   76    4    1    1    1    0    0    0  3  3  1  1.777 0.000
24  0  1  4  257    2   62   50    2    2    0    1    1    0    1  3  3  1  0.889 0.000
24  0  1  4  258   18   68   11    3    1    1    0    1    1    0  2  2  1  0.972 0.000
24  0  1  4  259    6   66   26    1    1    1    1    1    0    1  3  3  1  0.708 0.000
24  0  1  4  260   36   66   15    0    1    1    0    0    1    1  1  1  1  0.701 0.000
24  0  1  4  261    9   69   42    2    1    1    1    1    0    1  3  3  1  0.839 0.000
24  0  1  4  262   25   65   37    4    2    1    0    0    0    0  1  1  1  0.588 0.000
24  0  1  4  263    3   63   55    0    2    0    0    1    0    1  2  2  1  0.787 0.000
24  0  1  4  264   12   62   47    3    2    0    0    1    1    0  2  2  1  0.682 0.000
24  0  1  4  265   34   64   13    2    2    0    0    0    1    1  1  1  1  0.677 0.000
24  0  1  4  266    8   68   52    1    1    1    1    1    0    1  3  3  1  0.856 0.000
24  0  1  4  267    1   61   23    4    2    0    1    1    0    1  3  3  1  0.773 0.000
24  0  1  4  268   29   69   24    0    1    1    0    0    0    0  1  1  1  0.684 0.000
24  0  1  4  269   35   65   45    2    2    1    1    0    1    1  4  4  1  1.670 0.000
24  0  1  4  270   16   66   50    3    1    1    0    1    1    0  2  2  1  0.786 0.000
24  0  1  4  271   11   61   73    0    2    0    0    1    1    0  2  2  1  1.617 0.000
24  0  1  4  272   13   63   70    1    2    0    0    1    1    0  2  2  1  0.734 0.000
24  0  1  4  273   26   66   41    2    1    1    1    0    0    0  3  3  1  0.735 0.000
24  0  1  4  274   24   64   46    3    2    0    1    0    0    0  3  3  1  0.744 0.000
24  0  1  4  275   23   63   11    4    2    0    1    0    0    0  3  3  1  0.705 0.000
24  0  1  4  276   15   65   71    2    2    1    0    1    1    0  2  2  1  0.434 0.000
24  0  1  4  277    0   60   58    3    1    0    0    1    0    1  2  2  1  0.551 0.000
24  0  1  4  278   19   69   19    1    1    1    1    1    1    0  4  4  1  0.807 0.000
24  0  1  4  279   38   68   71    0    1    1    0    0    1    1  1  1  1  1.742 0.000
24  0  1  4  280   33   63   33    4    2    0    0    0    1    1  1  1  1  0.606 0.000
24  0  1  4  281   21   61   36    2    2    0    0    0    0    0  1  1  1  0.788 0.000
24  0  1  4  282    5   65   21    0    2    1    1    1    0    1  3  3  1  0.619 0.000
24  0  1  4  283   22   62   69    1    2    0    1    0    0    0  3  3  1  0.761 0.000
24  0  1  4  284   30   60   49    2    1    0    1    0    1    1  4  4  1  2.232 0.000
24  0  1  4  285    7   67    9    0    1    1    0    1    0    1  2  2  1  1.054 0.000
24  0  1  4  286    4   64   75    4    2    0    0    1    0    1  2  2  1  0.866 0.000
24  0  1  4  287   32   62   40    1    2    0    0    0    1    1  1  1  1  0.614 0.000
24  0  1  4  288   10   60   20    3    1    0    0    1    1    0  2  2  1  0.508 0.000
24  0  1  4  289   14   64   76    4    2    0    0    1    1    0  2  2  1  0.582 0.000
24  0  1  4  290   17   67    4    2    1    1    1    1    1    0  4  4  1  1.598 0.000
24  0  1  4  291   39   69   25    0    1    1    0    0    1    1  1  1  1  1.221 0.000
24  0  1  4  292   37   67    8    1    1    1    1    0    1    1  4  4  1  1.625 0.000
24  0  2  4  293   31   71    1    7    0    0    1    0    1    1  4  4  1  4.255 0.000
24  0  2  4  294   39   79    6    7    0    1    0    0    1    1  1  4  1  0.688 0.000
24  0  2  4  295    9   79   25    7    0    1    1    1    0    1  3  3  1  2.263 0.000
24  0  2  4  296   32   72   64    7    0    0    1    0    1    1  4  4  1  1.088 0.000
24  0  2  4  297    4   74    4    7    0    0    1    1    0    1  3  3  1  1.095 0.000
24  0  2  4  298    8   78    1    7    0    1    0    1    0    1  2  2  1  0.487 0.000
24  0  2  4  299   36   76   10    7    0    1    1    0    1    1  4  1  1  0.878 0.000
24  0  2  4  300    6   76   20    7    0    1    0    1    0    1  2  2  1  1.214 0.000
24  0  2  4  301   13   73   43    7    0    0    0    1    1    0  2  4  1  0.921 0.000
24  0  2  4  302    3   73   34    7    0    0    0    1    0    1  2  2  1  0.615 0.000
24  0  2  4  303   20   70   31    7    0    0    0    0    0    0  1  1  1  0.921 0.000
24  0  2  4  304   19   79   40    7    0    1    1    1    1    0  4  4  1  1.031 0.000
24  0  2  4  305   34   74   21    7    0    0    1    0    1    1  4  4  1  0.858 0.000
24  0  2  4  306    5   75   46    7    0    1    0    1    0    1  2  2  1  0.579 0.000
24  0  2  4  307   18   78   21    7    0    1    1    1    1    0  4  4  1  0.815 0.000
24  0  2  4  308   30   70    3    7    0    0    1    0    1    1  4  4  1  0.665 0.000
24  0  2  4  309   26   76    0    7    0    1    0    0    0    0  1  3  1  0.738 0.000
24  0  2  4  310   29   79   15    7    0    1    1    0    0    0  3  1  1  1.375 0.000
24  0  2  4  311   27   77   10    7    0    1    0    0    0    0  1  3  1  0.876 0.000
24  0  2  4  312   22   72   21    7    0    0    0    0    0    0  1  1  1  0.587 0.000
24  0  2  4  313   21   71   62    7    0    0    0    0    0    0  1  3  1  0.559 0.000
24  0  2  4  314   37   77   75    7    0    1    1    0    1    1  4  4  1  0.780 0.000
24  0  2  4  315   33   73   32    7    0    0    1    0    1    1  4  4  1  0.648 0.000
24  0  2  4  316   38   78   34    7    0    1    0    0    1    1  1  4  1  0.697 0.000
24  0  2  4  317   10   70   53    7    0    0    0    1    1    0  2  4  1  1.440 0.000
24  0  2  4  318    2   72   54    7    0    0    0    1    0    1  2  2  1  0.578 0.000
24  0  2  4  319   15   75   67    7    0    1    1    1    1    0  4  2  1  0.830 0.000
24  0  2  4  320    0   70   31    7    0    0    1    1    0    1  3  2  1  0.896 0.000
24  0  2  4  321   23   73   35    7    0    0    1    0    0    0  3  1  1  0.871 0.000
24  0  2  4  322   16   76   33    7    0    1    0    1    1    0  2  2  1  0.919 0.000
24  0  2  4  323    7   77    3    7    0    1    1    1    0    1  3  3  1  1.293 0.000
24  0  2  4  324   24   74   58    7    0    0    1    0    0    0  3  3  1  0.893 0.000
24  0  2  4  325   35   75   68    7    0    1    0    0    1    1  1  4  1  0.757 0.000
24  0  2  4  326   28   78    5    7    0    1    1    0    0    0  3  3  1  0.753 0.000
24  0  2  4  327   17   77   79    7    0    1    0    1    1    0  2  4  1  0.662 0.000
24  0  2  4  328   11   71   64    7    0    0    0    1    1    0  2  4  1  1.246 0.000
24  0  2  4  329   14   74   56    7    0    0    0    1    1    0  2  4  1  0.728 0.000
24  0  2  4  330    1   71   51    7    0    0    0    1    0    1  2  2  1  0.525 0.000
24  0  2  4  331   12   72   65    7    0    0    0    1    1    0  2  2  1  0.668 0.000
24  0  2  4  332   25   75    2    7    0    1    1    0    0    0  3  1  1  0.820 0.000
