23  1  0  0    1    0   -1   53    3    0    0    0    0    0    0  3  0  0  10.000 0.000
23  1  0  0    2    0   -1   53    2    0    1    1    0    0    0  1  0  0  10.000 0.000
23  1  0  0    3    0   -1   53    0    0    0    1    1    1    0  2  0  0  10.000 0.000
23  1  0  0    4    0   -1   53    4    0    1    0    1    1    0  4  4  1  2.676 0.000
23  1  0  0    5    0   -1   53    2    0    0    0    1    1    0  4  4  1  2.877 0.000
23  1  0  0    6    0   -1   53    1    0    1    1    1    1    0  2  1  0  2.526 0.000
23  1  0  0    7    0   -1   53    3    0    0    1    0    1    1  2  2  1  3.096 0.000
23  1  0  0    8    0   -1   53    0    0    0    1    0    1    1  2  2  1  2.703 0.000
23  1  0  0    9    0   -1   53    2    0    1    0    0    0    0  3  3  1  3.990 0.000
23  1  0  0   10    0   -1   53    1    0    0    0    1    1    0  4  4  1  2.665 0.000
23  1  0  0   11    0   -1   53    4    0    1    1    1    0    1  1  1  1  1.994 0.000
23  1  0  0   12    0   -1   53    3    0    1    0    0    1    1  3  3  1  3.630 0.000
23  1  1  1   13    9    9   47    0    2    1    1    1    0    1  1  1  1  2.646 0.000
23  1  1  1   14    1    1    0    4    1    0    1    1    0    1  1  1  1  2.387 0.000
23  1  1  1   15   28    8   16    1    2    1    0    0    0    0  3  3  1  2.899 0.000
23  1  1  1   16   14    4   17    2    1    0    0    1    1    0  4  4  1  1.854 0.000
23  1  1  1   17   38    8   53    0    0    1    1    0    1    1  2  1  0  3.601 0.000
23  1  1  1   18   13    3   48    4    1    0    1    1    1    0  2  2  1  4.936 0.000
23  1  1  1   19   29    9   49    1    2    1    0    0    0    0  3  3  1  1.959 0.000
23  1  1  1   20   36    6   25    0    2    1    1    0    1    1  2  2  1  4.176 0.000
23  1  1  1   21   23    3   69    2    1    0    1    0    0    0  1  1  1  2.680 0.000
23  1  1  1   22    2    2   69    3    1    0    1    1    0    1  1  1  1  2.331 0.000
23  1  1  1   23   25    5   26    4    1    1    0    0    0    0  3  3  1  1.901 0.000
23  1  1  1   24   37    7   71    0    0    1    1    0    1    1  2  1  0  5.270 0.000
23  1  1  1   25   26    6   23    1    2    1    0    0    0    0  3  3  1  3.219 0.000
23  1  1  1   26   34    4    2    3    1    0    0    0    1    1  3  3  1  3.520 0.000
23  1  1  1   27    7    7   20    2    2    1    1    1    0    1  1  1  1  4.490 0.000
23  1  1  1   28   31    1   63    0    0    0    1    0    1    1  2  1  0  4.748 0.000
23  1  1  1   29    3    3   29    4    1    0    1    1    0    1  1  1  1  5.565 0.000
23  1  1  1   30   15    5   70    3    1    1    0    1    1    0  4  4  1  3.766 0.000
23  1  1  1   31   11    1   58    2    1    0    0    1    1    0  4  4  1  3.869 0.000
23  1  1  1   32   17    7   15    4    2    1    1    1    1    0  2  2  1  4.393 0.000
23  1  1  1   33   22    2   71    3    1    0    1    0    0    0  1  1  1  3.025 0.000
23  1  1  1   34   27    7   21    1    2    1    0    0    0    0  3  3  1  4.246 0.000
23  1  1  1   35   18    8   61    4    2    1    1    1    1    0  2  2  1  2.299 0.000
23  1  1  1   36   10    0   19    3    2    0    1    1    1    0  2  2  1  3.422 0.000
23  1  1  1   37    0    0   12    2    2    0    1    1    0    1  1  1  1  3.243 0.000
23  1  1  1   38   16    6   71    0    2    1    0    1    1    0  4  4  1  3.193 0.000
23  1  1  1   39    8    8   58    1    2    1    1    1    0    1  1  1  1  4.623 0.000
23  1  1  1   40   32    2   48    3    1    0    1    0    1    1  2  2  1  3.069 0.000
23  1  1  1   41   12    2   43    2    1    0    1    1    1    0  2  2  1  3.384 0.000
23  1  1  1   42   21    1   41    1    1    0    1    0    0    0  1  1  1  3.063 0.000
23  1  1  1   43   30    0   70    3    2    0    1    0    1    1  2  2  1  2.900 0.000
23  1  1  1   44   24    4   37    4    1    0    1    0    0    0  1  1  1  2.135 0.000
23  1  1  1   45   20    0   11    1    2    0    1    0    0    0  1  1  1  1.887 0.000
23  1  1  1   46   33    3   31    2    1    0    1    0    1    1  2  2  1  1.706 0.000
23  1  1  1   47    6    6   75    4    2    1    0    1    0    1  4  4  1  2.019 0.000
23  1  1  1   48    4    4    4    3    1    0    0    1    0    1  4  4  1  1.729 0.000
23  1  1  1   49    5    5   40    0    1    1    1    1    0    1  1  1  1  3.235 0.000
23  1  1  1   50   39    9    6    2    2    1    0    0    1    1  3  3  1  2.111 0.000
23  1  1  1   51   35    5    4    1    1    1    1    0    1    1  2  2  1  2.298 0.000
23  1  1  1   52   19    9   20    0    2    1    0    1    1    0  4  4  1  1.405 0.000
23  1  2  1   53   20   10    3    7    0    0    0    0    0    0  3  3  1  5.835 0.000
23  1  2  1   54   30   10    8    7    0    0    0    0    1    1  3  2  1  2.941 0.000
23  1  2  1   55    1   11   65    7    0    0    0    1    0    1  4  1  1  1.819 0.000
23  1  2  1   56   10   10   10    7    0    0    0    1    1    0  4  4  1  1.781 0.000
23  1  2  1   57   12   12   28    7    0    0    0    1    1    0  4  4  1  1.417 0.000
23  1  2  1   58   22   12   29    7    0    0    0    0    0    0  3  1  1  1.867 0.000
23  1  2  1   59    7   17    2    7    0    1    1    1    0    1  1  4  1  1.859 0.000
23  1  2  1   60    0   10   63    7    0    0    1    1    0    1  1  4  1  1.892 0.000
23  1  2  1   61   39   19   15    7    0    1    0    0    1    1  3  2  1  2.004 0.000
23  1  2  1   62   19   19   45    7    0    1    1    1    1    0  2  4  1  5.430 0.000
23  1  2  1   63   32   12   72    7    0    0    1    0    1    1  2  3  1  5.400 0.000
23  1  2  1   64   27   17   74    7    0    1    0    0    0    0  3  1  1  2.588 0.000
23  1  2  1   65   24   14   65    7    0    0    0    0    0    0  3  1  1  1.623 0.000
23  1  2  1   66    5   15   59    7    0    1    1    1    0    1  1  4  1  3.057 0.000
23  1  2  1   67   35   15    7    7    0    1    0    0    1    1  3  2  1  2.170 0.000
23  1  2  1   68   14   14   72    7    0    0    0    1    1    0  4  4  1  1.582 0.000
23  1  2  1   69   17   17   78    7    0    1    1    1    1    0  2  4  1  1.322 0.000
23  1  2  1   70    4   14   10    7    0    0    1    1    0    1  1  1  1  3.264 0.000
23  1  2  1   71    3   13   19    7    0    0    1    1    0    1  1  4  1  1.170 0.000
23  1  2  1   72   38   18   29    7    0    1    0    0    1    1  3  2  1  2.125 0.000
23  1  2  1   73   34   14   58    7    0    0    0    0    1    1  3  2  1  1.347 0.000
23  1  2  1   74   33   13   14    7    0    0    0    0    1    1  3  2  1  3.161 0.000
23  1  2  1   75   36   16   33    7    0    1    1    0    1    1  2  2  1  1.613 0.000
23  1  2  1   76   11   11   31    7    0    0    1    1    1    0  2  4  1  1.224 0.000
23  1  2  1   77   31   11   67    7    0    0    1    0    1    1  2  3  1  1.339 0.000
23  1  2  1   78   18   18   68    7    0    1    0    1    1    0  4  4  1  2.657 0.000
23  1  2  1   79   16   16   21    7    0    1    1    1    1    0  2  4  1  1.305 0.000
23  1  2  1   80    6   16   74    7    0    1    0    1    0    1  4  1  1  1.760 0.000
23  1  2  1   81   29   19    4    7    0    1    1    0    0    0  1  1  1  2.053 0.000
23  1  2  1   82   21   11   54    7    0    0    1    0    0    0  1  3  1  2.421 0.000
23  1  2  1   83    2   12   49    7    0    0    1    1    0    1  1  1  1  1.592 0.000
23  1  2  1   84    8   18    6    7    0    1    0    1    0    1  4  4  1  1.459 0.000
23  1  2  1   85   25   15   19    7    0    1    1    0    0    0  1  3  1  6.388 0.000
23  1  2  1   86   26   16   57    7    0    1    0    0    0    0  3  3  1  1.447 0.000
23  1  2  1   87   37   17   57    7    0    1    1    0    1    1  2  2  1  2.609 0.000
23  1  2  1   88    9   19    5    7    0    1    0    1    0    1  4  1  1  2.267 0.000
23  1  2  1   89   13   13   18    7    0    0    0    1    1    0  4  2  1  1.212 0.000
23  1  2  1   90   15   15   40    7    0    1    1    1    1    0  2  4  1  1.735 0.000
23  1  2  1   91   23   13   12    7    0    0    1    0    0    0  1  1  1  1.773 0.000
23  1  2  1   92   28   18   72    7    0    1    0    0    0    0  3  1  1  1.232 0.000
23  1  1  2   93   13   23   41    3    1    0    0    1    1    0  4  4  1  3.303 0.000
23  1  1  2   94   17   27   35    0    2    1    1    1    1    0  2  2  1  2.920 0.000
23  1  1  2   95    8   28   35    2    2    1    0    1    0    1  4  4  1  2.137 0.000
23  1  1  2   96    5   25   38    1    1    1    1    1    0    1  1  1  1  1.986 0.000
23  1  1  2   97   33   23   36    4    1    0    1    0    1    1  2  2  1  2.753 0.000
23  1  1  2   98   20   20   30    3    2    0    1    0    0    0  1  1  1  2.921 0.000
23  1  1  2   99   21   21   50    0    1    0    1    0    0    0  1  1  1  2.195 0.000
23  1  1  2  100   27   27    7    2    2    1    0    0    0    0  3  3  1  1.442 0.000
23  1  1  2  101   12   22   59    1    1    0    0    1    1    0  4  4  1  2.142 0.000
23  1  1  2  102    1   21   36    3    1    0    0    1    0    1  4  4  1  1.287 0.000
23  1  1  2  103    0   20   15    2    2    0    0    1    0    1  4  4  1  1.458 0.000
23  1  1  2  104   29   29   14    4    2    1    1    0    0    0  1  1  1  2.815 0.000
23  1  1  2  105   24   24   34    0    1    0    1    0    0    0  1  1  1  1.556 0.000
23  1  1  2  106    4   24    1    1    1    0    1    1    0    1  1  1  1  1.261 0.000
23  1  1  2  107   35   25   45    4    1    1    0    0    1    1  3  3  1  2.481 0.000
23  1  1  2  108   38   28   43    2    0    1    1    0    1    1  2  1  0  2.468 0.000
23  1  1  2  109    7   27   55    3    2    1    0    1    0    1  4  4  1  3.815 0.000
23  1  1  2  110   31   21   22    4    1    0    0    0    1    1  3  3  1  2.773 0.000
23  1  1  2  111   22   22   25    0    1    0    0    0    0    0  3  3  1  2.821 0.000
23  1  1  2  112   19   29   46    1    2    1    1    1    1    0  2  2  1  3.339 0.000
23  1  1  2  113   25   25   44    4    1    1    0    0    0    0  3  3  1  2.043 0.000
23  1  1  2  114   14   24   55    2    1    0    0    1    1    0  4  4  1  2.728 0.000
23  1  1  2  115   10   20   22    1    2    0    0    1    1    0  4  4  1  1.602 0.000
23  1  1  2  116    2   22   62    0    1    0    0    1    0    1  4  4  1  1.439 0.000
23  1  1  2  117   37   27   75    2    2    1    1    0    1    1  2  2  1  1.853 0.000
23  1  1  2  118   15   25    9    3    1    1    0    1    1    0  4  4  1  1.433 0.000
23  1  1  2  119    9   29   25    4    2    1    1    1    0    1  1  1  1  2.485 0.000
23  1  1  2  120   18   28   62    1    2    1    0    1    1    0  4  4  1  3.193 0.000
23  1  1  2  121   34   24   18    2    1    0    0    0    1    1  3  3  1  2.800 0.000
23  1  1  2  122    3   23   68    4    1    0    0    1    0    1  4  4  1  2.605 0.000
23  1  1  2  123   39   29   46    1    2    1    1    0    1    1  2  2  1  2.892 0.000
23  1  1  2  124   11   21   26    3    1    0    1    1    1    0  2  2  1  1.935 0.000
23  1  1  2  125   23   23   51    4    1    0    1    0    0    0  1  1  1  2.847 0.000
23  1  1  2  126    6   26   46    1    2    1    0    1    0    1  4  4  1  1.172 0.000
23  1  1  2  127   32   22    3    0    1    0    0    0    1    1  3  3  1  2.212 0.000
23  1  1  2  128   26   26   47    2    2    1    1    0    0    0  1  1  1  2.498 0.000
23  1  1  2  129   36   26   78    1    2    1    0    0    1    1  3  3  1  3.125 0.000
23  1  1  2  130   28   28   67    3    2    1    1    0    0    0  1  1  1  4.247 0.000
23  1  1  2  131   16   26   39    4    2    1    0    1    1    0  4  4  1  1.523 0.000
23  1  1  2  132   30   20    9    0    2    0    0    0    1    1  3  3  1  3.453 0.000
23  1  2  2  133   27   37   39    7    0    1    1    0    0    0  1  3  1  3.313 0.000
23  1  2  2  134   13   33   76    7    0    0    1    1    1    0  2  4  1  1.472 0.000
23  1  2  2  135   29   39   68    7    0    1    0    0    0    0  3  1  1  2.256 0.000
23  1  2  2  136   19   39   44    7    0    1    1    1    1    0  2  2  1  1.609 0.000
23  1  2  2  137   39   39   41    7    0    1    0    0    1    1  3  3  1  2.955 0.000
23  1  2  2  138    5   35   50    7    0    1    1    1    0    1  1  1  1  1.857 0.000
23  1  2  2  139   25   35   60    7    0    1    0    0    0    0  3  3  1  4.090 0.000
23  1  2  2  140   18   38    5    7    0    1    1    1    1    0  2  4  1  1.249 0.000
23  1  2  2  141   12   32   16    7    0    0    1    1    1    0  2  4  1  1.170 0.000
23  1  2  2  142   23   33   20    7    0    0    1    0    0    0  1  1  1  2.063 0.000
23  1  2  2  143   36   36   23    7    0    1    0    0    1    1  3  2  1  1.560 0.000
23  1  2  2  144   22   32   22    7    0    0    0    0    0    0  3  3  1  1.684 0.000
23  1  2  2  145   31   31   61    7    0    0    0    0    1    1  3  3  1  1.612 0.000
23  1  2  2  146    2   32   39    7    0    0    0    1    0    1  4  1  1  2.407 0.000
23  1  2  2  147   10   30   30    7    0    0    0    1    1    0  4  4  1  2.113 0.000
23  1  2  2  148   15   35   73    7    0    1    1    1    1    0  2  2  1  1.432 0.000
23  1  2  2  149   33   33   17    7    0    0    1    0    1    1  2  3  1  2.090 0.000
23  1  2  2  150   17   37   27    7    0    1    0    1    1    0  4  2  1  1.730 0.000
23  1  2  2  151   30   30   52    7    0    0    0    0    1    1  3  3  1  3.352 0.000
23  1  2  2  152   21   31   64    7    0    0    0    0    0    0  3  1  1  2.221 0.000
23  1  2  2  153   26   36   56    7    0    1    1    0    0    0  1  3  1  2.263 0.000
23  1  2  2  154   28   38   77    7    0    1    0    0    0    0  3  1  1  1.487 0.000
23  1  2  2  155    0   30   73    7    0    0    0    1    0    1  4  1  1  1.255 0.000
23  1  2  2  156    1   31   77    7    0    0    0    1    0    1  4  4  1  1.032 0.000
23  1  2  2  157   35   35   55    7    0    1    1    0    1    1  2  3  1  2.059 0.000
23  1  2  2  158   37   37   54    7    0    1    0    0    1    1  3  2  1  1.883 0.000
23  1  2  2  159   34   34   34    7    0    0    0    0    1    1  3  3  1  1.907 0.000
23  1  2  2  160    9   39   32    7    0    1    1    1    0    1  1  4  1  0.962 0.000
23  1  2  2  161    4   34   17    7    0    0    1    1    0    1  1  4  1  1.191 0.000
23  1  2  2  162   16   36   34    7    0    1    0    1    1    0  4  2  1  2.898 0.000
23  1  2  2  163   11   31    4    7    0    0    0    1    1    0  4  4  1  1.090 0.000
23  1  2  2  164    6   36   45    7    0    1    1    1    0    1  1  4  1  2.265 0.000
23  1  2  2  165   38   38   35    7    0    1    0    0    1    1  3  3  1  2.746 0.000
23  1  2  2  166   14   34    3    7    0    0    0    1    1    0  4  2  1  1.711 0.000
23  1  2  2  167    8   38   43    7    0    1    1    1    0    1  1  1  1  1.535 0.000
23  1  2  2  168    7   37   78    7    0    1    0    1    0    1  4  1  1  1.180 0.000
23  1  2  2  169   24   34   48    7    0    0    0    0    0    0  3  3  1  2.176 0.000
23  1  2  2  170   20   30   75    7    0    0    0    0    0    0  3  1  1  2.620 0.000
23  1  2  2  171    3   33   26    7    0    0    0    1    0    1  4  4  1  1.239 0.000
23  1  2  2  172   32   32   40    7    0    0    0    0    1    1  3  3  1  2.343 0.000
23  1  1  3  173   36   46   42    4    2    1    1    0    1    1  2  2  1  2.950 0.000
23  1  1  3  174    6   46   13    0    2    1    0    1    0    1  4  4  1  2.919 0.000
23  1  1  3  175   34   44    0    2    1    0    0    0    1    1  3  3  1  1.865 0.000
23  1  1  3  176   21   41   40    1    1    0    0    0    0    0  3  3  1  1.940 0.000
23  1  1  3  177   37   47   79    4    2    1    1    0    1    1  2  2  1  2.789 0.000
23  1  1  3  178   32   42   39    0    1    0    1    0    1    1  2  2  1  2.309 0.000
23  1  1  3  179   11   41    1    3    1    0    1    1    1    0  2  2  1  3.814 0.000
23  1  1  3  180    4   44   24    2    1    0    1    1    0    1  1  1  1  2.653 0.000
23  1  1  3  181   20   40   52    4    2    0    1    0    0    0  1  1  1  2.313 0.000
23  1  1  3  182   25   45    6    1    1    1    0    0    0    0  3  3  1  1.635 0.000
23  1  1  3  183   10   40   24    0    2    0    0    1    1    0  4  4  1  1.616 0.000
23  1  1  3  184   35   45   56    2    1    1    1    0    1    1  2  2  1  2.767 0.000
23  1  1  3  185   12   42   38    3    1    0    1    1    1    0  2  2  1  2.373 0.000
23  1  1  3  186    1   41   54    1    1    0    1    1    0    1  1  1  1  3.485 0.000
23  1  1  3  187   24   44   61    0    1    0    1    0    0    0  1  1  1  2.135 0.000
23  1  1  3  188   16   46   25    3    2    1    0    1    1    0  4  4  1  1.825 0.000
23  1  1  3  189   27   47   13    2    2    1    1    0    0    0  1  1  1  4.167 0.000
23  1  1  3  190   18   48   74    4    2    1    0    1    1    0  4  4  1  3.198 0.000
23  1  1  3  191   26   46   10    1    2    1    1    0    0    0  1  1  1  3.421 0.000
23  1  1  3  192    7   47   33    3    2    1    0    1    0    1  4  4  1  2.451 0.000
23  1  1  3  193   23   43   28    0    1    0    0    0    0    0  3  3  1  2.398 0.000
23  1  1  3  194   39   49   62    1    2    1    1    0    1    1  2  2  1  5.198 0.000
23  1  1  3  195   19   49   29    4    2    1    0    1    1    0  4  4  1  1.620 0.000
23  1  1  3  196    5   45    7    2    1    1    1    1    0    1  1  1  1  1.098 0.000
23  1  1  3  197   38   48    5    1    2    1    0    0    1    1  3  3  1  1.725 0.000
23  1  1  3  198    3   43   31    0    1    0    0    1    0    1  4  4  1  1.198 0.000
23  1  1  3  199   31   41   47    2    1    0    0    0    1    1  3  3  1  2.725 0.000
23  1  1  3  200   17   47   33    3    2    1    1    1    1    0  2  2  1  3.183 0.000
23  1  1  3  201    0   40   37    4    2    0    1    1    0    1  1  1  1  2.334 0.000
23  1  1  3  202    2   42   21    2    1    0    1    1    0    1  1  1  1  2.303 0.000
23  1  1  3  203    8   48   42    0    2    1    0    1    0    1  4  4  1  2.337 0.000
23  1  1  3  204   13   43   32    3    1    0    0    1    1    0  4  4  1  1.354 0.000
23  1  1  3  205    9   49   64    4    2    1    1    1    0    1  1  1  1  3.466 0.000
23  1  1  3  206   28   48   58    2    2    1    0    0    0    0  3  3  1  2.494 0.000
23  1  1  3  207   14   44   67    1    1    0    0    1    1    0  4  4  1  3.313 0.000
23  1  1  3  208   29   49   66    3    2    1    1    0    0    0  1  1  1  1.515 0.000
23  1  1  3  209   22   42    5    0    1    0    1    0    0    0  1  1  1  1.686 0.000
23  1  1  3  210   15   45   69    2    1    1    0    1    1    0  4  4  1  1.345 0.000
23  1  1  3  211   33   43   73    3    1    0    0    0    1    1  3  3  1  1.601 0.000
23  1  1  3  212   30   40   30    0    2    0    0    0    1    1  3  3  1  3.463 0.000
23  1  2  3  213   29   59   78    7    0    1    1    0    0    0  1  3  1  1.492 0.000
23  1  2  3  214   33   53   68    7    0    0    1    0    1    1  2  2  1  1.547 0.000
23  1  2  3  215   28   58   59    7    0    1    0    0    0    0  3  1  1  1.560 0.000
23  1  2  3  216   31   51   74    7    0    0    0    0    1    1  3  4  0  3.229 0.000
23  1  2  3  217    6   56   44    7    0    1    1    1    0    1  1  4  1  2.194 0.000
23  1  2  3  218   18   58   37    7    0    1    0    1    1    0  4  4  1  1.462 0.000
23  1  2  3  219   13   53   56    7    0    0    0    1    1    0  4  2  1  1.263 0.000
23  1  2  3  220   23   53   73    7    0    0    0    0    0    0  3  1  1  1.984 0.000
23  1  2  3  221   17   57   65    7    0    1    1    1    1    0  2  4  1  1.219 0.000
23  1  2  3  222    1   51   28    7    0    0    1    1    0    1  1  1  1  1.533 0.000
23  1  2  3  223    0   50   30    7    0    0    1    1    0    1  1  4  1  0.947 0.000
23  1  2  3  224   21   51   70    7    0    0    1    0    0    0  1  3  1  2.233 0.000
23  1  2  3  225   37   57   64    7    0    1    0    0    1    1  3  3  1  2.866 0.000
23  1  2  3  226   11   51   49    7    0    0    0    1    1    0  4  2  1  1.315 0.000
23  1  2  3  227   35   55    1    7    0    1    1    0    1    1  2  2  1  1.762 0.000
23  1  2  3  228   14   54   52    7    0    0    1    1    1    0  2  4  1  1.430 0.000
23  1  2  3  229    7   57   52    7    0    1    0    1    0    1  4  1  1  2.584 0.000
23  1  2  3  230   16   56    0    7    0    1    1    1    1    0  2  4  1  1.156 0.000
23  1  2  3  231   12   52   54    7    0    0    1    1    1    0  2  4  1  2.226 0.000
23  1  2  3  232    3   53   67    7    0    0    1    1    0    1  1  1  1  2.115 0.000
23  1  2  3  233   27   57    0    7    0    1    0    0    0    0  3  1  1  1.346 0.000
23  1  2  3  234   34   54   16    7    0    0    0    0    1    1  3  3  1  3.744 0.000
23  1  2  3  235    4   54   76    7    0    0    0    1    0    1  4  4  1  1.932 0.000
23  1  2  3  236   38   58   11    7    0    1    1    0    1    1  2  3  1  1.939 0.000
23  1  2  3  237   19   59   14    7    0    1    0    1    1    0  4  4  1  1.361 0.000
23  1  2  3  238   24   54   79    7    0    0    0    0    0    0  3  1  1  1.230 0.000
23  1  2  3  239   26   56   62    7    0    1    1    0    0    0  1  1  1  1.215 0.000
23  1  2  3  240    5   55   61    7    0    1    0    1    0    1  4  4  1  2.026 0.000
23  1  2  3  241   20   50   42    7    0    0    0    0    0    0  3  1  1  2.157 0.000
23  1  2  3  242   25   55   15    7    0    1    1    0    0    0  1  3  1  5.265 0.000
23  1  2  3  243   15   55   79    7    0    1    0    1    1    0  4  4  1  1.074 0.000
23  1  2  3  244   39   59   26    7    0    1    1    0    1    1  2  2  1  4.163 0.000
23  1  2  3  245   30   50   28    7    0    0    1    0    1    1  2  2  1  3.783 0.000
23  1  2  3  246    9   59   70    7    0    1    0    1    0    1  4  1  1  3.019 0.000
23  1  2  3  247   10   50   51    7    0    0    0    1    1    0  4  2  1  2.437 0.000
23  1  2  3  248   36   56   51    7    0    1    1    0    1    1  2  3  1  3.830 0.000
23  1  2  3  249    8   58   27    7    0    1    0    1    0    1  4  4  1  1.937 0.000
23  1  2  3  250   22   52   55    7    0    0    0    0    0    0  3  3  1  1.382 0.000
23  1  2  3  251   32   52   49    7    0    0    0    0    1    1  3  2  1  1.666 0.000
23  1  2  3  252    2   52   11    7    0    0    0    1    0    1  4  1  1  2.227 0.000
23  1  1  4  253   27   67   31    3    0    1    1    0    0    0  1  2  0  2.861 0.000
23  1  1  4  254   37   67   69    2    2    1    0    0    1    1  3  3  1  4.257 0.000
23  1  1  4  255   22   62   32    4    1    0    0    0    0    0  3  3  1  1.718 0.000
23  1  1  4  256    9   69   57    1    0    1    1    1    0    1  1  2  0  1.823 0.000
23  1  1  4  257   15   65   36    3    1    1    0    1    1    0  4  4  1  6.629 0.000
23  1  1  4  258   35   65   20    0    1    1    1    0    1    1  2  2  1  3.714 0.000
23  1  1  4  259   21   61   27    1    1    0    1    0    0    0  1  1  1  2.396 0.000
23  1  1  4  260    4   64   22    3    1    0    1    1    0    1  1  1  1  2.940 0.000
23  1  1  4  261    7   67   23    4    2    1    0    1    0    1  4  4  1  3.252 0.000
23  1  1  4  262   24   64    9    1    1    0    0    0    0    0  3  3  1  3.873 0.000
23  1  1  4  263   32   62   32    3    1    0    0    0    1    1  3  3  1  1.828 0.000
23  1  1  4  264   30   60   44    0    2    0    0    0    1    1  3  3  1  1.977 0.000
23  1  1  4  265   36   66   77    1    2    1    1    0    1    1  2  2  1  1.217 0.000
23  1  1  4  266   28   68   18    3    2    1    0    0    0    0  3  3  1  1.902 0.000
23  1  1  4  267   13   63   77    0    1    0    0    1    1    0  4  4  1  1.240 0.000
23  1  1  4  268   11   61   63    4    1    0    0    1    1    0  4  4  1  1.533 0.000
23  1  1  4  269    1   61   16    2    1    0    0    1    0    1  4  4  1  1.310 0.000
23  1  1  4  270   33   63   12    1    1    0    0    0    1    1  3  3  1  2.192 0.000
23  1  1  4  271   26   66   35    3    2    1    1    0    0    0  1  1  1  1.367 0.000
23  1  1  4  272   39   69   65    0    2    1    0    0    1    1  3  3  1  1.975 0.000
23  1  1  4  273   31   61   66    4    1    0    0    0    1    1  3  3  1  1.934 0.000
23  1  1  4  274    5   65    9    2    1    1    1    1    0    1  1  1  1  4.815 0.000
23  1  1  4  275   23   63   43    3    1    0    1    0    0    0  1  1  1  1.390 0.000
23  1  1  4  276    2   62   18    1    1    0    1    1    0    1  1  1  1  1.932 0.000
23  1  1  4  277    8   68   72    4    2    1    0    1    0    1  4  4  1  2.622 0.000
23  1  1  4  278   16   66   50    0    2    1    1    1    1    0  2  2  1  1.827 0.000
23  1  1  4  279   10   60    8    2    2    0    1    1    1    0  2  2  1  2.544 0.000
23  1  1  4  280    6   66   56    4    2    1    0    1    0    1  4  4  1  2.721 0.000
23  1  1  4  281   38   68   24    0    0    1    1    0    1    1  2  1  0  3.259 0.000
23  1  1  4  282   14   64   66    2    1    0    1    1    1    0  2  2  1  2.503 0.000
23  1  1  4  283   25   65   53    1    1    1    0    0    0    0  3  3  1  2.201 0.000
23  1  1  4  284   20   60   24    0    2    0    0    0    0    0  3  3  1  2.256 0.000
23  1  1  4  285    3   63   14    2    1    0    0    1    0    1  4  4  1  0.843 0.000
23  1  1  4  286   17   67    2    4    2    1    1    1    1    0  2  2  1  1.472 0.000
23  1  1  4  287   34   64   60    1    1    0    1    0    1    1  2  2  1  1.300 0.000
23  1  1  4  288   18   68   11    2    2    1    0    1    1    0  4  4  1  1.078 0.000
23  1  1  4  289   19   69   47    0    2    1    1    1    1    0  2  2  1  1.097 0.000
23  1  1  4  290   29   69   63    1    2    1    0    0    0    0  3  3  1  1.637 0.000
23  1  1  4  291   12   62   64    4    1    0    0    1    1    0  4  4  1  1.266 0.000
23  1  1  4  292    0   60   53    0    2    0    0    1    0    1  4  4  1  1.093 0.000
23  1  2  4  293    6   76   51    7    0    1    1    1    0    1  1  4  1  1.280 0.000
23  1  2  4  294   11   71   60    7    0    0    1    1    1    0  2  4  1  1.193 0.000
23  1  2  4  295   29   79   46    7    0    1    0    0    0    0  3  1  1  2.324 0.000
23  1  2  4  296   24   74   76    7    0    0    0    0    0    0  3  1  1  1.242 0.000
23  1  2  4  297   35   75   37    7    0    1    1    0    1    1  2  2  1  5.980 0.000
23  1  2  4  298    9   79   66    7    0    1    0    1    0    1  4  4  1  1.359 0.000
23  1  2  4  299   12   72   42    7    0    0    0    1    1    0  4  2  1  1.172 0.000
23  1  2  4  300   21   71   36    7    0    0    0    0    0    0  3  1  1  1.209 0.000
23  1  2  4  301    5   75    8    7    0    1    1    1    0    1  1  4  1  2.292 0.000
23  1  2  4  302   31   71   21    7    0    0    1    0    1    1  2  3  1  1.123 0.000
23  1  2  4  303    2   72   60    7    0    0    1    1    0    1  1  4  1  1.225 0.000
23  1  2  4  304   20   70   45    7    0    0    1    0    0    0  1  1  1  1.107 0.000
23  1  2  4  305   37   77   19    7    0    1    0    0    1    1  3  2  1  1.346 0.000
23  1  2  4  306    8   78   48    7    0    1    1    1    0    1  1  4  1  2.647 0.000
23  1  2  4  307   23   73    1    7    0    0    1    0    0    0  1  3  1  1.441 0.000
23  1  2  4  308   28   78    2    7    0    1    0    0    0    0  3  3  1  1.395 0.000
23  1  2  4  309   25   75   33    7    0    1    1    0    0    0  1  1  1  2.934 0.000
23  1  2  4  310   19   79   53    7    0    1    0    1    1    0  4  4  1  1.403 0.000
23  1  2  4  311   15   75   57    7    0    1    1    1    1    0  2  2  1  1.342 0.000
23  1  2  4  312   22   72   38    7    0    0    1    0    0    0  1  1  1  1.332 0.000
23  1  2  4  313   14   74    6    7    0    0    1    1    1    0  2  4  1  1.330 0.000
23  1  2  4  314   38   78   59    7    0    1    0    0    1    1  3  2  1  2.440 0.000
23  1  2  4  315   30   70   27    7    0    0    0    0    1    1  3  3  1  1.177 0.000
23  1  2  4  316    1   71    3    7    0    0    0    1    0    1  4  4  1  1.054 0.000
23  1  2  4  317   39   79   13    7    0    1    1    0    1    1  2  3  1  1.207 0.000
23  1  2  4  318    4   74   71    7    0    0    1    1    0    1  1  1  1  2.041 0.000
23  1  2  4  319   10   70   12    7    0    0    1    1    1    0  2  2  1  1.867 0.000
23  1  2  4  320   16   76    7    7    0    1    0    1    1    0  4  2  1  3.011 0.000
23  1  2  4  321    0   70   41    7    0    0    0    1    0    1  4  4  1  2.029 0.000
23  1  2  4  322    7   77   34    7    0    1    1    1    0    1  1  4  1  1.024 0.000
23  1  2  4  323   27   77   17    7    0    1    0    0    0    0  3  1  1  1.330 0.000
23  1  2  4  324   17   77   75    7    0    1    1    1    1    0  2  4  1  2.729 0.000
23  1  2  4  325   32   72   76    7    0    0    1    0    1    1  2  3  1  2.590 0.000
23  1  2  4  326   26   76    8    7    0    1    0    0    0    0  3  3  1  1.194 0.000
23  1  2  4  327   18   78   13    7    0    1    1    1    1    0  2  2  1  1.182 0.000
23  1  2  4  328    3   73   79    7    0    0    1    1    0    1  1  1  1  2.681 0.000
23  1  2  4  329   13   73   23    7    0    0    1    1    1    0  2  4  1  1.177 0.000
23  1  2  4  330   33   73   50    7    0    0    1    0    1    1  2  3  1  3.286 0.000
23  1  2  4  331   34   74   38    7    0    0    1    0    1    1  2  2  1  1.478 0.000
23  1  2  4  332   36   76   10    7    0    1    0    0    1    1  3  2  1  4.205 0.000
