10  1  0  0    1    0   -1    4    0    0    0    0    1    1    0  2  3  0  2.069 0.000
10  1  0  0    2    0   -1    4    3    0    1    1    0    0    0  3  3  1  3.602 0.000
10  1  0  0    3    0   -1    4    4    0    1    0    1    0    1  2  2  1  6.167 0.000
10  1  0  0    4    0   -1    4    2    0    1    1    1    1    0  4  2  0  2.140 0.000
10  1  0  0    5    0   -1    4    3    0    0    1    0    0    0  3  3  1  1.903 0.000
10  1  0  0    6    0   -1    4    1    0    1    0    0    0    0  1  1  1  2.288 0.000
10  1  0  0    7    0   -1    4    4    0    1    1    0    0    0  3  3  1  1.370 0.000
10  1  0  0    8    0   -1    4    3    0    1    0    0    1    1  1  1  1  2.656 0.000
10  1  0  0    9    0   -1    4    1    0    1    1    1    0    1  3  3  1  2.298 0.000
10  1  0  0   10    0   -1    4    0    0    0    1    0    0    0  3  3  1  0.932 0.000
10  1  0  0   11    0   -1    4    3    0    1    0    1    1    0  2  2  1  1.364 0.000
10  1  0  0   12    0   -1    4    4    0    1    1    1    1    0  4  4  1  3.978 0.000
10  1  1  1   13   18    8   21    1    0    1    0    1    1    0  2  1  0  2.730 0.000
10  1  1  1   14   31    1   51    2    2    0    0    0    1    1  1  1  1  8.157 0.000
10  1  1  1   15   14    4   47    0    2    0    0    1    1    0  2  2  1  1.327 0.000
10  1  1  1   16   32    2   50    1    2    0    0    0    1    1  1  1  1  1.083 0.000
10  1  1  1   17   26    6    7    2    0    1    1    0    0    0  3  2  0  1.296 0.000
10  1  1  1   18   39    9   65    3    1    1    0    0    1    1  1  1  1  1.557 0.000
10  1  1  1   19   33    3   37    4    2    0    0    0    1    1  1  1  1  3.080 0.000
10  1  1  1   20   20    0   29    0    1    0    0    0    0    0  1  1  1  1.091 0.000
10  1  1  1   21   30    0   23    2    1    0    0    0    1    1  1  1  1  1.208 0.000
10  1  1  1   22    3    3   74    4    2    0    0    1    0    1  2  2  1  1.498 0.000
10  1  1  1   23   25    5   26    3    2    1    1    0    0    0  3  3  1  1.981 0.000
10  1  1  1   24    2    2   75    0    2    0    1    1    0    1  3  3  1  0.702 0.000
10  1  1  1   25   21    1    1    1    2    0    1    0    0    0  3  3  1  0.923 0.000
10  1  1  1   26   28    8   13    3    1    1    0    0    0    0  1  1  1  2.343 0.000
10  1  1  1   27   37    7   21    2    0    1    1    0    1    1  4  1  0  1.265 0.000
10  1  1  1   28   35    5   64    1    2    1    0    0    1    1  1  1  1  2.279 0.000
10  1  1  1   29   11    1   54    4    2    0    0    1    1    0  2  2  1  1.246 0.000
10  1  1  1   30   17    7   36    2    0    1    1    1    1    0  4  2  0  0.892 0.000
10  1  1  1   31    8    8   19    1    1    1    0    1    0    1  2  2  1  1.832 0.000
10  1  1  1   32    4    4   16    4    2    0    0    1    0    1  2  2  1  3.208 0.000
10  1  1  1   33    0    0   76    3    1    0    0    1    0    1  2  2  1  1.408 0.000
10  1  1  1   34   29    9   74    2    1    1    1    0    0    0  3  3  1  2.199 0.000
10  1  1  1   35    5    5   54    1    2    1    0    1    0    1  2  2  1  0.832 0.000
10  1  1  1   36   24    4   64    3    2    0    0    0    0    0  1  1  1  0.768 0.000
10  1  1  1   37   36    6   74    4    1    1    1    0    1    1  4  4  1  2.857 0.000
10  1  1  1   38   38    8    3    1    1    1    0    0    1    1  1  1  1  1.360 0.000
10  1  1  1   39    6    6   69    0    1    1    1    1    0    1  3  3  1  1.370 0.000
10  1  1  1   40   27    7   37    4    1    1    0    0    0    0  1  1  1  1.172 0.000
10  1  1  1   41    7    7   13    3    1    1    1    1    0    1  3  3  1  1.949 0.000
10  1  1  1   42   16    6   59    2    1    1    0    1    1    0  2  2  1  0.992 0.000
10  1  1  1   43   22    2   79    0    0    0    0    0    0    0  1  3  0  2.009 0.000
10  1  1  1   44   15    5   12    4    2    1    1    1    1    0  4  4  1  1.976 0.000
10  1  1  1   45   12    2    9    1    2    0    1    1    1    0  4  4  1  2.210 0.000
10  1  1  1   46   34    4   53    2    2    0    1    0    1    1  4  4  1  1.658 0.000
10  1  1  1   47   10    0   56    0    1    0    1    1    1    0  4  4  1  1.049 0.000
10  1  1  1   48   19    9   39    1    1    1    0    1    1    0  2  2  1  0.871 0.000
10  1  1  1   49    1    1    5    3    0    0    0    1    0    1  2  3  0  1.133 0.000
10  1  1  1   50    9    9   78    0    1    1    1    1    0    1  3  3  1  1.392 0.000
10  1  1  1   51   13    3   48    4    0    0    1    1    1    0  4  3  0  3.456 0.000
10  1  1  1   52   23    3   63    2    2    0    1    0    0    0  3  3  1  1.095 0.000
10  1  2  1   53   27   17    0    7    0    1    0    0    0    0  1  3  1  1.852 0.000
10  1  2  1   54    1   11   42    7    0    0    0    1    0    1  2  3  1  1.039 0.000
10  1  2  1   55    3   13   39    7    0    0    0    1    0    1  2  2  1  0.986 0.000
10  1  2  1   56   30   10   75    7    0    0    0    0    1    1  1  4  1  2.184 0.000
10  1  2  1   57   15   15   53    7    0    1    1    1    1    0  4  2  1  0.573 0.000
10  1  2  1   58    7   17   47    7    0    1    0    1    0    1  2  2  1  0.683 0.000
10  1  2  1   59    8   18    2    7    0    1    1    1    0    1  3  2  1  0.997 0.000
10  1  2  1   60   10   10   76    7    0    0    1    1    1    0  4  4  1  1.610 0.000
10  1  2  1   61   13   13   64    7    0    0    1    1    1    0  4  2  1  2.239 0.000
10  1  2  1   62   20   10   61    7    0    0    1    0    0    0  3  3  1  1.178 0.000
10  1  2  1   63   21   11    9    7    0    0    1    0    0    0  3  3  1  0.951 0.000
10  1  2  1   64   14   14   58    7    0    0    1    1    1    0  4  2  1  1.062 0.000
10  1  2  1   65   35   15   57    7    0    1    0    0    1    1  1  4  1  1.937 0.000
10  1  2  1   66   39   19    5    7    0    1    1    0    1    1  4  4  1  1.097 0.000
10  1  2  1   67   28   18   54    7    0    1    0    0    0    0  1  3  1  0.945 0.000
10  1  2  1   68   12   12   32    7    0    0    0    1    1    0  2  2  1  0.752 0.000
10  1  2  1   69   37   17   14    7    0    1    1    0    1    1  4  4  1  1.024 0.000
10  1  2  1   70   34   14   62    7    0    0    1    0    1    1  4  4  1  1.564 0.000
10  1  2  1   71   38   18   30    7    0    1    0    0    1    1  1  4  1  1.146 0.000
10  1  2  1   72    4   14   40    7    0    0    0    1    0    1  2  2  1  0.769 0.000
10  1  2  1   73   26   16   27    7    0    1    1    0    0    0  3  3  1  1.447 0.000
10  1  2  1   74   31   11   56    7    0    0    1    0    1    1  4  1  1  0.731 0.000
10  1  2  1   75   32   12   46    7    0    0    1    0    1    1  4  1  1  0.842 0.000
10  1  2  1   76   22   12   20    7    0    0    1    0    0    0  3  3  1  1.021 0.000
10  1  2  1   77   17   17    8    7    0    1    0    1    1    0  2  4  1  0.802 0.000
10  1  2  1   78   19   19   49    7    0    1    1    1    1    0  4  2  1  0.735 0.000
10  1  2  1   79   18   18   72    7    0    1    0    1    1    0  2  2  1  0.718 0.000
10  1  2  1   80    2   12   77    7    0    0    0    1    0    1  2  2  1  0.662 0.000
10  1  2  1   81    6   16   64    7    0    1    1    1    0    1  3  2  1  1.177 0.000
10  1  2  1   82   29   19    8    7    0    1    0    0    0    0  1  3  1  0.791 0.000
10  1  2  1   83   16   16   71    7    0    1    1    1    1    0  4  3  0  0.597 0.000
10  1  2  1   84   33   13   15    7    0    0    1    0    1    1  4  4  1  1.941 0.000
10  1  2  1   85   25   15   48    7    0    1    0    0    0    0  1  1  1  1.140 0.000
10  1  2  1   86    0   10   29    7    0    0    0    1    0    1  2  2  1  0.716 0.000
10  1  2  1   87   36   16   78    7    0    1    1    0    1    1  4  1  1  0.901 0.000
10  1  2  1   88    5   15   17    7    0    1    0    1    0    1  2  2  1  0.974 0.000
10  1  2  1   89   23   13   36    7    0    0    0    0    0    0  1  3  1  1.083 0.000
10  1  2  1   90   11   11    1    7    0    0    0    1    1    0  2  2  1  0.997 0.000
10  1  2  1   91   24   14   65    7    0    0    0    0    0    0  1  3  1  0.746 0.000
10  1  2  1   92    9   19   33    7    0    1    1    1    0    1  3  1  0  1.834 0.000
10  1  1  2   93   31   21   24    3    2    0    1    0    1    1  4  4  1  1.412 0.000
10  1  1  2   94   34   24   32    4    0    0    1    0    1    1  4  3  0  1.516 0.000
10  1  1  2   95    0   20    0    1    1    0    1    1    0    1  3  3  1  1.752 0.000
10  1  1  2   96   20   20   58    0    1    0    1    0    0    0  3  3  1  1.771 0.000
10  1  1  2   97    8   28    8    4    1    1    0    1    0    1  2  2  1  1.020 0.000
10  1  1  2   98   28   28   10    2    1    1    1    0    0    0  3  3  1  0.972 0.000
10  1  1  2   99   37   27   69    0    1    1    0    0    1    1  1  1  1  1.238 0.000
10  1  1  2  100    7   27   66    1    1    1    1    1    0    1  3  3  1  0.885 0.000
10  1  1  2  101   15   25   74    4    2    1    0    1    1    0  2  2  1  0.921 0.000
10  1  1  2  102   16   26   14    3    1    1    1    1    1    0  4  4  1  2.014 0.000
10  1  1  2  103    4   24   10    0    2    0    1    1    0    1  3  3  1  1.110 0.000
10  1  1  2  104   23   23   66    1    2    0    1    0    0    0  3  3  1  0.705 0.000
10  1  1  2  105   10   20   51    4    0    0    1    1    1    0  4  3  0  0.678 0.000
10  1  1  2  106    3   23   31    2    2    0    1    1    0    1  3  3  1  0.956 0.000
10  1  1  2  107    2   22   79    1    2    0    1    1    0    1  3  3  1  0.710 0.000
10  1  1  2  108   25   25   52    3    2    1    0    0    0    0  1  1  1  1.218 0.000
10  1  1  2  109   36   26   17    2    1    1    1    0    1    1  4  4  1  0.850 0.000
10  1  1  2  110   30   20   61    1    1    0    1    0    1    1  4  4  1  0.936 0.000
10  1  1  2  111   38   28   43    4    0    1    0    0    1    1  1  2  0  0.924 0.000
10  1  1  2  112   11   21   31    2    2    0    0    1    1    0  2  2  1  1.943 0.000
10  1  1  2  113   18   28   29    3    0    1    1    1    1    0  4  2  0  1.786 0.000
10  1  1  2  114   26   26   33    1    1    1    0    0    0    0  1  1  1  0.955 0.000
10  1  1  2  115   21   21   55    0    2    0    0    0    0    0  1  1  1  1.014 0.000
10  1  1  2  116   12   22   18    4    2    0    0    1    1    0  2  2  1  0.573 0.000
10  1  1  2  117   17   27   30    3    1    1    1    1    1    0  4  4  1  1.279 0.000
10  1  1  2  118   27   27   72    0    1    1    0    0    0    0  1  1  1  0.821 0.000
10  1  1  2  119   24   24   51    1    2    0    0    0    0    0  1  1  1  0.909 0.000
10  1  1  2  120   33   23   12    3    2    0    0    0    1    1  1  1  1  1.720 0.000
10  1  1  2  121   39   29   16    4    1    1    1    0    1    1  4  4  1  1.548 0.000
10  1  1  2  122    1   21   21    2    2    0    1    1    0    1  3  3  1  1.479 0.000
10  1  1  2  123   32   22   42    1    2    0    1    0    1    1  4  4  1  1.188 0.000
10  1  1  2  124    9   29   18    4    1    1    0    1    0    1  2  2  1  1.309 0.000
10  1  1  2  125   14   24   77    0    2    0    0    1    1    0  2  2  1  0.954 0.000
10  1  1  2  126   29   29   38    3    1    1    1    0    0    0  3  3  1  1.244 0.000
10  1  1  2  127   13   23   38    4    2    0    1    1    1    0  4  4  1  1.370 0.000
10  1  1  2  128   22   22   30    1    2    0    1    0    0    0  3  3  1  1.668 0.000
10  1  1  2  129    5   25   50    2    2    1    0    1    0    1  2  2  1  3.314 0.000
10  1  1  2  130    6   26   51    4    1    1    1    1    0    1  3  3  1  0.854 0.000
10  1  1  2  131   19   29   73    3    1    1    0    1    1    0  2  2  1  1.460 0.000
10  1  1  2  132   35   25    7    2    2    1    1    0    1    1  4  4  1  1.179 0.000
10  1  2  2  133   29   39   35    7    0    1    0    0    0    0  1  3  1  0.788 0.000
10  1  2  2  134   12   32   24    7    0    0    0    1    1    0  2  2  1  1.313 0.000
10  1  2  2  135   39   39    2    7    0    1    1    0    1    1  4  4  1  0.970 0.000
10  1  2  2  136    1   31   36    7    0    0    1    1    0    1  3  3  1  0.832 0.000
10  1  2  2  137   20   30   70    7    0    0    1    0    0    0  3  3  1  1.116 0.000
10  1  2  2  138   10   30   61    7    0    0    1    1    1    0  4  2  1  0.964 0.000
10  1  2  2  139    5   35   70    7    0    1    0    1    0    1  2  2  1  0.618 0.000
10  1  2  2  140   14   34   44    7    0    0    0    1    1    0  2  2  1  1.687 0.000
10  1  2  2  141   34   34   60    7    0    0    0    0    1    1  1  4  1  0.960 0.000
10  1  2  2  142    9   39   11    7    0    1    1    1    0    1  3  3  1  1.071 0.000
10  1  2  2  143    3   33    9    7    0    0    1    1    0    1  3  2  1  0.921 0.000
10  1  2  2  144   17   37   75    7    0    1    0    1    1    0  2  2  1  0.633 0.000
10  1  2  2  145   19   39   16    7    0    1    1    1    1    0  4  2  1  0.749 0.000
10  1  2  2  146   22   32   12    7    0    0    1    0    0    0  3  1  1  1.548 0.000
10  1  2  2  147   23   33   28    7    0    0    1    0    0    0  3  3  1  1.586 0.000
10  1  2  2  148   25   35   78    7    0    1    0    0    0    0  1  3  1  0.768 0.000
10  1  2  2  149    0   30    1    7    0    0    0    1    0    1  2  3  1  0.687 0.000
10  1  2  2  150   18   38   67    7    0    1    1    1    1    0  4  4  1  0.976 0.000
10  1  2  2  151   21   31   42    7    0    0    1    0    0    0  3  2  0  0.597 0.000
10  1  2  2  152   26   36   68    7    0    1    0    0    0    0  1  3  1  1.014 0.000
10  1  2  2  153   28   38   57    7    0    1    1    0    0    0  3  3  1  0.771 0.000
10  1  2  2  154    8   38   61    7    0    1    0    1    0    1  2  2  1  1.714 0.000
10  1  2  2  155   38   38    4    7    0    1    1    0    1    1  4  4  1  1.345 0.000
10  1  2  2  156   33   33   34    7    0    0    1    0    1    1  4  4  1  1.145 0.000
10  1  2  2  157   27   37   69    7    0    1    0    0    0    0  1  3  1  1.568 0.000
10  1  2  2  158   36   36   68    7    0    1    1    0    1    1  4  4  1  1.974 0.000
10  1  2  2  159   13   33   78    7    0    0    1    1    1    0  4  2  1  0.804 0.000
10  1  2  2  160    6   36   58    7    0    1    0    1    0    1  2  2  1  1.105 0.000
10  1  2  2  161   24   34   14    7    0    0    0    0    0    0  1  3  1  1.762 0.000
10  1  2  2  162   11   31   43    7    0    0    0    1    1    0  2  2  1  2.417 0.000
10  1  2  2  163   32   32   70    7    0    0    0    0    1    1  1  4  1  1.364 0.000
10  1  2  2  164   35   35   22    7    0    1    1    0    1    1  4  4  1  1.619 0.000
10  1  2  2  165   16   36   41    7    0    1    0    1    1    0  2  2  1  0.735 0.000
10  1  2  2  166   37   37   18    7    0    1    1    0    1    1  4  4  1  0.783 0.000
10  1  2  2  167   15   35   20    7    0    1    0    1    1    0  2  2  1  0.597 0.000
10  1  2  2  168   30   30   72    7    0    0    0    0    1    1  1  4  1  0.985 0.000
10  1  2  2  169    2   32   38    7    0    0    0    1    0    1  2  2  1  1.239 0.000
10  1  2  2  170    4   34   15    7    0    0    0    1    0    1  2  2  1  0.635 0.000
10  1  2  2  171   31   31   29    7    0    0    0    0    1    1  1  2  0  1.190 0.000
10  1  2  2  172    7   37   68    7    0    1    1    1    0    1  3  2  1  0.831 0.000
10  1  1  3  173    5   45   46    2    2    1    0    1    0    1  2  2  1  0.622 0.000
10  1  1  3  174    0   40   65    1    1    0    0    1    0    1  2  2  1  0.590 0.000
10  1  1  3  175   13   43   33    3    2    0    0    1    1    0  2  2  1  0.559 0.000
10  1  1  3  176   14   44   50    2    2    0    0    1    1    0  2  2  1  0.666 0.000
10  1  1  3  177   19   49   46    1    1    1    1    1    1    0  4  4  1  0.879 0.000
10  1  1  3  178   38   48    8    3    1    1    0    0    1    1  1  1  1  0.677 0.000
10  1  1  3  179   17   47   65    4    1    1    1    1    1    0  4  4  1  0.882 0.000
10  1  1  3  180    6   46   49    0    1    1    0    1    0    1  2  2  1  0.504 0.000
10  1  1  3  181   12   42   13    1    2    0    0    1    1    0  2  2  1  0.652 0.000
10  1  1  3  182   39   49   59    4    1    1    1    0    1    1  4  4  1  1.387 0.000
10  1  1  3  183   15   45   27    3    2    1    0    1    1    0  2  2  1  0.596 0.000
10  1  1  3  184    1   41   57    2    2    0    0    1    0    1  2  2  1  1.029 0.000
10  1  1  3  185   37   47   10    1    1    1    1    0    1    1  4  4  1  0.900 0.000
10  1  1  3  186    4   44   30    3    2    0    1    1    0    1  3  3  1  1.536 0.000
10  1  1  3  187    9   49   62    0    1    1    0    1    0    1  2  2  1  0.731 0.000
10  1  1  3  188   22   42   60    1    2    0    0    0    0    0  1  1  1  1.415 0.000
10  1  1  3  189   10   40   10    3    1    0    0    1    1    0  2  2  1  0.727 0.000
10  1  1  3  190   32   42   66    4    2    0    0    0    1    1  1  1  1  1.107 0.000
10  1  1  3  191    7   47   63    0    1    1    1    1    0    1  3  3  1  0.863 0.000
10  1  1  3  192    8   48   44    3    1    1    0    1    0    1  2  2  1  1.309 0.000
10  1  1  3  193   20   40   53    1    1    0    0    0    0    0  1  1  1  0.745 0.000
10  1  1  3  194   30   40   55    0    1    0    0    0    1    1  1  1  1  1.756 0.000
10  1  1  3  195   26   46   39    2    1    1    1    0    0    0  3  3  1  0.711 0.000
10  1  1  3  196   24   44   73    3    2    0    1    0    0    0  3  3  1  2.506 0.000
10  1  1  3  197   23   43    2    4    2    0    1    0    0    0  3  3  1  1.143 0.000
10  1  1  3  198   35   45   45    2    2    1    0    0    1    1  1  1  1  0.850 0.000
10  1  1  3  199    2   42    4    0    2    0    0    1    0    1  2  2  1  0.784 0.000
10  1  1  3  200    3   43   59    4    2    0    0    1    0    1  2  2  1  0.817 0.000
10  1  1  3  201   21   41   49    2    2    0    0    0    0    0  1  1  1  0.649 0.000
10  1  1  3  202   27   47   19    3    1    1    1    0    0    0  3  3  1  0.952 0.000
10  1  1  3  203   25   45    6    0    2    1    0    0    0    0  1  1  1  1.162 0.000
10  1  1  3  204   31   41   35    4    2    0    0    0    1    1  1  1  1  1.068 0.000
10  1  1  3  205   28   48   32    3    1    1    1    0    0    0  3  3  1  1.682 0.000
10  1  1  3  206   36   46   25    1    1    1    0    0    1    1  1  1  1  1.527 0.000
10  1  1  3  207   34   44   76    0    2    0    0    0    1    1  1  1  1  0.819 0.000
10  1  1  3  208   16   46   25    2    0    1    1    1    1    0  4  3  0  0.706 0.000
10  1  1  3  209   29   49   77    1    1    1    0    0    0    0  1  1  1  2.159 0.000
10  1  1  3  210   33   43   44    3    2    0    0    0    1    1  1  1  1  0.825 0.000
10  1  1  3  211   18   48   37    4    1    1    1    1    1    0  4  4  1  0.848 0.000
10  1  1  3  212   11   41   70    0    0    0    1    1    1    0  4  3  0  0.567 0.000
10  1  2  3  213   12   52   55    7    0    0    1    1    1    0  4  4  1  1.553 0.000
10  1  2  3  214    8   58   32    7    0    1    0    1    0    1  2  2  1  1.576 0.000
10  1  2  3  215   36   56   41    7    0    1    1    0    1    1  4  4  1  1.389 0.000
10  1  2  3  216   11   51   60    7    0    0    1    1    1    0  4  2  1  1.643 0.000
10  1  2  3  217   22   52   31    7    0    0    1    0    0    0  3  1  1  1.014 0.000
10  1  2  3  218   21   51   75    7    0    0    1    0    0    0  3  1  1  1.379 0.000
10  1  2  3  219   39   59   40    7    0    1    0    0    1    1  1  1  1  0.960 0.000
10  1  2  3  220    7   57   55    7    0    1    1    1    0    1  3  2  1  0.711 0.000
10  1  2  3  221   16   56   26    7    0    1    0    1    1    0  2  2  1  0.711 0.000
10  1  2  3  222    3   53   20    7    0    0    0    1    0    1  2  2  1  0.688 0.000
10  1  2  3  223   10   50   35    7    0    0    0    1    1    0  2  2  1  0.730 0.000
10  1  2  3  224   29   59   71    7    0    1    1    0    0    0  3  3  1  0.929 0.000
10  1  2  3  225   18   58   23    7    0    1    0    1    1    0  2  2  1  0.873 0.000
10  1  2  3  226    2   52   25    7    0    0    0    1    0    1  2  2  1  0.811 0.000
10  1  2  3  227    1   51   71    7    0    0    0    1    0    1  2  2  1  0.624 0.000
10  1  2  3  228   33   53    0    7    0    0    0    0    1    1  1  1  1  0.835 0.000
10  1  2  3  229   28   58   50    7    0    1    1    0    0    0  3  1  1  0.839 0.000
10  1  2  3  230   15   55    6    7    0    1    0    1    1    0  2  2  1  0.675 0.000
10  1  2  3  231   34   54   39    7    0    0    0    0    1    1  1  1  1  0.845 0.000
10  1  2  3  232   30   50   33    7    0    0    0    0    1    1  1  1  1  0.912 0.000
10  1  2  3  233   26   56   40    7    0    1    1    0    0    0  3  1  1  0.888 0.000
10  1  2  3  234    5   55   14    7    0    1    0    1    0    1  2  2  1  0.562 0.000
10  1  2  3  235   14   54   66    7    0    0    0    1    1    0  2  2  1  0.753 0.000
10  1  2  3  236    6   56   60    7    0    1    1    1    0    1  3  2  1  0.704 0.000
10  1  2  3  237   35   55   67    7    0    1    0    0    1    1  1  1  1  0.897 0.000
10  1  2  3  238   23   53   46    7    0    0    0    0    0    0  1  1  1  0.849 0.000
10  1  2  3  239   17   57   40    7    0    1    1    1    1    0  4  2  1  0.989 0.000
10  1  2  3  240    9   59   45    7    0    1    0    1    0    1  2  2  1  0.810 0.000
10  1  2  3  241   13   53   45    7    0    0    0    1    1    0  2  2  1  0.655 0.000
10  1  2  3  242   31   51   47    7    0    0    0    0    1    1  1  1  1  0.777 0.000
10  1  2  3  243   19   59   28    7    0    1    1    1    1    0  4  2  1  0.551 0.000
10  1  2  3  244   20   50   24    7    0    0    1    0    0    0  3  1  1  0.822 0.000
10  1  2  3  245   38   58   36    7    0    1    0    0    1    1  1  1  1  0.675 0.000
10  1  2  3  246   32   52   52    7    0    0    0    0    1    1  1  1  1  0.653 0.000
10  1  2  3  247   25   55   15    7    0    1    1    0    0    0  3  1  1  0.751 0.000
10  1  2  3  248    4   54   67    7    0    0    1    1    0    1  3  1  0  0.726 0.000
10  1  2  3  249   27   57   41    7    0    1    0    0    0    0  1  1  1  0.770 0.000
10  1  2  3  250    0   50   35    7    0    0    0    1    0    1  2  2  1  1.296 0.000
10  1  2  3  251   37   57    6    7    0    1    1    0    1    1  4  1  1  0.705 0.000
10  1  2  3  252   24   54   43    7    0    0    1    0    0    0  3  1  1  0.754 0.000
10  1  1  4  253   22   62   59    4    2    0    1    0    0    0  3  3  1  1.041 0.000
10  1  1  4  254   19   69   11    1    1    1    0    1    1    0  2  2  1  0.640 0.000
10  1  1  4  255   20   60    5    3    1    0    0    0    0    0  1  1  1  0.623 0.000
10  1  1  4  256   14   64   34    0    2    0    0    1    1    0  2  2  1  0.662 0.000
10  1  1  4  257    4   64   26    2    2    0    0    1    0    1  2  2  1  0.733 0.000
10  1  1  4  258    2   62   22    1    2    0    0    1    0    1  2  2  1  0.896 0.000
10  1  1  4  259   25   65   76    0    2    1    1    0    0    0  3  3  1  0.701 0.000
10  1  1  4  260   21   61    3    2    2    0    1    0    0    0  3  3  1  0.841 0.000
10  1  1  4  261    3   63    6    4    2    0    1    1    0    1  3  3  1  0.696 0.000
10  1  1  4  262   30   60   71    0    1    0    1    0    1    1  4  4  1  1.365 0.000
10  1  1  4  263   28   68   23    2    1    1    0    0    0    0  1  1  1  0.775 0.000
10  1  1  4  264   18   68   19    3    1    1    1    1    1    0  4  4  1  1.848 0.000
10  1  1  4  265   15   65    5    1    2    1    0    1    1    0  2  2  1  0.655 0.000
10  1  1  4  266   16   66   22    2    1    1    1    1    1    0  4  4  1  0.878 0.000
10  1  1  4  267   12   62   79    3    2    0    1    1    1    0  4  4  1  1.812 0.000
10  1  1  4  268   29   69   22    0    1    1    0    0    0    0  1  1  1  0.731 0.000
10  1  1  4  269   38   68   19    4    1    1    1    0    1    1  4  4  1  0.855 0.000
10  1  1  4  270   24   64   45    1    2    0    1    0    0    0  3  3  1  1.669 0.000
10  1  1  4  271    0   60   43    3    1    0    1    1    0    1  3  3  1  1.835 0.000
10  1  1  4  272    7   67   24    2    1    1    0    1    0    1  2  2  1  1.266 0.000
10  1  1  4  273    8   68   72    0    1    1    1    1    0    1  3  3  1  2.120 0.000
10  1  1  4  274   23   63   25    4    2    0    1    0    0    0  3  3  1  1.084 0.000
10  1  1  4  275   13   63    3    3    2    0    1    1    1    0  4  4  1  1.200 0.000
10  1  1  4  276   36   66   31    2    1    1    0    0    1    1  1  1  1  1.241 0.000
10  1  1  4  277   39   69   26    1    1    1    1    0    1    1  4  4  1  1.008 0.000
10  1  1  4  278   37   67   38    0    1    1    0    0    1    1  1  1  1  0.649 0.000
10  1  1  4  279    6   66   34    4    1    1    1    1    0    1  3  3  1  1.095 0.000
10  1  1  4  280   35   65   20    1    2    1    0    0    1    1  1  1  1  0.772 0.000
10  1  1  4  281   11   61    2    3    2    0    0    1    1    0  2  2  1  0.694 0.000
10  1  1  4  282   32   62   49    4    2    0    0    0    1    1  1  1  1  0.659 0.000
10  1  1  4  283    1   61   27    0    2    0    0    1    0    1  2  2  1  0.720 0.000
10  1  1  4  284   33   63    1    3    2    0    0    0    1    1  1  1  1  0.596 0.000
10  1  1  4  285   31   61   63    4    2    0    0    0    1    1  1  1  1  0.645 0.000
10  1  1  4  286   34   64   11    1    2    0    0    0    1    1  1  1  1  0.796 0.000
10  1  1  4  287   17   67   15    2    1    1    1    1    1    0  4  4  1  1.332 0.000
10  1  1  4  288   27   67   34    0    1    1    0    0    0    0  1  1  1  0.672 0.000
10  1  1  4  289    9   69   52    3    1    1    1    1    0    1  3  3  1  0.782 0.000
10  1  1  4  290    5   65   37    2    2    1    0    1    0    1  2  2  1  0.960 0.000
10  1  1  4  291   10   60   42    1    1    0    0    1    1    0  2  2  1  0.833 0.000
10  1  1  4  292   26   66   21    0    1    1    1    0    0    0  3  3  1  0.793 0.000
10  1  2  4  293   34   74   48    7    0    0    1    0    1    1  4  4  1  2.066 0.000
10  1  2  4  294    6   76   73    7    0    1    0    1    0    1  2  2  1  0.556 0.000
10  1  2  4  295   29   79   47    7    0    1    1    0    0    0  3  3  1  1.090 0.000
10  1  2  4  296   17   77   69    7    0    1    0    1    1    0  2  2  1  0.692 0.000
10  1  2  4  297    5   75    3    7    0    1    1    1    0    1  3  2  1  0.621 0.000
10  1  2  4  298   27   77   44    7    0    1    0    0    0    0  1  1  1  1.258 0.000
10  1  2  4  299   18   78   52    7    0    1    1    1    1    0  4  2  1  0.693 0.000
10  1  2  4  300   38   78   73    7    0    1    0    0    1    1  1  1  1  0.661 0.000
10  1  2  4  301   25   75   16    7    0    1    1    0    0    0  3  1  1  0.960 0.000
10  1  2  4  302    0   70   23    7    0    0    1    1    0    1  3  1  0  1.046 0.000
10  1  2  4  303   31   71   77    7    0    0    1    0    1    1  4  1  1  0.862 0.000
10  1  2  4  304   37   77   27    7    0    1    0    0    1    1  1  1  1  0.623 0.000
10  1  2  4  305    1   71   12    7    0    0    0    1    0    1  2  2  1  0.732 0.000
10  1  2  4  306    9   79   56    7    0    1    1    1    0    1  3  2  1  0.628 0.000
10  1  2  4  307   26   76   18    7    0    1    0    0    0    0  1  1  1  0.720 0.000
10  1  2  4  308   23   73   11    7    0    0    0    0    0    0  1  1  1  0.752 0.000
10  1  2  4  309    4   74   48    7    0    0    0    1    0    1  2  2  1  0.734 0.000
10  1  2  4  310   13   73   62    7    0    0    0    1    1    0  2  2  1  0.886 0.000
10  1  2  4  311   16   76    0    7    0    1    1    1    1    0  4  2  1  0.728 0.000
10  1  2  4  312   22   72   62    7    0    0    1    0    0    0  3  1  1  0.736 0.000
10  1  2  4  313    2   72   53    7    0    0    1    1    0    1  3  2  1  1.199 0.000
10  1  2  4  314   19   79    4    7    0    1    0    1    1    0  2  2  1  0.748 0.000
10  1  2  4  315   21   71   67    7    0    0    0    0    0    0  1  1  1  1.211 0.000
10  1  2  4  316    3   73    7    7    0    0    0    1    0    1  2  2  1  0.760 0.000
10  1  2  4  317   15   75   57    7    0    1    1    1    1    0  4  2  1  0.735 0.000
10  1  2  4  318   20   70    4    7    0    0    1    0    0    0  3  1  1  0.662 0.000
10  1  2  4  319   14   74    7    7    0    0    1    1    1    0  4  2  1  0.696 0.000
10  1  2  4  320   35   75    9    7    0    1    0    0    1    1  1  1  1  0.698 0.000
10  1  2  4  321   36   76   79    7    0    1    1    0    1    1  4  1  1  0.659 0.000
10  1  2  4  322   33   73   58    7    0    0    1    0    1    1  4  1  1  0.933 0.000
10  1  2  4  323   11   71   68    7    0    0    1    1    1    0  4  4  1  1.029 0.000
10  1  2  4  324   28   78   56    7    0    1    0    0    0    0  1  3  1  0.945 0.000
10  1  2  4  325   12   72   17    7    0    0    0    1    1    0  2  4  1  1.200 0.000
10  1  2  4  326    8   78   41    7    0    1    1    1    0    1  3  2  1  0.733 0.000
10  1  2  4  327   10   70   63    7    0    0    1    1    1    0  4  4  1  0.796 0.000
10  1  2  4  328   39   79   54    7    0    1    0    0    1    1  1  4  1  0.817 0.000
10  1  2  4  329   24   74   17    7    0    0    0    0    0    0  1  3  1  0.870 0.000
10  1  2  4  330   30   70   13    7    0    0    0    0    1    1  1  1  1  0.992 0.000
10  1  2  4  331    7   77   28    7    0    1    1    1    0    1  3  2  1  0.653 0.000
10  1  2  4  332   32   72   28    7    0    0    1    0    1    1  4  1  1  0.720 0.000
