19  1  0  0    1    0   -1   14    1    0    1    1    0    0    0  3  3  1  2.904 0.000
19  1  0  0    2    0   -1   14    2    0    0    1    1    0    1  3  4  0  1.782 0.000
19  1  0  0    3    0   -1   14    4    0    1    0    0    0    0  1  1  1  2.247 0.000
19  1  0  0    4    0   -1   14    1    0    0    0    1    0    1  2  2  1  1.153 0.000
19  1  0  0    5    0   -1   14    0    0    1    1    1    0    1  3  3  1  1.902 0.000
19  1  0  0    6    0   -1   14    3    0    1    0    1    0    1  2  2  1  1.974 0.000
19  1  0  0    7    0   -1   14    4    0    1    1    0    0    0  3  3  1  2.170 0.000
19  1  0  0    8    0   -1   14    1    0    0    1    0    0    0  3  3  1  1.535 0.000
19  1  0  0    9    0   -1   14    3    0    1    0    1    0    1  2  2  1  0.859 0.000
19  1  0  0   10    0   -1   14    0    0    0    0    0    1    1  1  1  1  0.517 0.000
19  1  0  0   11    0   -1   14    4    0    0    0    0    0    0  1  1  1  0.595 0.000
19  1  0  0   12    0   -1   14    3    0    0    0    1    0    1  2  2  1  0.551 0.000
19  1  1  1   13   14    4   17    2    1    0    0    1    1    0  2  2  1  0.877 0.000
19  1  1  1   14   11    1   52    4    1    0    0    1    1    0  2  2  1  0.977 0.000
19  1  1  1   15   16    6    3    1    2    1    1    1    1    0  4  4  1  0.673 0.000
19  1  1  1   16   31    1   11    2    1    0    1    0    1    1  4  4  1  0.724 0.000
19  1  1  1   17    7    7   38    0    2    1    0    1    0    1  2  2  1  0.797 0.000
19  1  1  1   18   29    9   10    3    2    1    1    0    0    0  3  3  1  0.780 0.000
19  1  1  1   19   28    8   19    1    2    1    0    0    0    0  1  1  1  0.804 0.000
19  1  1  1   20   34    4   21    0    1    0    0    0    1    1  1  1  1  0.889 0.000
19  1  1  1   21   33    3   17    4    1    0    0    0    1    1  1  1  1  0.804 0.000
19  1  1  1   22   32    2   66    3    1    0    0    0    1    1  1  1  1  0.626 0.000
19  1  1  1   23   20    0   47    0    2    0    0    0    0    0  1  1  1  0.617 0.000
19  1  1  1   24    0    0   75    1    0    0    0    1    0    1  2  1  0  0.565 0.000
19  1  1  1   25   23    3   14    4    1    0    0    0    0    0  1  1  1  0.654 0.000
19  1  1  1   26   38    8   15    0    2    1    1    0    1    1  4  4  1  1.011 0.000
19  1  1  1   27    1    1   11    2    1    0    1    1    0    1  3  3  1  1.049 0.000
19  1  1  1   28   13    3   65    1    1    0    1    1    1    0  4  4  1  1.277 0.000
19  1  1  1   29   25    5   49    3    1    1    0    0    0    0  1  1  1  0.594 0.000
19  1  1  1   30   36    6   58    4    2    1    1    0    1    1  4  4  1  0.881 0.000
19  1  1  1   31    5    5   66    1    1    1    0    1    0    1  2  2  1  1.628 0.000
19  1  1  1   32   19    9   46    0    2    1    1    1    1    0  4  4  1  0.922 0.000
19  1  1  1   33   12    2   58    2    1    0    1    1    1    0  4  4  1  0.892 0.000
19  1  1  1   34   10    0   72    4    2    0    1    1    1    0  4  4  1  0.663 0.000
19  1  1  1   35   39    9   69    0    2    1    0    0    1    1  1  1  1  1.307 0.000
19  1  1  1   36    6    6    6    3    0    1    1    1    0    1  3  4  0  0.589 0.000
19  1  1  1   37   27    7   32    1    2    1    0    0    0    0  1  1  1  1.172 0.000
19  1  1  1   38   15    5   47    4    1    1    1    1    1    0  4  4  1  0.676 0.000
19  1  1  1   39   24    4   64    2    1    0    1    0    0    0  3  3  1  1.391 0.000
19  1  1  1   40   30    0   63    3    2    0    1    0    1    1  4  4  1  0.598 0.000
19  1  1  1   41    4    4   55    4    1    0    1    1    0    1  3  3  1  0.917 0.000
19  1  1  1   42   18    8   20    1    2    1    0    1    1    0  2  2  1  0.799 0.000
19  1  1  1   43   21    1    3    3    1    0    0    0    0    0  1  1  1  0.653 0.000
19  1  1  1   44    8    8   72    4    0    1    1    1    0    1  3  4  0  0.649 0.000
19  1  1  1   45   22    2   36    2    1    0    1    0    0    0  3  3  1  0.854 0.000
19  1  1  1   46    2    2   15    0    1    0    1    1    0    1  3  3  1  2.475 0.000
19  1  1  1   47   17    7   30    3    2    1    0    1    1    0  2  2  1  1.141 0.000
19  1  1  1   48   37    7    7    4    2    1    1    0    1    1  4  4  1  0.846 0.000
19  1  1  1   49    3    3   26    0    1    0    1    1    0    1  3  3  1  1.196 0.000
19  1  1  1   50    9    9   42    2    0    1    0    1    0    1  2  1  0  1.748 0.000
19  1  1  1   51   35    5   70    3    1    1    1    0    1    1  4  4  1  1.100 0.000
19  1  1  1   52   26    6    0    4    2    1    0    0    0    0  1  1  1  1.102 0.000
19  1  2  1   53   13   13   24    7    0    0    0    1    1    0  2  2  1  1.201 0.000
19  1  2  1   54    9   19    8    7    0    1    1    1    0    1  3  2  1  0.740 0.000
19  1  2  1   55    5   15   78    7    0    1    0    1    0    1  2  2  1  0.857 0.000
19  1  2  1   56   34   14   74    7    0    0    0    0    1    1  1  1  1  1.178 0.000
19  1  2  1   57    0   10   71    7    0    0    0    1    0    1  2  2  1  0.943 0.000
19  1  2  1   58   20   10   40    7    0    0    0    0    0    0  1  1  1  0.757 0.000
19  1  2  1   59   18   18   78    7    0    1    1    1    1    0  4  2  1  0.818 0.000
19  1  2  1   60   38   18   53    7    0    1    0    0    1    1  1  1  1  0.780 0.000
19  1  2  1   61   11   11   44    7    0    0    0    1    1    0  2  2  1  0.776 0.000
19  1  2  1   62   19   19   39    7    0    1    1    1    1    0  4  2  1  0.549 0.000
19  1  2  1   63   36   16    3    7    0    1    0    0    1    1  1  1  1  0.769 0.000
19  1  2  1   64   32   12   59    7    0    0    0    0    1    1  1  4  1  1.038 0.000
19  1  2  1   65   39   19   26    7    0    1    1    0    1    1  4  3  0  1.096 0.000
19  1  2  1   66   17   17   48    7    0    1    0    1    1    0  2  4  1  1.132 0.000
19  1  2  1   67   25   15   53    7    0    1    1    0    0    0  3  3  1  1.081 0.000
19  1  2  1   68   35   15   47    7    0    1    0    0    1    1  1  1  1  1.297 0.000
19  1  2  1   69   14   14    4    7    0    0    0    1    1    0  2  2  1  1.241 0.000
19  1  2  1   70   29   19   31    7    0    1    1    0    0    0  3  1  1  0.731 0.000
19  1  2  1   71   30   10   12    7    0    0    1    0    1    1  4  1  1  0.729 0.000
19  1  2  1   72    7   17   25    7    0    1    0    1    0    1  2  2  1  1.151 0.000
19  1  2  1   73    8   18   12    7    0    1    1    1    0    1  3  2  1  0.788 0.000
19  1  2  1   74   37   17    9    7    0    1    0    0    1    1  1  1  1  0.849 0.000
19  1  2  1   75   33   13   19    7    0    0    0    0    1    1  1  1  1  0.946 0.000
19  1  2  1   76   16   16   49    7    0    1    1    1    1    0  4  2  1  0.727 0.000
19  1  2  1   77   31   11   51    7    0    0    1    0    1    1  4  1  1  0.693 0.000
19  1  2  1   78    3   13   49    7    0    0    1    1    0    1  3  2  1  0.645 0.000
19  1  2  1   79    6   16   48    7    0    1    0    1    0    1  2  2  1  0.607 0.000
19  1  2  1   80   23   13   48    7    0    0    0    0    0    0  1  1  1  0.962 0.000
19  1  2  1   81   24   14   41    7    0    0    0    0    0    0  1  1  1  0.726 0.000
19  1  2  1   82   27   17   73    7    0    1    1    0    0    0  3  1  1  1.173 0.000
19  1  2  1   83    1   11    7    7    0    0    1    1    0    1  3  2  1  0.665 0.000
19  1  2  1   84    4   14   46    7    0    0    1    1    0    1  3  2  1  0.650 0.000
19  1  2  1   85   22   12   44    7    0    0    1    0    0    0  3  1  1  0.730 0.000
19  1  2  1   86    2   12   52    7    0    0    1    1    0    1  3  2  1  0.856 0.000
19  1  2  1   87   12   12   71    7    0    0    1    1    1    0  4  2  1  1.057 0.000
19  1  2  1   88   26   16    5    7    0    1    0    0    0    0  1  1  1  0.802 0.000
19  1  2  1   89   21   11    7    7    0    0    0    0    0    0  1  1  1  0.822 0.000
19  1  2  1   90   28   18   57    7    0    1    1    0    0    0  3  1  1  0.703 0.000
19  1  2  1   91   15   15   59    7    0    1    0    1    1    0  2  2  1  1.151 0.000
19  1  2  1   92   10   10   73    7    0    0    0    1    1    0  2  2  1  0.604 0.000
19  1  1  2   93   36   26   16    0    0    1    1    0    1    1  4  3  0  1.344 0.000
19  1  1  2   94   11   21   60    2    1    0    1    1    1    0  4  4  1  0.880 0.000
19  1  1  2   95   28   28   63    1    2    1    0    0    0    0  1  1  1  0.796 0.000
19  1  1  2   96   17   27   23    0    0    1    1    1    1    0  4  3  0  0.643 0.000
19  1  1  2   97   10   20   25    2    2    0    1    1    1    0  4  4  1  1.000 0.000
19  1  1  2   98   32   22   52    3    1    0    1    0    1    1  4  4  1  0.814 0.000
19  1  1  2   99   27   27   39    1    2    1    0    0    0    0  1  1  1  1.244 0.000
19  1  1  2  100   34   24   24    0    1    0    0    0    1    1  1  1  1  0.641 0.000
19  1  1  2  101   24   24   68    2    1    0    0    0    0    0  1  1  1  0.830 0.000
19  1  1  2  102   16   26   16    3    2    1    1    1    1    0  4  4  1  0.803 0.000
19  1  1  2  103   39   29   13    0    2    1    0    0    1    1  1  1  1  2.025 0.000
19  1  1  2  104   13   23   75    2    1    0    0    1    1    0  2  2  1  0.679 0.000
19  1  1  2  105   33   23   42    1    1    0    0    0    1    1  1  1  1  0.763 0.000
19  1  1  2  106    6   26   24    3    2    1    1    1    0    1  3  3  1  0.690 0.000
19  1  1  2  107   22   22   42    2    1    0    1    0    0    0  3  3  1  0.933 0.000
19  1  1  2  108   37   27   38    1    2    1    0    0    1    1  1  1  1  0.663 0.000
19  1  1  2  109    2   22   67    4    1    0    0    1    0    1  2  2  1  1.772 0.000
19  1  1  2  110   14   24    1    3    1    0    0    1    1    0  2  2  1  1.035 0.000
19  1  1  2  111   23   23   69    0    1    0    0    0    0    0  1  1  1  0.624 0.000
19  1  1  2  112   18   28   27    1    0    1    1    1    1    0  4  3  0  1.742 0.000
19  1  1  2  113   30   20   54    3    2    0    1    0    1    1  4  4  1  1.294 0.000
19  1  1  2  114   25   25   11    4    1    1    0    0    0    0  1  1  1  0.729 0.000
19  1  1  2  115    5   25   36    2    1    1    1    1    0    1  3  3  1  0.715 0.000
19  1  1  2  116    1   21   57    3    1    0    1    1    0    1  3  3  1  0.846 0.000
19  1  1  2  117   20   20   67    1    0    0    1    0    0    0  3  1  0  1.338 0.000
19  1  1  2  118   21   21   13    2    1    0    1    0    0    0  3  3  1  1.579 0.000
19  1  1  2  119    4   24   41    3    1    0    1    1    0    1  3  3  1  0.746 0.000
19  1  1  2  120    8   28   27    0    2    1    0    1    0    1  2  2  1  1.523 0.000
19  1  1  2  121   38   28   76    4    2    1    1    0    1    1  4  4  1  1.796 0.000
19  1  1  2  122   15   25   53    3    1    1    0    1    1    0  2  2  1  0.851 0.000
19  1  1  2  123    3   23   40    1    1    0    0    1    0    1  2  2  1  1.009 0.000
19  1  1  2  124    9   29   77    4    2    1    1    1    0    1  3  3  1  1.398 0.000
19  1  1  2  125   31   21   43    2    1    0    1    0    1    1  4  4  1  1.133 0.000
19  1  1  2  126   26   26   66    1    2    1    0    0    0    0  1  1  1  0.791 0.000
19  1  1  2  127    0   20   61    4    2    0    0    1    0    1  2  2  1  0.710 0.000
19  1  1  2  128   35   25   71    0    1    1    1    0    1    1  4  4  1  0.680 0.000
19  1  1  2  129   12   22   31    3    1    0    1    1    1    0  4  4  1  0.596 0.000
19  1  1  2  130   29   29   54    2    2    1    0    0    0    0  1  1  1  0.940 0.000
19  1  1  2  131    7   27   62    4    2    1    1    1    0    1  3  3  1  0.677 0.000
19  1  1  2  132   19   29   21    3    2    1    0    1    1    0  2  2  1  0.664 0.000
19  1  2  2  133   34   34   27    7    0    0    0    0    1    1  1  1  1  0.724 0.000
19  1  2  2  134   17   37   33    7    0    1    1    1    1    0  4  2  1  0.658 0.000
19  1  2  2  135   24   34   55    7    0    0    1    0    0    0  3  1  1  0.820 0.000
19  1  2  2  136    7   37   68    7    0    1    0    1    0    1  2  2  1  0.846 0.000
19  1  2  2  137   38   38   14    7    0    1    1    0    1    1  4  1  1  0.728 0.000
19  1  2  2  138   23   33   46    7    0    0    1    0    0    0  3  1  1  0.703 0.000
19  1  2  2  139   27   37   70    7    0    1    0    0    0    0  1  1  1  0.574 0.000
19  1  2  2  140   36   36    4    7    0    1    1    0    1    1  4  1  1  0.586 0.000
19  1  2  2  141   13   33   10    7    0    0    1    1    1    0  4  2  1  0.630 0.000
19  1  2  2  142   25   35   77    7    0    1    0    0    0    0  1  1  1  0.703 0.000
19  1  2  2  143   12   32   68    7    0    0    0    1    1    0  2  2  1  0.670 0.000
19  1  2  2  144   15   35   77    7    0    1    1    1    1    0  4  2  1  1.295 0.000
19  1  2  2  145   26   36   59    7    0    1    0    0    0    0  1  1  1  0.686 0.000
19  1  2  2  146    1   31   13    7    0    0    0    1    0    1  2  2  1  0.717 0.000
19  1  2  2  147   20   30   21    7    0    0    0    0    0    0  1  2  0  0.644 0.000
19  1  2  2  148   32   32   75    7    0    0    0    0    1    1  1  1  1  0.857 0.000
19  1  2  2  149   11   31    2    7    0    0    0    1    1    0  2  2  1  0.883 0.000
19  1  2  2  150   21   31   62    7    0    0    0    0    0    0  1  1  1  0.618 0.000
19  1  2  2  151   33   33   64    7    0    0    0    0    1    1  1  1  1  0.717 0.000
19  1  2  2  152   19   39   18    7    0    1    1    1    1    0  4  2  1  0.620 0.000
19  1  2  2  153   10   30   43    7    0    0    1    1    1    0  4  2  1  0.718 0.000
19  1  2  2  154   14   34   40    7    0    0    1    1    1    0  4  2  1  0.684 0.000
19  1  2  2  155    9   39    5    7    0    1    0    1    0    1  2  2  1  0.804 0.000
19  1  2  2  156   35   35   46    7    0    1    1    0    1    1  4  1  1  1.047 0.000
19  1  2  2  157    5   35   19    7    0    1    0    1    0    1  2  2  1  0.697 0.000
19  1  2  2  158   37   37   62    7    0    1    1    0    1    1  4  1  1  0.513 0.000
19  1  2  2  159    3   33   31    7    0    0    1    1    0    1  3  2  1  0.680 0.000
19  1  2  2  160   16   36   41    7    0    1    0    1    1    0  2  2  1  0.720 0.000
19  1  2  2  161   18   38   64    7    0    1    1    1    1    0  4  2  1  0.662 0.000
19  1  2  2  162   22   32   58    7    0    0    1    0    0    0  3  1  1  0.728 0.000
19  1  2  2  163   31   31   10    7    0    0    1    0    1    1  4  2  0  1.599 0.000
19  1  2  2  164   28   38   51    7    0    1    0    0    0    0  1  1  1  0.901 0.000
19  1  2  2  165   30   30   45    7    0    0    0    0    1    1  1  1  1  0.853 0.000
19  1  2  2  166    2   32   28    7    0    0    0    1    0    1  2  2  1  0.574 0.000
19  1  2  2  167    8   38   16    7    0    1    1    1    0    1  3  2  1  0.715 0.000
19  1  2  2  168   29   39   29    7    0    1    0    0    0    0  1  1  1  0.746 0.000
19  1  2  2  169    4   34    4    7    0    0    0    1    0    1  2  2  1  1.174 0.000
19  1  2  2  170    0   30   60    7    0    0    0    1    0    1  2  2  1  0.771 0.000
19  1  2  2  171    6   36   73    7    0    1    1    1    0    1  3  2  1  0.735 0.000
19  1  2  2  172   39   39   25    7    0    1    0    0    1    1  1  1  1  0.661 0.000
19  1  1  3  173   25   45   75    4    1    1    1    0    0    0  3  3  1  1.622 0.000
19  1  1  3  174   17   47   35    3    2    1    0    1    1    0  2  2  1  0.588 0.000
19  1  1  3  175   10   40   56    2    2    0    0    1    1    0  2  2  1  1.459 0.000
19  1  1  3  176   20   40   71    1    2    0    0    0    0    0  1  1  1  1.342 0.000
19  1  1  3  177    1   41   17    4    1    0    0    1    0    1  2  2  1  0.551 0.000
19  1  1  3  178   23   43   16    0    1    0    0    0    0    0  1  1  1  0.784 0.000
19  1  1  3  179   38   48   31    1    2    1    1    0    1    1  4  4  1  0.696 0.000
19  1  1  3  180    9   49   63    4    2    1    0    1    0    1  2  2  1  1.426 0.000
19  1  1  3  181    2   42   21    0    1    0    0    1    0    1  2  2  1  0.832 0.000
19  1  1  3  182   32   42   78    1    1    0    0    0    1    1  1  1  1  0.742 0.000
19  1  1  3  183   26   46   79    4    2    1    1    0    0    0  3  3  1  0.655 0.000
19  1  1  3  184    3   43   56    0    1    0    1    1    0    1  3  3  1  0.988 0.000
19  1  1  3  185   19   49   76    2    2    1    0    1    1    0  2  2  1  1.427 0.000
19  1  1  3  186    7   47   79    3    2    1    1    1    0    1  3  3  1  0.952 0.000
19  1  1  3  187   15   45    8    4    1    1    0    1    1    0  2  2  1  0.561 0.000
19  1  1  3  188   22   42   23    2    1    0    0    0    0    0  1  1  1  1.281 0.000
19  1  1  3  189   11   41    7    3    1    0    0    1    1    0  2  2  1  1.125 0.000
19  1  1  3  190    5   45   14    1    1    1    1    1    0    1  3  3  1  0.614 0.000
19  1  1  3  191   12   42   29    2    1    0    1    1    1    0  4  4  1  1.092 0.000
19  1  1  3  192   27   47   20    3    2    1    0    0    0    0  1  1  1  1.127 0.000
19  1  1  3  193   36   46   30    1    2    1    1    0    1    1  4  4  1  1.393 0.000
19  1  1  3  194   18   48   61    4    2    1    0    1    1    0  2  2  1  0.784 0.000
19  1  1  3  195   24   44   43    0    1    0    0    0    0    0  1  1  1  0.910 0.000
19  1  1  3  196   16   46   54    1    2    1    1    1    1    0  4  4  1  1.353 0.000
19  1  1  3  197    6   46   44    3    0    1    0    1    0    1  2  1  0  1.329 0.000
19  1  1  3  198   34   44   61    4    1    0    0    0    1    1  1  1  1  0.698 0.000
19  1  1  3  199   30   40   29    2    2    0    0    0    1    1  1  1  1  1.436 0.000
19  1  1  3  200   29   49    1    0    2    1    1    0    0    0  3  3  1  0.969 0.000
19  1  1  3  201   28   48   72    1    2    1    0    0    0    0  1  1  1  0.689 0.000
19  1  1  3  202    0   40   33    4    2    0    0    1    0    1  2  2  1  1.236 0.000
19  1  1  3  203    4   44   51    2    1    0    0    1    0    1  2  2  1  0.720 0.000
19  1  1  3  204   33   43   55    0    1    0    0    0    1    1  1  1  1  0.794 0.000
19  1  1  3  205   13   43   66    4    1    0    0    1    1    0  2  2  1  0.913 0.000
19  1  1  3  206   14   44   57    1    1    0    0    1    1    0  2  2  1  0.603 0.000
19  1  1  3  207   39   49    8    2    2    1    1    0    1    1  4  4  1  0.721 0.000
19  1  1  3  208    8   48   54    3    2    1    0    1    0    1  2  2  1  0.779 0.000
19  1  1  3  209   31   41   40    0    1    0    0    0    1    1  1  1  1  0.755 0.000
19  1  1  3  210   21   41   37    4    1    0    0    0    0    0  1  1  1  0.747 0.000
19  1  1  3  211   35   45   77    3    1    1    1    0    1    1  4  4  1  0.851 0.000
19  1  1  3  212   37   47   22    2    2    1    0    0    1    1  1  1  1  1.288 0.000
19  1  2  3  213   31   51   44    7    0    0    0    0    1    1  1  1  1  0.620 0.000
19  1  2  3  214   25   55   60    7    0    1    1    0    0    0  3  1  1  0.694 0.000
19  1  2  3  215   29   59   17    7    0    1    0    0    0    0  1  1  1  0.646 0.000
19  1  2  3  216    5   55   76    7    0    1    1    1    0    1  3  2  1  0.968 0.000
19  1  2  3  217   10   50   62    7    0    0    1    1    1    0  4  2  1  0.948 0.000
19  1  2  3  218   19   59   36    7    0    1    0    1    1    0  2  2  1  0.618 0.000
19  1  2  3  219    9   59   69    7    0    1    1    1    0    1  3  2  1  0.716 0.000
19  1  2  3  220    7   57   32    7    0    1    0    1    0    1  2  2  1  0.642 0.000
19  1  2  3  221   13   53   42    7    0    0    0    1    1    0  2  2  1  0.756 0.000
19  1  2  3  222   33   53    5    7    0    0    0    0    1    1  1  1  1  0.713 0.000
19  1  2  3  223    1   51   20    7    0    0    0    1    0    1  2  2  1  1.049 0.000
19  1  2  3  224   15   55   28    7    0    1    1    1    1    0  4  2  1  0.730 0.000
19  1  2  3  225   11   51   11    7    0    0    1    1    1    0  4  2  1  0.937 0.000
19  1  2  3  226   38   58   56    7    0    1    0    0    1    1  1  1  1  0.687 0.000
19  1  2  3  227   26   56    2    7    0    1    1    0    0    0  3  1  1  0.806 0.000
19  1  2  3  228    8   58    3    7    0    1    0    1    0    1  2  2  1  0.601 0.000
19  1  2  3  229    0   50   10    7    0    0    0    1    0    1  2  2  1  1.036 0.000
19  1  2  3  230   23   53    6    7    0    0    0    0    0    0  1  1  1  0.997 0.000
19  1  2  3  231   16   56   32    7    0    1    1    1    1    0  4  2  1  0.649 0.000
19  1  2  3  232    6   56   18    7    0    1    0    1    0    1  2  2  1  1.723 0.000
19  1  2  3  233   30   50   57    7    0    0    0    0    1    1  1  1  1  1.353 0.000
19  1  2  3  234   14   54   15    7    0    0    0    1    1    0  2  2  1  1.126 0.000
19  1  2  3  235    2   52   37    7    0    0    0    1    0    1  2  2  1  1.012 0.000
19  1  2  3  236   34   54   65    7    0    0    0    0    1    1  1  1  1  0.703 0.000
19  1  2  3  237   36   56   60    7    0    1    1    0    1    1  4  1  1  0.678 0.000
19  1  2  3  238   18   58   79    7    0    1    0    1    1    0  2  2  1  0.654 0.000
19  1  2  3  239   32   52   50    7    0    0    0    0    1    1  1  1  1  0.831 0.000
19  1  2  3  240   20   50   28    7    0    0    0    0    0    0  1  1  1  0.705 0.000
19  1  2  3  241   21   51   50    7    0    0    0    0    0    0  1  1  1  0.904 0.000
19  1  2  3  242    3   53   70    7    0    0    0    1    0    1  2  2  1  0.838 0.000
19  1  2  3  243   28   58   45    7    0    1    1    0    0    0  3  1  1  0.688 0.000
19  1  2  3  244   39   59   73    7    0    1    0    0    1    1  1  1  1  0.720 0.000
19  1  2  3  245   22   52   74    7    0    0    0    0    0    0  1  1  1  0.622 0.000
19  1  2  3  246   17   57   50    7    0    1    1    1    1    0  4  2  1  0.615 0.000
19  1  2  3  247   37   57   72    7    0    1    0    0    1    1  1  1  1  0.770 0.000
19  1  2  3  248   12   52   22    7    0    0    0    1    1    0  2  2  1  0.607 0.000
19  1  2  3  249    4   54   50    7    0    0    0    1    0    1  2  2  1  0.594 0.000
19  1  2  3  250   35   55   35    7    0    1    1    0    1    1  4  1  1  2.734 0.000
19  1  2  3  251   27   57    9    7    0    1    0    0    0    0  1  1  1  0.731 0.000
19  1  2  3  252   24   54   26    7    0    0    0    0    0    0  1  1  1  0.697 0.000
19  1  1  4  253    9   69    9    2    2    1    1    1    0    1  3  3  1  1.468 0.000
19  1  1  4  254    6   66   45    3    2    1    0    1    0    1  2  2  1  0.856 0.000
19  1  1  4  255   37   67   48    1    2    1    1    0    1    1  4  4  1  0.860 0.000
19  1  1  4  256   33   63   28    2    1    0    1    0    1    1  4  4  1  1.072 0.000
19  1  1  4  257   13   63    5    0    1    0    1    1    1    0  4  4  1  0.660 0.000
19  1  1  4  258   30   60    1    1    2    0    1    0    1    1  4  4  1  0.657 0.000
19  1  1  4  259    5   65   35    4    1    1    0    1    0    1  2  2  1  1.246 0.000
19  1  1  4  260   26   66   30    3    2    1    1    0    0    0  3  3  1  1.642 0.000
19  1  1  4  261   21   61   38    2    1    0    1    0    0    0  3  3  1  0.687 0.000
19  1  1  4  262    1   61    1    1    1    0    1    1    0    1  3  3  1  0.666 0.000
19  1  1  4  263    8   68    2    3    2    1    0    1    0    1  2  2  1  0.711 0.000
19  1  1  4  264   35   65   23    4    1    1    1    0    1    1  4  4  1  0.688 0.000
19  1  1  4  265   27   67   18    2    2    1    0    0    0    0  1  1  1  0.963 0.000
19  1  1  4  266   25   65   33    1    1    1    1    0    0    0  3  3  1  1.044 0.000
19  1  1  4  267    2   62   53    3    1    0    1    1    0    1  3  3  1  0.729 0.000
19  1  1  4  268   32   62    0    4    1    0    1    0    1    1  4  4  1  1.338 0.000
19  1  1  4  269    4   64   65    1    1    0    1    1    0    1  3  3  1  0.779 0.000
19  1  1  4  270   39   69    6    3    2    1    0    0    1    1  1  1  1  0.922 0.000
19  1  1  4  271   22   62   52    2    0    0    0    0    0    0  1  2  0  1.372 0.000
19  1  1  4  272   17   67   67    4    2    1    1    1    1    0  4  4  1  2.939 0.000
19  1  1  4  273    3   63    0    1    1    0    1    1    0    1  3  3  1  1.124 0.000
19  1  1  4  274   12   62   13    0    1    0    1    1    1    0  4  4  1  0.734 0.000
19  1  1  4  275   11   61   26    4    1    0    1    1    1    0  4  4  1  0.654 0.000
19  1  1  4  276   20   60   22    2    2    0    1    0    0    0  3  3  1  0.900 0.000
19  1  1  4  277   36   66   33    3    2    1    0    0    1    1  1  1  1  1.303 0.000
19  1  1  4  278   23   63   12    4    1    0    0    0    0    0  1  1  1  1.049 0.000
19  1  1  4  279   34   64   36    1    1    0    0    0    1    1  1  1  1  0.605 0.000
19  1  1  4  280   29   69   27    0    2    1    1    0    0    0  3  3  1  0.675 0.000
19  1  1  4  281   38   68   68    4    2    1    0    0    1    1  1  1  1  1.080 0.000
19  1  1  4  282   18   68   34    3    2    1    1    1    1    0  4  4  1  1.356 0.000
19  1  1  4  283   31   61   41    1    1    0    1    0    1    1  4  4  1  2.307 0.000
19  1  1  4  284   24   64   78    2    1    0    1    0    0    0  3  3  1  0.909 0.000
19  1  1  4  285   28   68   24    0    2    1    0    0    0    0  1  1  1  1.648 0.000
19  1  1  4  286   19   69    6    4    0    1    1    1    1    0  4  3  0  0.860 0.000
19  1  1  4  287    7   67   64    1    2    1    0    1    0    1  2  2  1  0.760 0.000
19  1  1  4  288   10   60   45    3    2    0    0    1    1    0  2  2  1  0.713 0.000
19  1  1  4  289   16   66    9    2    2    1    1    1    1    0  4  4  1  0.787 0.000
19  1  1  4  290    0   60   34    4    0    0    1    1    0    1  3  4  0  1.105 0.000
19  1  1  4  291   15   65    0    3    1    1    0    1    1    0  2  2  1  1.108 0.000
19  1  1  4  292   14   64   19    2    1    0    0    1    1    0  2  2  1  0.870 0.000
19  1  2  4  293   28   78   34    7    0    1    1    0    0    0  3  1  1  0.778 0.000
19  1  2  4  294    1   71   22    7    0    0    1    1    0    1  3  2  1  0.582 0.000
19  1  2  4  295   19   79   14    7    0    1    0    1    1    0  2  2  1  1.602 0.000
19  1  2  4  296   16   76   70    7    0    1    1    1    1    0  4  2  1  1.477 0.000
19  1  2  4  297   25   75    8    7    0    1    0    0    0    0  1  1  1  0.662 0.000
19  1  2  4  298   38   78   34    7    0    1    1    0    1    1  4  1  1  0.790 0.000
19  1  2  4  299   33   73   39    7    0    0    1    0    1    1  4  1  1  1.121 0.000
19  1  2  4  300    5   75   43    7    0    1    0    1    0    1  2  2  1  0.976 0.000
19  1  2  4  301   29   79   76    7    0    1    1    0    0    0  3  1  1  0.836 0.000
19  1  2  4  302   21   71   35    7    0    0    1    0    0    0  3  1  1  0.894 0.000
19  1  2  4  303    9   79   47    7    0    1    0    1    0    1  2  2  1  0.636 0.000
19  1  2  4  304   22   72   65    7    0    0    0    0    0    0  1  1  1  0.782 0.000
19  1  2  4  305   35   75   32    7    0    1    1    0    1    1  4  1  1  0.802 0.000
19  1  2  4  306    7   77   30    7    0    1    0    1    0    1  2  2  1  0.589 0.000
19  1  2  4  307    8   78   58    7    0    1    1    1    0    1  3  2  1  0.601 0.000
19  1  2  4  308    2   72   29    7    0    0    1    1    0    1  3  2  1  0.628 0.000
19  1  2  4  309    4   74   23    7    0    0    1    1    0    1  3  2  1  1.046 0.000
19  1  2  4  310   24   74   61    7    0    0    1    0    0    0  3  1  1  0.672 0.000
19  1  2  4  311    0   70   74    7    0    0    1    1    0    1  3  2  1  0.672 0.000
19  1  2  4  312    6   76   59    7    0    1    0    1    0    1  2  2  1  0.992 0.000
19  1  2  4  313   14   74   74    7    0    0    0    1    1    0  2  2  1  0.900 0.000
19  1  2  4  314   12   72   37    7    0    0    0    1    1    0  2  2  1  0.715 0.000
19  1  2  4  315   10   70   38    7    0    0    0    1    1    0  2  2  1  1.002 0.000
19  1  2  4  316   34   74    2    7    0    0    0    0    1    1  1  1  1  1.012 0.000
19  1  2  4  317   30   70   18    7    0    0    0    0    1    1  1  1  1  0.855 0.000
19  1  2  4  318   36   76   49    7    0    1    1    0    1    1  4  1  1  0.984 0.000
19  1  2  4  319   17   77   55    7    0    1    0    1    1    0  2  2  1  1.036 0.000
19  1  2  4  320    3   73   39    7    0    0    0    1    0    1  2  2  1  0.854 0.000
19  1  2  4  321   32   72   37    7    0    0    0    0    1    1  1  1  1  0.958 0.000
19  1  2  4  322   18   78   12    7    0    1    1    1    1    0  4  2  1  1.132 0.000
19  1  2  4  323   27   77   15    7    0    1    0    0    0    0  1  1  1  1.219 0.000
19  1  2  4  324   11   71   69    7    0    0    0    1    1    0  2  2  1  0.637 0.000
19  1  2  4  325   39   79   20    7    0    1    1    0    1    1  4  1  1  0.734 0.000
19  1  2  4  326   13   73   63    7    0    0    1    1    1    0  4  2  1  1.012 0.000
19  1  2  4  327   37   77   67    7    0    1    0    0    1    1  1  1  1  0.839 0.000
19  1  2  4  328   23   73    4    7    0    0    0    0    0    0  1  1  1  0.857 0.000
19  1  2  4  329   15   75   51    7    0    1    1    1    1    0  4  2  1  0.689 0.000
19  1  2  4  330   20   70   56    7    0    0    1    0    0    0  3  1  1  0.713 0.000
19  1  2  4  331   31   71   79    7    0    0    1    0    1    1  4  1  1  0.664 0.000
19  1  2  4  332   26   76   25    7    0    1    0    0    0    0  1  1  1  0.985 0.000
