8  0  0  0    1    0   -1   30    2    0    1    1    0    1    1  4  3  0  8.389 0.000
8  0  0  0    2    0   -1   30    1    0    0    1    1    1    0  4  3  0  4.676 0.000
8  0  0  0    3    0   -1   30    4    0    1    0    0    0    0  1  3  0  5.552 0.000
8  0  0  0    4    0   -1   30    0    0    0    0    0    1    1  1  0  0  10.000 0.000
8  0  0  0    5    0   -1   30    2    0    1    1    0    0    0  3  3  1  6.774 0.000
8  0  0  0    6    0   -1   30    3    0    0    1    1    0    1  3  3  1  7.403 0.000
8  0  0  0    7    0   -1   30    1    0    0    1    0    1    1  4  3  0  1.381 0.000
8  0  0  0    8    0   -1   30    4    0    1    0    1    0    1  2  3  0  0.341 0.000
8  0  0  0    9    0   -1   30    3    0    0    0    0    1    1  1  3  0  0.558 0.000
8  0  0  0   10    0   -1   30    1    0    1    1    0    1    1  4  3  0  0.414 0.000
8  0  0  0   11    0   -1   30    0    0    1    0    1    1    0  2  3  0  0.717 0.000
8  0  0  0   12    0   -1   30    3    0    0    0    1    1    0  2  3  0  0.269 0.000
8  0  1  1   13   12    2   17    1    0    0    0    1    1    0  2  1  0  1.396 0.000
8  0  1  1   14   38    8   77    2    1    1    1    0    1    1  4  4  1  1.851 0.000
8  0  1  1   15   29    9   15    0    1    1    0    0    0    0  1  1  1  1.150 0.000
8  0  1  1   16   34    4   42    4    0    0    0    0    1    1  1  2  0  1.678 0.000
8  0  1  1   17   23    3    4    1    2    0    0    0    0    0  1  1  1  1.747 0.000
8  0  1  1   18   14    4    7    3    0    0    0    1    1    0  2  1  0  1.514 0.000
8  0  1  1   19    6    6   12    0    0    1    1    1    0    1  3  4  0  2.886 0.000
8  0  1  1   20   27    7   48    4    1    1    0    0    0    0  1  1  1  1.264 0.000
8  0  1  1   21   18    8   40    1    1    1    1    1    1    0  4  4  1  1.507 0.000
8  0  1  1   22   37    7   51    0    0    1    0    0    1    1  1  2  0  1.686 0.000
8  0  1  1   23    0    0   33    3    0    0    0    1    0    1  2  1  0  1.401 0.000
8  0  1  1   24   21    1   57    2    0    0    0    0    0    0  1  2  0  3.359 0.000
8  0  1  1   25    5    5   21    4    2    1    1    1    0    1  3  3  1  1.623 0.000
8  0  1  1   26   33    3   59    1    2    0    1    0    1    1  4  4  1  1.532 0.000
8  0  1  1   27   31    1   78    0    2    0    1    0    1    1  4  4  1  1.094 0.000
8  0  1  1   28   24    4   41    2    2    0    1    0    0    0  3  3  1  0.920 0.000
8  0  1  1   29   32    2   50    4    2    0    1    0    1    1  4  4  1  1.267 0.000
8  0  1  1   30    8    8   63    1    0    1    0    1    0    1  2  1  0  1.270 0.000
8  0  1  1   31   22    2   64    2    2    0    0    0    0    0  1  1  1  4.905 0.000
8  0  1  1   32   26    6    2    3    0    1    1    0    0    0  3  1  0  3.548 0.000
8  0  1  1   33   13    3   54    0    2    0    1    1    1    0  4  4  1  2.582 0.000
8  0  1  1   34   30    0   69    4    1    0    1    0    1    1  4  4  1  1.524 0.000
8  0  1  1   35   20    0   38    2    1    0    1    0    0    0  3  3  1  1.405 0.000
8  0  1  1   36   10    0   70    1    1    0    1    1    1    0  4  4  1  1.724 0.000
8  0  1  1   37    9    9   79    3    1    1    0    1    0    1  2  2  1  2.797 0.000
8  0  1  1   38    3    3   24    0    2    0    0    1    0    1  2  2  1  0.851 0.000
8  0  1  1   39    7    7   66    1    0    1    1    1    0    1  3  4  0  1.776 0.000
8  0  1  1   40   36    6   70    3    1    1    0    0    1    1  1  1  1  3.319 0.000
8  0  1  1   41   39    9   79    4    1    1    1    0    1    1  4  4  1  1.520 0.000
8  0  1  1   42   28    8   18    2    1    1    0    0    0    0  1  1  1  4.338 0.000
8  0  1  1   43    4    4    7    1    2    0    0    1    0    1  2  2  1  1.450 0.000
8  0  1  1   44   17    7   15    0    1    1    1    1    1    0  4  4  1  1.383 0.000
8  0  1  1   45   19    9   62    3    1    1    0    1    1    0  2  2  1  3.614 0.000
8  0  1  1   46   16    6   41    1    1    1    1    1    1    0  4  4  1  1.172 0.000
8  0  1  1   47   11    1   39    2    2    0    1    1    1    0  4  4  1  1.187 0.000
8  0  1  1   48    1    1   71    3    0    0    1    1    0    1  3  4  0  1.386 0.000
8  0  1  1   49   35    5   12    4    0    1    0    0    1    1  1  2  0  2.081 0.000
8  0  1  1   50   25    5   58    1    2    1    1    0    0    0  3  3  1  3.436 0.000
8  0  1  1   51   15    5   75    0    2    1    0    1    1    0  2  2  1  2.921 0.000
8  0  1  1   52    2    2   10    4    2    0    0    1    0    1  2  2  1  2.234 0.000
8  0  2  1   53    8   18   37    7    0    1    1    1    0    1  3  3  1  4.928 0.000
8  0  2  1   54    1   11   44    7    0    0    1    1    0    1  3  3  1  1.934 0.000
8  0  2  1   55   33   13   48    7    0    0    1    0    1    1  4  4  1  2.051 0.000
8  0  2  1   56    2   12   36    7    0    0    1    1    0    1  3  3  1  1.044 0.000
8  0  2  1   57    9   19   70    7    0    1    0    1    0    1  2  3  1  0.878 0.000
8  0  2  1   58   35   15   10    7    0    1    1    0    1    1  4  4  1  1.398 0.000
8  0  2  1   59   34   14   56    7    0    0    1    0    1    1  4  4  1  0.953 0.000
8  0  2  1   60   14   14   36    7    0    0    1    1    1    0  4  4  1  0.782 0.000
8  0  2  1   61    3   13   18    7    0    0    1    1    0    1  3  3  1  0.842 0.000
8  0  2  1   62   29   19   26    7    0    1    0    0    0    0  1  3  1  1.036 0.000
8  0  2  1   63   23   13   71    7    0    0    0    0    0    0  1  3  1  1.076 0.000
8  0  2  1   64    4   14   50    7    0    0    0    1    0    1  2  3  1  0.837 0.000
8  0  2  1   65   27   17   53    7    0    1    1    0    0    0  3  3  1  1.350 0.000
8  0  2  1   66   17   17   32    7    0    1    0    1    1    0  2  3  0  1.259 0.000
8  0  2  1   67   22   12   33    7    0    0    0    0    0    0  1  3  1  1.295 0.000
8  0  2  1   68   37   17   43    7    0    1    1    0    1    1  4  3  0  1.310 0.000
8  0  2  1   69   15   15   60    7    0    1    0    1    1    0  2  4  1  1.305 0.000
8  0  2  1   70   18   18   21    7    0    1    1    1    1    0  4  4  1  1.096 0.000
8  0  2  1   71   28   18   62    7    0    1    0    0    0    0  1  3  1  1.030 0.000
8  0  2  1   72   26   16    5    7    0    1    1    0    0    0  3  3  1  1.289 0.000
8  0  2  1   73   36   16   29    7    0    1    0    0    1    1  1  3  0  1.216 0.000
8  0  2  1   74    5   15   27    7    0    1    1    1    0    1  3  3  1  1.950 0.000
8  0  2  1   75    0   10   17    7    0    0    1    1    0    1  3  3  1  2.818 0.000
8  0  2  1   76   38   18   72    7    0    1    0    0    1    1  1  4  1  2.413 0.000
8  0  2  1   77   16   16   64    7    0    1    1    1    1    0  4  3  0  1.376 0.000
8  0  2  1   78   12   12   11    7    0    0    1    1    1    0  4  4  1  1.366 0.000
8  0  2  1   79   30   10    6    7    0    0    1    0    1    1  4  4  1  1.179 0.000
8  0  2  1   80   32   12   37    7    0    0    1    0    1    1  4  4  1  1.343 0.000
8  0  2  1   81   31   11   53    7    0    0    1    0    1    1  4  4  1  1.085 0.000
8  0  2  1   82   39   19   28    7    0    1    0    0    1    1  1  4  1  0.916 0.000
8  0  2  1   83   19   19   52    7    0    1    1    1    1    0  4  4  1  1.002 0.000
8  0  2  1   84   20   10   44    7    0    0    1    0    0    0  3  3  1  1.861 0.000
8  0  2  1   85    7   17    9    7    0    1    0    1    0    1  2  3  1  1.806 0.000
8  0  2  1   86   13   13    6    7    0    0    0    1    1    0  2  3  0  2.616 0.000
8  0  2  1   87    6   16   40    7    0    1    1    1    0    1  3  3  1  1.270 0.000
8  0  2  1   88   10   10    0    7    0    0    1    1    1    0  4  2  1  0.999 0.000
8  0  2  1   89   21   11   65    7    0    0    1    0    0    0  3  1  1  1.970 0.000
8  0  2  1   90   11   11   63    7    0    0    1    1    1    0  4  2  1  2.070 0.000
8  0  2  1   91   25   15   63    7    0    1    0    0    0    0  1  1  1  1.470 0.000
8  0  2  1   92   24   14   79    7    0    0    0    0    0    0  1  1  1  1.639 0.000
8  0  1  2   93    6   26    8    4    0    1    1    1    0    1  3  4  0  8.020 0.000
8  0  1  2   94    0   20   53    2    1    0    1    1    0    1  3  3  1  2.113 0.000
8  0  1  2   95   29   29   20    0    1    1    0    0    0    0  1  1  1  0.867 0.000
8  0  1  2   96   15   25   72    1    2    1    1    1    1    0  4  4  1  0.855 0.000
8  0  1  2   97   10   20   37    2    1    0    1    1    1    0  4  4  1  1.002 0.000
8  0  1  2   98   23   23   30    3    2    0    1    0    0    0  3  3  1  0.960 0.000
8  0  1  2   99   34   24   16    0    2    0    1    0    1    1  4  4  1  2.345 0.000
8  0  1  2  100   39   29   20    1    1    1    0    0    1    1  1  1  1  1.554 0.000
8  0  1  2  101   19   29   71    4    1    1    1    1    1    0  4  4  1  1.553 0.000
8  0  1  2  102   32   22   54    0    2    0    1    0    1    1  4  4  1  0.890 0.000
8  0  1  2  103   20   20   51    1    1    0    1    0    0    0  3  3  1  1.389 0.000
8  0  1  2  104    5   25   65    3    2    1    0    1    0    1  2  2  1  2.811 0.000
8  0  1  2  105   31   21   66    2    2    0    0    0    1    1  1  1  1  5.633 0.000
8  0  1  2  106   22   22    1    4    2    0    0    0    0    0  1  1  1  1.023 0.000
8  0  1  2  107   26   26   69    1    1    1    1    0    0    0  3  3  1  1.627 0.000
8  0  1  2  108    4   24   46    3    2    0    1    1    0    1  3  3  1  1.281 0.000
8  0  1  2  109   24   24   19    4    2    0    1    0    0    0  3  3  1  1.677 0.000
8  0  1  2  110    2   22   74    0    2    0    1    1    0    1  3  3  1  0.848 0.000
8  0  1  2  111   30   20   60    2    1    0    1    0    1    1  4  4  1  1.813 0.000
8  0  1  2  112   16   26   46    3    1    1    0    1    1    0  2  2  1  1.171 0.000
8  0  1  2  113    1   21   26    0    2    0    0    1    0    1  2  2  1  1.395 0.000
8  0  1  2  114   36   26    7    2    1    1    1    0    1    1  4  4  1  0.849 0.000
8  0  1  2  115    9   29   15    1    1    1    0    1    0    1  2  2  1  1.790 0.000
8  0  1  2  116    3   23   28    3    2    0    0    1    0    1  2  2  1  1.221 0.000
8  0  1  2  117   27   27   34    2    1    1    1    0    0    0  3  3  1  0.977 0.000
8  0  1  2  118   33   23   41    0    2    0    1    0    1    1  4  4  1  1.497 0.000
8  0  1  2  119   38   28    9    4    1    1    0    0    1    1  1  1  1  1.604 0.000
8  0  1  2  120   25   25   21    1    2    1    1    0    0    0  3  3  1  0.867 0.000
8  0  1  2  121   35   25    2    3    2    1    0    0    1    1  1  1  1  1.605 0.000
8  0  1  2  122   13   23   28    0    2    0    0    1    1    0  2  2  1  0.956 0.000
8  0  1  2  123   28   28   77    4    1    1    1    0    0    0  3  3  1  1.556 0.000
8  0  1  2  124   14   24   10    3    2    0    1    1    1    0  4  4  1  1.244 0.000
8  0  1  2  125   18   28   44    0    1    1    0    1    1    0  2  2  1  1.121 0.000
8  0  1  2  126   37   27   40    1    1    1    1    0    1    1  4  4  1  0.978 0.000
8  0  1  2  127   17   27   74    2    1    1    0    1    1    0  2  2  1  1.578 0.000
8  0  1  2  128   11   21   18    4    2    0    0    1    1    0  2  2  1  0.745 0.000
8  0  1  2  129   12   22   33    3    2    0    0    1    1    0  2  2  1  0.738 0.000
8  0  1  2  130    8   28   30    1    0    1    1    1    0    1  3  4  0  1.203 0.000
8  0  1  2  131    7   27    0    4    1    1    0    1    0    1  2  2  1  2.185 0.000
8  0  1  2  132   21   21   11    0    2    0    0    0    0    0  1  1  1  0.927 0.000
8  0  2  2  133    2   32    5    7    0    0    0    1    0    1  2  2  1  3.721 0.000
8  0  2  2  134   11   31   29    7    0    0    0    1    1    0  2  2  1  2.271 0.000
8  0  2  2  135   10   30   16    7    0    0    0    1    1    0  2  2  1  1.135 0.000
8  0  2  2  136    8   38   42    7    0    1    1    1    0    1  3  1  0  1.620 0.000
8  0  2  2  137   32   32   19    7    0    0    1    0    1    1  4  1  1  3.234 0.000
8  0  2  2  138   12   32   67    7    0    0    1    1    1    0  4  4  1  1.843 0.000
8  0  2  2  139   28   38   29    7    0    1    0    0    0    0  1  3  1  1.005 0.000
8  0  2  2  140   18   38   79    7    0    1    1    1    1    0  4  2  1  1.144 0.000
8  0  2  2  141   23   33   43    7    0    0    1    0    0    0  3  3  1  2.421 0.000
8  0  2  2  142   22   32   37    7    0    0    1    0    0    0  3  3  1  1.303 0.000
8  0  2  2  143   27   37   45    7    0    1    0    0    0    0  1  3  1  0.910 0.000
8  0  2  2  144   26   36   50    7    0    1    1    0    0    0  3  3  1  0.941 0.000
8  0  2  2  145    5   35   19    7    0    1    0    1    0    1  2  3  1  2.194 0.000
8  0  2  2  146   29   39   76    7    0    1    1    0    0    0  3  3  1  0.733 0.000
8  0  2  2  147   34   34    1    7    0    0    1    0    1    1  4  3  0  0.707 0.000
8  0  2  2  148   30   30   57    7    0    0    1    0    1    1  4  4  1  1.573 0.000
8  0  2  2  149   24   34   67    7    0    0    1    0    0    0  3  3  1  1.089 0.000
8  0  2  2  150   14   34   48    7    0    0    1    1    1    0  4  2  1  1.856 0.000
8  0  2  2  151    0   30   54    7    0    0    1    1    0    1  3  2  1  1.025 0.000
8  0  2  2  152   36   36   22    7    0    1    0    0    1    1  1  4  1  2.436 0.000
8  0  2  2  153   21   31   59    7    0    0    0    0    0    0  1  3  1  1.461 0.000
8  0  2  2  154   31   31   67    7    0    0    0    0    1    1  1  4  1  1.637 0.000
8  0  2  2  155   20   30   31    7    0    0    0    0    0    0  1  3  1  0.887 0.000
8  0  2  2  156    9   39   48    7    0    1    1    1    0    1  3  2  1  1.703 0.000
8  0  2  2  157   37   37   65    7    0    1    0    0    1    1  1  4  1  1.318 0.000
8  0  2  2  158   15   35   57    7    0    1    1    1    1    0  4  4  1  1.507 0.000
8  0  2  2  159   19   39    2    7    0    1    0    1    1    0  2  4  1  1.306 0.000
8  0  2  2  160   39   39   52    7    0    1    1    0    1    1  4  4  1  1.361 0.000
8  0  2  2  161   25   35   22    7    0    1    0    0    0    0  1  1  1  1.390 0.000
8  0  2  2  162    7   37   55    7    0    1    1    1    0    1  3  3  1  2.177 0.000
8  0  2  2  163   13   33   49    7    0    0    1    1    1    0  4  4  1  1.669 0.000
8  0  2  2  164   17   37   55    7    0    1    0    1    1    0  2  4  1  0.973 0.000
8  0  2  2  165    6   36   73    7    0    1    1    1    0    1  3  3  1  1.425 0.000
8  0  2  2  166   16   36   69    7    0    1    0    1    1    0  2  4  1  1.851 0.000
8  0  2  2  167   35   35   55    7    0    1    1    0    1    1  4  4  1  0.948 0.000
8  0  2  2  168   38   38   36    7    0    1    0    0    1    1  1  4  1  0.858 0.000
8  0  2  2  169    3   33   47    7    0    0    0    1    0    1  2  3  1  0.955 0.000
8  0  2  2  170   33   33   34    7    0    0    0    0    1    1  1  4  1  1.199 0.000
8  0  2  2  171    1   31   77    7    0    0    0    1    0    1  2  3  1  1.242 0.000
8  0  2  2  172    4   34   57    7    0    0    0    1    0    1  2  2  1  1.356 0.000
8  0  1  3  173   24   44    0    3    2    0    0    0    0    0  1  1  1  0.984 0.000
8  0  1  3  174   21   41   66    2    2    0    0    0    0    0  1  1  1  0.751 0.000
8  0  1  3  175   11   41   43    0    2    0    0    1    1    0  2  2  1  1.039 0.000
8  0  1  3  176   13   43    3    1    2    0    0    1    1    0  2  2  1  1.092 0.000
8  0  1  3  177   36   46   13    3    1    1    1    0    1    1  4  4  1  0.758 0.000
8  0  1  3  178   33   43   17    2    2    0    1    0    1    1  4  4  1  0.870 0.000
8  0  1  3  179    3   43    6    1    2    0    1    1    0    1  3  3  1  1.066 0.000
8  0  1  3  180   28   48   28    4    1    1    0    0    0    0  1  1  1  1.181 0.000
8  0  1  3  181    2   42   35    3    2    0    0    1    0    1  2  2  1  1.181 0.000
8  0  1  3  182   38   48   45    0    1    1    1    0    1    1  4  4  1  0.973 0.000
8  0  1  3  183   37   47   24    4    1    1    0    0    1    1  1  1  1  1.380 0.000
8  0  1  3  184   27   47   72    2    1    1    1    0    0    0  3  3  1  1.755 0.000
8  0  1  3  185   32   42   27    0    2    0    1    0    1    1  4  4  1  1.292 0.000
8  0  1  3  186   29   49   74    3    1    1    0    0    0    0  1  1  1  1.895 0.000
8  0  1  3  187   35   45    5    1    2    1    1    0    1    1  4  4  1  1.305 0.000
8  0  1  3  188   34   44   14    4    2    0    1    0    1    1  4  4  1  0.795 0.000
8  0  1  3  189   26   46   23    2    1    1    0    0    0    0  1  1  1  0.930 0.000
8  0  1  3  190   22   42   60    1    2    0    0    0    0    0  1  1  1  1.468 0.000
8  0  1  3  191   17   47   20    4    1    1    1    1    1    0  4  4  1  1.007 0.000
8  0  1  3  192   23   43   56    3    2    0    1    0    0    0  3  3  1  0.989 0.000
8  0  1  3  193    0   40   31    1    1    0    1    1    0    1  3  3  1  0.972 0.000
8  0  1  3  194   18   48   12    2    1    1    0    1    1    0  2  2  1  1.452 0.000
8  0  1  3  195    4   44    1    0    2    0    0    1    0    1  2  2  1  0.887 0.000
8  0  1  3  196    9   49   61    4    0    1    1    1    0    1  3  4  0  1.850 0.000
8  0  1  3  197    8   48   75    2    1    1    0    1    0    1  2  2  1  1.590 0.000
8  0  1  3  198   30   40   75    0    1    0    0    0    1    1  1  1  1  1.004 0.000
8  0  1  3  199    1   41   25    1    2    0    0    1    0    1  2  2  1  1.259 0.000
8  0  1  3  200   14   44   76    2    2    0    0    1    1    0  2  2  1  0.767 0.000
8  0  1  3  201   12   42   35    3    2    0    0    1    1    0  2  2  1  0.847 0.000
8  0  1  3  202   20   40    6    4    1    0    0    0    0    0  1  1  1  0.955 0.000
8  0  1  3  203    7   47   72    1    1    1    1    1    0    1  3  3  1  1.515 0.000
8  0  1  3  204   39   49    8    0    1    1    0    0    1    1  1  1  1  1.518 0.000
8  0  1  3  205   19   49   47    2    1    1    1    1    1    0  4  4  1  0.767 0.000
8  0  1  3  206   25   45   10    3    2    1    0    0    0    0  1  1  1  1.118 0.000
8  0  1  3  207   10   40    5    0    1    0    0    1    1    0  2  2  1  2.072 0.000
8  0  1  3  208    5   45   52    2    2    1    1    1    0    1  3  3  1  1.580 0.000
8  0  1  3  209    6   46   62    3    1    1    0    1    0    1  2  2  1  1.362 0.000
8  0  1  3  210   15   45   73    1    2    1    1    1    1    0  4  4  1  0.699 0.000
8  0  1  3  211   16   46   31    4    1    1    0    1    1    0  2  2  1  1.238 0.000
8  0  1  3  212   31   41   71    3    2    0    0    0    1    1  1  1  1  1.099 0.000
8  0  2  3  213   22   52   78    7    0    0    0    0    0    0  1  3  1  1.237 0.000
8  0  2  3  214   12   52   34    7    0    0    0    1    1    0  2  4  1  1.358 0.000
8  0  2  3  215    6   56   11    7    0    1    1    1    0    1  3  3  1  1.443 0.000
8  0  2  3  216   34   54   46    7    0    0    1    0    1    1  4  4  1  0.844 0.000
8  0  2  3  217   29   59   17    7    0    1    0    0    0    0  1  3  1  1.036 0.000
8  0  2  3  218   19   59    1    7    0    1    1    1    1    0  4  4  1  0.950 0.000
8  0  2  3  219    7   57   29    7    0    1    0    1    0    1  2  3  1  0.819 0.000
8  0  2  3  220   36   56   35    7    0    1    1    0    1    1  4  4  1  1.997 0.000
8  0  2  3  221   16   56   58    7    0    1    0    1    1    0  2  4  1  1.712 0.000
8  0  2  3  222   23   53   52    7    0    0    0    0    0    0  1  3  1  2.975 0.000
8  0  2  3  223   18   58   78    7    0    1    1    1    1    0  4  4  1  1.124 0.000
8  0  2  3  224   27   57    3    7    0    1    0    0    0    0  1  3  1  1.722 0.000
8  0  2  3  225   30   50   47    7    0    0    0    0    1    1  1  1  1  0.983 0.000
8  0  2  3  226   15   55   66    7    0    1    1    1    1    0  4  2  1  1.059 0.000
8  0  2  3  227    9   59    3    7    0    1    0    1    0    1  2  2  1  1.284 0.000
8  0  2  3  228   31   51   25    7    0    0    0    0    1    1  1  1  1  1.220 0.000
8  0  2  3  229   37   57   39    7    0    1    1    0    1    1  4  4  1  1.413 0.000
8  0  2  3  230    0   50   45    7    0    0    1    1    0    1  3  2  1  2.072 0.000
8  0  2  3  231   26   56   14    7    0    1    0    0    0    0  1  1  1  1.432 0.000
8  0  2  3  232   13   53   56    7    0    0    0    1    1    0  2  4  1  1.491 0.000
8  0  2  3  233    2   52   67    7    0    0    0    1    0    1  2  3  1  1.345 0.000
8  0  2  3  234   17   57   27    7    0    1    1    1    1    0  4  4  1  1.463 0.000
8  0  2  3  235    4   54   20    7    0    0    1    1    0    1  3  2  1  2.352 0.000
8  0  2  3  236    3   53   41    7    0    0    1    1    0    1  3  2  1  1.156 0.000
8  0  2  3  237    1   51   56    7    0    0    1    1    0    1  3  2  1  0.953 0.000
8  0  2  3  238   11   51   51    7    0    0    1    1    1    0  4  2  1  0.798 0.000
8  0  2  3  239   32   52   68    7    0    0    1    0    1    1  4  1  1  2.914 0.000
8  0  2  3  240   28   58   32    7    0    1    0    0    0    0  1  3  1  1.856 0.000
8  0  2  3  241    8   58   13    7    0    1    1    1    0    1  3  3  1  1.137 0.000
8  0  2  3  242   38   58   15    7    0    1    0    0    1    1  1  4  1  0.958 0.000
8  0  2  3  243   39   59   30    7    0    1    1    0    1    1  4  3  0  1.475 0.000
8  0  2  3  244   14   54   26    7    0    0    1    1    1    0  4  4  1  1.222 0.000
8  0  2  3  245   20   50   47    7    0    0    1    0    0    0  3  3  1  0.825 0.000
8  0  2  3  246   33   53   63    7    0    0    1    0    1    1  4  4  1  1.075 0.000
8  0  2  3  247    5   55   38    7    0    1    0    1    0    1  2  3  1  0.811 0.000
8  0  2  3  248   21   51   36    7    0    0    0    0    0    0  1  3  1  0.757 0.000
8  0  2  3  249   24   54   12    7    0    0    0    0    0    0  1  3  1  1.922 0.000
8  0  2  3  250   35   55   18    7    0    1    1    0    1    1  4  4  1  1.161 0.000
8  0  2  3  251   25   55   40    7    0    1    0    0    0    0  1  3  1  0.990 0.000
8  0  2  3  252   10   50   22    7    0    0    0    1    1    0  2  2  1  1.312 0.000
8  0  1  4  253   26   66   61    2    1    1    1    0    0    0  3  3  1  1.500 0.000
8  0  1  4  254    8   68   34    1    1    1    0    1    0    1  2  2  1  1.870 0.000
8  0  1  4  255   30   60   73    0    1    0    0    0    1    1  1  1  1  0.914 0.000
8  0  1  4  256   22   62    9    3    2    0    0    0    0    0  1  1  1  1.077 0.000
8  0  1  4  257   27   67   75    2    1    1    1    0    0    0  3  3  1  1.951 0.000
8  0  1  4  258   32   62    4    0    2    0    1    0    1    1  4  4  1  1.104 0.000
8  0  1  4  259   23   63   49    1    2    0    1    0    0    0  3  3  1  0.754 0.000
8  0  1  4  260   19   69   50    4    1    1    0    1    1    0  2  2  1  1.361 0.000
8  0  1  4  261   10   60    4    0    1    0    0    1    1    0  2  2  1  0.970 0.000
8  0  1  4  262   25   65   54    3    2    1    1    0    0    0  3  3  1  0.985 0.000
8  0  1  4  263   21   61   13    2    2    0    1    0    0    0  3  3  1  0.824 0.000
8  0  1  4  264   13   63   68    0    2    0    1    1    1    0  4  4  1  1.485 0.000
8  0  1  4  265   20   60   55    4    1    0    1    0    0    0  3  3  1  0.944 0.000
8  0  1  4  266   36   66   31    2    1    1    0    0    1    1  1  1  1  1.913 0.000
8  0  1  4  267    6   66   58    3    1    1    1    1    0    1  3  3  1  1.331 0.000
8  0  1  4  268    9   69   60    1    1    1    0    1    0    1  2  2  1  1.956 0.000
8  0  1  4  269   12   62   45    0    2    0    0    1    1    0  2  2  1  0.853 0.000
8  0  1  4  270   14   64   14    2    2    0    0    1    1    0  2  2  1  0.953 0.000
8  0  1  4  271   34   64   21    3    2    0    0    0    1    1  1  1  1  1.152 0.000
8  0  1  4  272   16   66   23    4    0    1    1    1    1    0  4  3  0  1.121 0.000
8  0  1  4  273   31   61   33    2    2    0    1    0    1    1  4  4  1  1.003 0.000
8  0  1  4  274   29   69   27    0    1    1    0    0    0    0  1  1  1  1.009 0.000
8  0  1  4  275    5   65    4    3    2    1    1    1    0    1  3  3  1  0.966 0.000
8  0  1  4  276   37   67   62    1    1    1    0    0    1    1  1  1  1  1.430 0.000
8  0  1  4  277   15   65   13    0    2    1    1    1    1    0  4  4  1  1.036 0.000
8  0  1  4  278    2   62   39    3    2    0    1    1    0    1  3  3  1  0.913 0.000
8  0  1  4  279   11   61   19    1    2    0    1    1    1    0  4  4  1  0.874 0.000
8  0  1  4  280    0   60   16    2    0    0    1    1    0    1  3  4  0  1.198 0.000
8  0  1  4  281   33   63   11    0    2    0    1    0    1    1  4  4  1  1.541 0.000
8  0  1  4  282    1   61   64    4    2    0    1    1    0    1  3  3  1  1.069 0.000
8  0  1  4  283    3   63   78    1    2    0    1    1    0    1  3  3  1  0.841 0.000
8  0  1  4  284   35   65   76    2    2    1    0    0    1    1  1  1  1  1.350 0.000
8  0  1  4  285   28   68   73    0    1    1    1    0    0    0  3  3  1  5.549 0.000
8  0  1  4  286    7   67   69    1    1    1    0    1    0    1  2  2  1  1.262 0.000
8  0  1  4  287   38   68   64    4    1    1    1    0    1    1  4  4  1  0.859 0.000
8  0  1  4  288   39   69   49    0    0    1    0    0    1    1  1  2  0  5.590 0.000
8  0  1  4  289   24   64   70    2    2    0    0    0    0    0  1  1  1  1.461 0.000
8  0  1  4  290    4   64    2    3    2    0    0    1    0    1  2  2  1  1.546 0.000
8  0  1  4  291   17   67   24    1    1    1    1    1    1    0  4  4  1  1.170 0.000
8  0  1  4  292   18   68   61    4    1    1    0    1    1    0  2  2  1  0.841 0.000
8  0  2  4  293   10   70   65    7    0    0    0    1    1    0  2  2  1  1.895 0.000
8  0  2  4  294   28   78   35    7    0    1    1    0    0    0  3  3  1  1.526 0.000
8  0  2  4  295    1   71   22    7    0    0    1    1    0    1  3  3  1  0.980 0.000
8  0  2  4  296    4   74   14    7    0    0    1    1    0    1  3  2  1  0.856 0.000
8  0  2  4  297   38   78   32    7    0    1    0    0    1    1  1  4  1  1.729 0.000
8  0  2  4  298   32   72   23    7    0    0    0    0    1    1  1  4  1  2.599 0.000
8  0  2  4  299   30   70   61    7    0    0    0    0    1    1  1  4  1  1.201 0.000
8  0  2  4  300    9   79   49    7    0    1    1    1    0    1  3  3  1  0.820 0.000
8  0  2  4  301   16   76    8    7    0    1    0    1    1    0  2  2  1  1.399 0.000
8  0  2  4  302   21   71   25    7    0    0    0    0    0    0  1  3  1  1.866 0.000
8  0  2  4  303   19   79   30    7    0    1    1    1    1    0  4  2  1  1.610 0.000
8  0  2  4  304   12   72    9    7    0    0    1    1    1    0  4  2  1  1.597 0.000
8  0  2  4  305    8   78   59    7    0    1    0    1    0    1  2  2  1  1.464 0.000
8  0  2  4  306   18   78   53    7    0    1    1    1    1    0  4  2  1  0.817 0.000
8  0  2  4  307   22   72   42    7    0    0    1    0    0    0  3  3  1  1.019 0.000
8  0  2  4  308    2   72   51    7    0    0    1    1    0    1  3  2  1  1.293 0.000
8  0  2  4  309   26   76   16    7    0    1    0    0    0    0  1  1  1  4.701 0.000
8  0  2  4  310   24   74   24    7    0    0    0    0    0    0  1  1  1  1.771 0.000
8  0  2  4  311   33   73    0    7    0    0    0    0    1    1  1  4  1  1.416 0.000
8  0  2  4  312   27   77   68    7    0    1    1    0    0    0  3  3  1  1.947 0.000
8  0  2  4  313   11   71   38    7    0    0    1    1    1    0  4  2  1  1.360 0.000
8  0  2  4  314   14   74   59    7    0    0    1    1    1    0  4  2  1  1.796 0.000
8  0  2  4  315   23   73   46    7    0    0    1    0    0    0  3  3  1  1.080 0.000
8  0  2  4  316    3   73   76    7    0    0    1    1    0    1  3  3  1  1.136 0.000
8  0  2  4  317    0   70   68    7    0    0    1    1    0    1  3  3  1  1.006 0.000
8  0  2  4  318    7   77   43    7    0    1    0    1    0    1  2  3  1  0.800 0.000
8  0  2  4  319   20   70   39    7    0    0    0    0    0    0  1  3  1  0.907 0.000
8  0  2  4  320   31   71    3    7    0    0    0    0    1    1  1  4  1  0.946 0.000
8  0  2  4  321   37   77   44    7    0    1    1    0    1    1  4  1  1  1.016 0.000
8  0  2  4  322    6   76   23    7    0    1    0    1    0    1  2  2  1  1.281 0.000
8  0  2  4  323   34   74   26    7    0    0    0    0    1    1  1  4  1  1.698 0.000
8  0  2  4  324   15   75   77    7    0    1    1    1    1    0  4  2  1  1.345 0.000
8  0  2  4  325   13   73   42    7    0    0    1    1    1    0  4  2  1  1.087 0.000
8  0  2  4  326   35   75   58    7    0    1    0    0    1    1  1  4  1  1.982 0.000
8  0  2  4  327   39   79   74    7    0    1    1    0    1    1  4  4  1  0.954 0.000
8  0  2  4  328   17   77   25    7    0    1    0    1    1    0  2  2  1  0.807 0.000
8  0  2  4  329   29   79    8    7    0    1    1    0    0    0  3  3  1  1.042 0.000
8  0  2  4  330   25   75    7    7    0    1    0    0    0    0  1  4  0  1.467 0.000
8  0  2  4  331    5   75   32    7    0    1    1    1    0    1  3  2  1  1.031 0.000
8  0  2  4  332   36   76   38    7    0    1    0    0    1    1  1  1  1  2.281 0.000
