33  0  0  0    1    0   -1    5    0    0    1    0    1    1    0  2  2  1  2.190 0.000
33  0  0  0    2    0   -1    5    1    0    1    1    1    0    1  3  3  1  2.706 0.000
33  0  0  0    3    0   -1    5    3    0    0    1    1    0    1  3  3  1  0.967 0.000
33  0  0  0    4    0   -1    5    4    0    0    1    0    1    1  4  4  1  1.317 0.000
33  0  0  0    5    0   -1    5    0    0    0    1    0    1    1  4  4  1  1.267 0.000
33  0  0  0    6    0   -1    5    1    0    1    0    1    1    0  2  2  1  0.948 0.000
33  0  0  0    7    0   -1    5    4    0    1    1    1    0    1  3  3  1  0.705 0.000
33  0  0  0    8    0   -1    5    3    0    0    1    1    1    0  4  4  1  5.544 0.000
33  0  0  0    9    0   -1    5    2    0    0    1    0    1    1  4  4  1  0.815 0.000
33  0  0  0   10    0   -1    5    0    0    0    1    1    1    0  4  4  1  0.529 0.000
33  0  0  0   11    0   -1    5    4    0    0    1    0    1    1  4  4  1  0.943 0.000
33  0  0  0   12    0   -1    5    2    0    0    1    0    0    0  3  3  1  1.150 0.000
33  0  1  1   13   15    5   39    0    1    1    0    1    1    0  2  2  1  1.815 0.000
33  0  1  1   14   31    1   70    4    1    0    0    0    1    1  1  1  1  2.197 0.000
33  0  1  1   15    3    3   72    3    1    0    0    1    0    1  2  2  1  1.268 0.000
33  0  1  1   16   22    2   54    1    1    0    0    0    0    0  1  1  1  0.824 0.000
33  0  1  1   17   32    2    2    4    1    0    0    0    1    1  1  1  1  0.645 0.000
33  0  1  1   18    1    1   64    2    1    0    0    1    0    1  2  2  1  0.786 0.000
33  0  1  1   19   36    6   38    0    2    1    1    0    1    1  4  4  1  2.298 0.000
33  0  1  1   20   35    5    6    4    1    1    0    0    1    1  1  1  1  1.053 0.000
33  0  1  1   21   20    0   65    2    2    0    0    0    0    0  1  1  1  0.655 0.000
33  0  1  1   22    0    0   27    1    2    0    0    1    0    1  2  2  1  0.756 0.000
33  0  1  1   23   39    9   39    3    2    1    1    0    1    1  4  4  1  1.205 0.000
33  0  1  1   24    8    8   34    4    2    1    0    1    0    1  2  2  1  1.098 0.000
33  0  1  1   25    5    5   45    2    1    1    1    1    0    1  3  3  1  2.637 0.000
33  0  1  1   26    9    9   32    3    2    1    0    1    0    1  2  2  1  0.834 0.000
33  0  1  1   27   28    8   26    0    2    1    1    0    0    0  3  3  1  2.871 0.000
33  0  1  1   28   21    1    3    2    1    0    1    0    0    0  3  3  1  0.722 0.000
33  0  1  1   29   14    4   29    4    1    0    1    1    1    0  4  4  1  0.589 0.000
33  0  1  1   30   10    0   35    0    2    0    1    1    1    0  4  4  1  0.507 0.000
33  0  1  1   31   37    7   74    3    0    1    0    0    1    1  1  2  0  2.780 0.000
33  0  1  1   32    2    2   78    4    1    0    0    1    0    1  2  2  1  1.484 0.000
33  0  1  1   33   13    3   52    1    1    0    0    1    1    0  2  2  1  1.127 0.000
33  0  1  1   34    4    4    9    3    1    0    0    1    0    1  2  2  1  0.881 0.000
33  0  1  1   35   30    0   33    2    2    0    0    0    1    1  1  1  1  1.051 0.000
33  0  1  1   36   16    6   74    1    2    1    1    1    1    0  4  4  1  0.768 0.000
33  0  1  1   37   38    8   35    4    2    1    0    0    1    1  1  1  1  2.496 0.000
33  0  1  1   38   33    3    4    2    0    0    0    0    1    1  1  4  0  1.427 0.000
33  0  1  1   39   12    2   15    1    1    0    0    1    1    0  2  2  1  1.952 0.000
33  0  1  1   40   17    7   34    4    2    1    1    1    1    0  4  4  1  1.760 0.000
33  0  1  1   41   18    8   57    0    0    1    0    1    1    0  2  1  0  1.552 0.000
33  0  1  1   42   25    5   23    2    1    1    1    0    0    0  3  3  1  1.152 0.000
33  0  1  1   43   34    4   15    3    1    0    1    0    1    1  4  4  1  3.528 0.000
33  0  1  1   44    6    6    7    1    0    1    0    1    0    1  2  1  0  1.146 0.000
33  0  1  1   45   29    9   25    4    2    1    1    0    0    0  3  3  1  1.386 0.000
33  0  1  1   46    7    7   56    3    2    1    0    1    0    1  2  2  1  0.985 0.000
33  0  1  1   47   23    3   49    0    1    0    0    0    0    0  1  1  1  0.681 0.000
33  0  1  1   48   11    1   41    4    1    0    0    1    1    0  2  2  1  0.949 0.000
33  0  1  1   49   26    6   32    2    2    1    1    0    0    0  3  3  1  0.812 0.000
33  0  1  1   50   27    7   48    3    0    1    0    0    0    0  1  2  0  0.619 0.000
33  0  1  1   51   24    4   40    1    1    0    0    0    0    0  1  1  1  0.744 0.000
33  0  1  1   52   19    9   64    4    0    1    1    1    1    0  4  3  0  4.153 0.000
33  0  2  1   53   14   14   70    7    0    0    1    1    1    0  4  2  1  2.674 0.000
33  0  2  1   54    9   19   48    7    0    1    0    1    0    1  2  2  1  0.666 0.000
33  0  2  1   55    0   10   62    7    0    0    0    1    0    1  2  2  1  1.051 0.000
33  0  2  1   56    1   11   63    7    0    0    0    1    0    1  2  2  1  0.787 0.000
33  0  2  1   57   22   12   15    7    0    0    0    0    0    0  1  1  1  1.974 0.000
33  0  2  1   58   23   13   50    7    0    0    0    0    0    0  1  1  1  0.883 0.000
33  0  2  1   59   31   11   34    7    0    0    0    0    1    1  1  1  1  0.771 0.000
33  0  2  1   60   21   11   58    7    0    0    0    0    0    0  1  1  1  0.590 0.000
33  0  2  1   61   20   10   22    7    0    0    0    0    0    0  1  1  1  0.825 0.000
33  0  2  1   62   39   19   13    7    0    1    1    0    1    1  4  1  1  0.844 0.000
33  0  2  1   63    3   13   66    7    0    0    1    1    0    1  3  2  1  0.869 0.000
33  0  2  1   64    4   14   35    7    0    0    1    1    0    1  3  2  1  0.550 0.000
33  0  2  1   65   37   17   14    7    0    1    0    0    1    1  1  1  1  0.730 0.000
33  0  2  1   66   16   16   14    7    0    1    1    1    1    0  4  2  1  0.680 0.000
33  0  2  1   67    2   12   16    7    0    0    1    1    0    1  3  2  1  0.736 0.000
33  0  2  1   68   15   15    1    7    0    1    0    1    1    0  2  2  1  0.590 0.000
33  0  2  1   69   17   17   72    7    0    1    1    1    1    0  4  2  1  0.609 0.000
33  0  2  1   70    5   15   20    7    0    1    0    1    0    1  2  2  1  0.660 0.000
33  0  2  1   71   26   16   79    7    0    1    1    0    0    0  3  1  1  0.678 0.000
33  0  2  1   72   32   12   50    7    0    0    1    0    1    1  4  2  0  0.917 0.000
33  0  2  1   73   28   18   44    7    0    1    0    0    0    0  1  1  1  0.671 0.000
33  0  2  1   74   18   18   58    7    0    1    1    1    1    0  4  1  0  1.094 0.000
33  0  2  1   75   24   14   46    7    0    0    1    0    0    0  3  1  1  0.617 0.000
33  0  2  1   76    8   18   14    7    0    1    0    1    0    1  2  2  1  1.204 0.000
33  0  2  1   77   12   12   22    7    0    0    0    1    1    0  2  2  1  0.535 0.000
33  0  2  1   78   29   19   59    7    0    1    1    0    0    0  3  1  1  0.755 0.000
33  0  2  1   79   19   19   16    7    0    1    0    1    1    0  2  2  1  0.864 0.000
33  0  2  1   80    7   17   40    7    0    1    1    1    0    1  3  2  1  0.737 0.000
33  0  2  1   81   13   13   45    7    0    0    1    1    1    0  4  2  1  0.639 0.000
33  0  2  1   82   33   13   21    7    0    0    1    0    1    1  4  1  1  0.697 0.000
33  0  2  1   83   30   10   68    7    0    0    1    0    1    1  4  1  1  0.967 0.000
33  0  2  1   84   34   14   75    7    0    0    1    0    1    1  4  1  1  0.660 0.000
33  0  2  1   85   35   15   59    7    0    1    0    0    1    1  1  1  1  1.005 0.000
33  0  2  1   86   38   18   78    7    0    1    1    0    1    1  4  1  1  0.640 0.000
33  0  2  1   87   36   16   66    7    0    1    0    0    1    1  1  1  1  0.592 0.000
33  0  2  1   88   25   15    2    7    0    1    1    0    0    0  3  1  1  0.644 0.000
33  0  2  1   89    6   16   31    7    0    1    0    1    0    1  2  2  1  0.662 0.000
33  0  2  1   90   27   17   64    7    0    1    1    0    0    0  3  1  1  0.623 0.000
33  0  2  1   91   11   11   59    7    0    0    1    1    1    0  4  2  1  0.785 0.000
33  0  2  1   92   10   10   49    7    0    0    1    1    1    0  4  2  1  0.675 0.000
33  0  1  2   93   27   27   10    2    2    1    0    0    0    0  1  1  1  0.713 0.000
33  0  1  2   94   33   23   22    4    1    0    0    0    1    1  1  1  1  0.683 0.000
33  0  1  2   95   24   24   18    1    1    0    0    0    0    0  1  1  1  0.582 0.000
33  0  1  2   96   11   21   18    0    1    0    0    1    1    0  2  2  1  0.590 0.000
33  0  1  2   97   28   28   30    3    2    1    1    0    0    0  3  3  1  0.804 0.000
33  0  1  2   98   13   23   21    2    1    0    1    1    1    0  4  4  1  0.666 0.000
33  0  1  2   99   17   27   44    0    2    1    0    1    1    0  2  2  1  0.758 0.000
33  0  1  2  100   37   27   32    3    0    1    1    0    1    1  4  3  0  1.070 0.000
33  0  1  2  101    6   26   69    1    0    1    0    1    0    1  2  1  0  0.553 0.000
33  0  1  2  102   19   29   17    4    0    1    1    1    1    0  4  3  0  1.674 0.000
33  0  1  2  103   21   21   69    2    1    0    1    0    0    0  3  3  1  0.669 0.000
33  0  1  2  104   26   26   33    0    0    1    0    0    0    0  1  2  0  1.713 0.000
33  0  1  2  105   34   24   71    4    0    0    0    0    1    1  1  2  0  0.651 0.000
33  0  1  2  106   18   28   47    1    2    1    1    1    1    0  4  4  1  1.159 0.000
33  0  1  2  107   31   21   55    3    1    0    1    0    1    1  4  4  1  1.191 0.000
33  0  1  2  108   29   29   45    0    2    1    0    0    0    0  1  1  1  1.069 0.000
33  0  1  2  109   16   26   25    1    2    1    1    1    1    0  4  4  1  1.937 0.000
33  0  1  2  110   14   24   67    2    1    0    1    1    1    0  4  4  1  1.314 0.000
33  0  1  2  111   25   25   51    3    1    1    0    0    0    0  1  1  1  1.165 0.000
33  0  1  2  112   15   25   69    0    1    1    1    1    1    0  4  4  1  1.940 0.000
33  0  1  2  113    7   27   23    1    0    1    0    1    0    1  2  1  0  0.869 0.000
33  0  1  2  114   35   25   18    2    1    1    1    0    1    1  4  4  1  0.769 0.000
33  0  1  2  115   22   22   57    0    1    0    1    0    0    0  3  3  1  0.817 0.000
33  0  1  2  116   36   26   44    1    2    1    0    0    1    1  1  1  1  1.573 0.000
33  0  1  2  117   20   20   17    3    2    0    0    0    0    0  1  1  1  2.797 0.000
33  0  1  2  118    3   23   30    4    1    0    0    1    0    1  2  2  1  1.092 0.000
33  0  1  2  119    1   21   65    2    1    0    0    1    0    1  2  2  1  0.743 0.000
33  0  1  2  120    8   28   50    0    2    1    1    1    0    1  3  3  1  1.256 0.000
33  0  1  2  121    5   25   29    1    1    1    0    1    0    1  2  2  1  0.708 0.000
33  0  1  2  122    0   20   44    3    2    0    0    1    0    1  2  2  1  0.974 0.000
33  0  1  2  123   30   20    5    4    2    0    0    0    1    1  1  1  1  0.765 0.000
33  0  1  2  124    9   29   71    1    0    1    1    1    0    1  3  2  0  0.813 0.000
33  0  1  2  125   12   22   11    2    1    0    1    1    1    0  4  4  1  1.172 0.000
33  0  1  2  126    2   22   43    0    1    0    1    1    0    1  3  3  1  1.483 0.000
33  0  1  2  127   38   28   48    4    2    1    0    0    1    1  1  1  1  0.790 0.000
33  0  1  2  128   23   23   24    2    1    0    0    0    0    0  1  1  1  0.661 0.000
33  0  1  2  129   32   22    9    1    1    0    0    0    1    1  1  1  1  1.250 0.000
33  0  1  2  130   10   20   66    3    2    0    0    1    1    0  2  2  1  0.590 0.000
33  0  1  2  131    4   24    2    0    1    0    0    1    0    1  2  2  1  0.916 0.000
33  0  1  2  132   39   29   20    1    2    1    1    0    1    1  4  4  1  0.886 0.000
33  0  2  2  133   33   33   46    7    0    0    1    0    1    1  4  1  1  1.377 0.000
33  0  2  2  134    1   31   67    7    0    0    1    1    0    1  3  2  1  1.292 0.000
33  0  2  2  135   32   32    0    7    0    0    1    0    1    1  4  1  1  0.740 0.000
33  0  2  2  136    8   38   57    7    0    1    0    1    0    1  2  2  1  0.898 0.000
33  0  2  2  137   29   39   36    7    0    1    1    0    0    0  3  1  1  0.794 0.000
33  0  2  2  138   12   32   63    7    0    0    1    1    1    0  4  2  1  0.581 0.000
33  0  2  2  139    2   32   49    7    0    0    1    1    0    1  3  2  1  0.584 0.000
33  0  2  2  140   28   38   27    7    0    1    0    0    0    0  1  1  1  0.652 0.000
33  0  2  2  141    4   34   73    7    0    0    0    1    0    1  2  2  1  0.877 0.000
33  0  2  2  142   22   32   42    7    0    0    0    0    0    0  1  1  1  0.653 0.000
33  0  2  2  143   27   37   34    7    0    1    1    0    0    0  3  1  1  0.749 0.000
33  0  2  2  144   13   33   61    7    0    0    1    1    1    0  4  2  1  0.666 0.000
33  0  2  2  145   10   30   42    7    0    0    1    1    1    0  4  2  1  0.923 0.000
33  0  2  2  146   38   38   73    7    0    1    0    0    1    1  1  1  1  0.585 0.000
33  0  2  2  147   16   36   65    7    0    1    1    1    1    0  4  2  1  0.781 0.000
33  0  2  2  148   30   30   49    7    0    0    1    0    1    1  4  1  1  0.704 0.000
33  0  2  2  149   24   34   29    7    0    0    1    0    0    0  3  1  1  0.703 0.000
33  0  2  2  150   39   39   17    7    0    1    0    0    1    1  1  1  1  0.694 0.000
33  0  2  2  151   20   30   62    7    0    0    0    0    0    0  1  1  1  0.678 0.000
33  0  2  2  152   36   36   65    7    0    1    1    0    1    1  4  1  1  0.574 0.000
33  0  2  2  153   26   36   38    7    0    1    0    0    0    0  1  1  1  0.978 0.000
33  0  2  2  154   19   39   56    7    0    1    1    1    1    0  4  2  1  0.598 0.000
33  0  2  2  155    0   30   33    7    0    0    1    1    0    1  3  2  1  1.282 0.000
33  0  2  2  156   14   34   13    7    0    0    1    1    1    0  4  2  1  1.810 0.000
33  0  2  2  157   25   35   14    7    0    1    0    0    0    0  1  1  1  0.772 0.000
33  0  2  2  158    9   39   42    7    0    1    1    1    0    1  3  1  0  0.528 0.000
33  0  2  2  159   17   37   43    7    0    1    0    1    1    0  2  2  1  2.066 0.000
33  0  2  2  160    7   37   36    7    0    1    1    1    0    1  3  2  1  0.802 0.000
33  0  2  2  161   18   38   28    7    0    1    0    1    1    0  2  2  1  1.141 0.000
33  0  2  2  162   37   37   41    7    0    1    1    0    1    1  4  1  1  1.178 0.000
33  0  2  2  163   21   31   66    7    0    0    1    0    0    0  3  1  1  0.559 0.000
33  0  2  2  164    6   36   76    7    0    1    0    1    0    1  2  2  1  0.708 0.000
33  0  2  2  165   34   34   47    7    0    0    0    0    1    1  1  1  1  0.738 0.000
33  0  2  2  166   31   31   54    7    0    0    0    0    1    1  1  1  1  0.663 0.000
33  0  2  2  167    5   35    8    7    0    1    1    1    0    1  3  2  1  1.928 0.000
33  0  2  2  168   11   31    7    7    0    0    1    1    1    0  4  2  1  0.655 0.000
33  0  2  2  169   23   33   68    7    0    0    1    0    0    0  3  1  1  0.792 0.000
33  0  2  2  170    3   33   53    7    0    0    1    1    0    1  3  2  1  0.610 0.000
33  0  2  2  171   15   35    3    7    0    1    0    1    1    0  2  2  1  0.701 0.000
33  0  2  2  172   35   35   60    7    0    1    1    0    1    1  4  1  1  0.628 0.000
33  0  1  3  173   16   46    6    4    2    1    0    1    1    0  2  2  1  0.652 0.000
33  0  1  3  174    0   40   46    2    2    0    0    1    0    1  2  2  1  0.553 0.000
33  0  1  3  175   36   46   63    0    2    1    1    0    1    1  4  4  1  0.833 0.000
33  0  1  3  176    1   41   68    3    1    0    1    1    0    1  3  3  1  0.893 0.000
33  0  1  3  177   19   49   55    4    2    1    0    1    1    0  2  2  1  0.792 0.000
33  0  1  3  178   32   42   10    1    1    0    0    0    1    1  1  1  1  0.671 0.000
33  0  1  3  179   26   46   43    3    2    1    1    0    0    0  3  3  1  0.715 0.000
33  0  1  3  180   25   45    0    4    1    1    0    0    0    0  1  1  1  0.700 0.000
33  0  1  3  181    4   44    0    2    1    0    0    1    0    1  2  2  1  0.943 0.000
33  0  1  3  182   31   41   23    3    1    0    0    0    1    1  1  1  1  0.568 0.000
33  0  1  3  183   37   47   37    1    2    1    1    0    1    1  4  4  1  1.007 0.000
33  0  1  3  184   30   40   27    2    2    0    1    0    1    1  4  4  1  1.325 0.000
33  0  1  3  185    9   49   47    4    2    1    0    1    0    1  2  2  1  0.599 0.000
33  0  1  3  186   11   41   76    0    1    0    0    1    1    0  2  2  1  0.606 0.000
33  0  1  3  187   17   47   51    3    2    1    1    1    1    0  4  4  1  1.004 0.000
33  0  1  3  188   14   44   12    1    1    0    1    1    1    0  4  4  1  0.729 0.000
33  0  1  3  189    7   47   38    2    2    1    0    1    0    1  2  2  1  0.587 0.000
33  0  1  3  190   27   47    8    3    2    1    1    0    0    0  3  3  1  1.154 0.000
33  0  1  3  191    6   46   79    1    0    1    0    1    0    1  2  1  0  0.539 0.000
33  0  1  3  192    3   43   54    2    1    0    0    1    0    1  2  2  1  0.715 0.000
33  0  1  3  193   39   49   79    3    2    1    1    0    1    1  4  4  1  0.789 0.000
33  0  1  3  194   20   40   52    1    2    0    1    0    0    0  3  3  1  2.260 0.000
33  0  1  3  195    8   48   37    0    2    1    0    1    0    1  2  2  1  0.801 0.000
33  0  1  3  196   12   42    2    4    1    0    0    1    1    0  2  2  1  0.678 0.000
33  0  1  3  197   22   42   35    3    1    0    0    0    0    0  1  1  1  1.890 0.000
33  0  1  3  198   33   43   31    2    1    0    0    0    1    1  1  1  1  0.685 0.000
33  0  1  3  199   10   40   23    0    2    0    0    1    1    0  2  2  1  0.600 0.000
33  0  1  3  200   29   49   13    4    2    1    1    0    0    0  3  3  1  0.733 0.000
33  0  1  3  201   34   44   36    3    0    0    1    0    1    1  4  3  0  0.598 0.000
33  0  1  3  202    2   42    3    0    1    0    1    1    0    1  3  3  1  0.973 0.000
33  0  1  3  203   35   45   58    1    1    1    0    0    1    1  1  1  1  0.629 0.000
33  0  1  3  204   23   43   74    3    1    0    0    0    0    0  1  1  1  0.770 0.000
33  0  1  3  205   28   48    6    4    2    1    1    0    0    0  3  3  1  0.801 0.000
33  0  1  3  206   21   41   60    0    1    0    1    0    0    0  3  3  1  0.800 0.000
33  0  1  3  207    5   45   41    3    1    1    0    1    0    1  2  2  1  0.734 0.000
33  0  1  3  208   24   44   72    1    1    0    0    0    0    0  1  1  1  0.846 0.000
33  0  1  3  209   38   48   12    2    2    1    1    0    1    1  4  4  1  0.747 0.000
33  0  1  3  210   15   45   71    0    1    1    0    1    1    0  2  2  1  0.772 0.000
33  0  1  3  211   13   43   79    3    1    0    0    1    1    0  2  2  1  0.636 0.000
33  0  1  3  212   18   48   38    1    2    1    1    1    1    0  4  4  1  1.272 0.000
33  0  2  3  213   11   51   78    7    0    0    1    1    1    0  4  2  1  0.828 0.000
33  0  2  3  214   24   54    9    7    0    0    1    0    0    0  3  1  1  0.718 0.000
33  0  2  3  215   37   57   62    7    0    1    0    0    1    1  1  1  1  1.029 0.000
33  0  2  3  216   29   59   76    7    0    1    1    0    0    0  3  1  1  0.574 0.000
33  0  2  3  217   16   56   50    7    0    1    0    1    1    0  2  2  1  0.890 0.000
33  0  2  3  218   17   57   48    7    0    1    1    1    1    0  4  2  1  0.682 0.000
33  0  2  3  219   13   53   31    7    0    0    1    1    1    0  4  2  1  0.546 0.000
33  0  2  3  220   20   50   31    7    0    0    1    0    0    0  3  1  1  0.648 0.000
33  0  2  3  221   15   55    8    7    0    1    0    1    1    0  2  2  1  0.945 0.000
33  0  2  3  222   26   56    7    7    0    1    1    0    0    0  3  1  1  1.238 0.000
33  0  2  3  223    9   59   11    7    0    1    0    1    0    1  2  2  1  0.696 0.000
33  0  2  3  224   28   58   67    7    0    1    1    0    0    0  3  1  1  0.904 0.000
33  0  2  3  225   35   55   61    7    0    1    0    0    1    1  1  1  1  0.630 0.000
33  0  2  3  226   25   55   11    7    0    1    1    0    0    0  3  1  1  0.656 0.000
33  0  2  3  227    5   55   24    7    0    1    0    1    0    1  2  2  1  0.729 0.000
33  0  2  3  228   18   58   19    7    0    1    1    1    1    0  4  2  1  0.679 0.000
33  0  2  3  229   12   52    4    7    0    0    1    1    1    0  4  2  1  0.616 0.000
33  0  2  3  230    1   51   13    7    0    0    1    1    0    1  3  2  1  0.666 0.000
33  0  2  3  231    0   50   19    7    0    0    1    1    0    1  3  2  1  0.571 0.000
33  0  2  3  232   21   51   78    7    0    0    1    0    0    0  3  1  1  0.599 0.000
33  0  2  3  233   10   50   73    7    0    0    1    1    1    0  4  2  1  0.571 0.000
33  0  2  3  234    7   57   21    7    0    1    0    1    0    1  2  2  1  0.926 0.000
33  0  2  3  235   31   51   11    7    0    0    0    0    1    1  1  1  1  0.812 0.000
33  0  2  3  236   39   59    8    7    0    1    1    0    1    1  4  1  1  0.615 0.000
33  0  2  3  237   34   54   42    7    0    0    1    0    1    1  4  1  1  0.594 0.000
33  0  2  3  238   22   52   75    7    0    0    1    0    0    0  3  1  1  0.846 0.000
33  0  2  3  239   27   57   20    7    0    1    0    0    0    0  1  1  1  0.623 0.000
33  0  2  3  240   33   53   16    7    0    0    0    0    1    1  1  1  1  0.633 0.000
33  0  2  3  241    6   56   61    7    0    1    1    1    0    1  3  2  1  0.675 0.000
33  0  2  3  242   36   56   76    7    0    1    0    0    1    1  1  1  1  0.795 0.000
33  0  2  3  243   23   53   19    7    0    0    0    0    0    0  1  1  1  0.631 0.000
33  0  2  3  244    2   52    4    7    0    0    0    1    0    1  2  2  1  0.680 0.000
33  0  2  3  245   14   54   32    7    0    0    0    1    1    0  2  2  1  0.632 0.000
33  0  2  3  246    3   53   59    7    0    0    0    1    0    1  2  2  1  1.379 0.000
33  0  2  3  247    8   58   74    7    0    1    1    1    0    1  3  2  1  0.743 0.000
33  0  2  3  248    4   54   58    7    0    0    1    1    0    1  3  2  1  0.700 0.000
33  0  2  3  249   30   50   30    7    0    0    1    0    1    1  4  1  1  0.947 0.000
33  0  2  3  250   19   59   26    7    0    1    0    1    1    0  2  2  1  0.744 0.000
33  0  2  3  251   38   58    3    7    0    1    1    0    1    1  4  1  1  0.662 0.000
33  0  2  3  252   32   52   69    7    0    0    1    0    1    1  4  1  1  0.719 0.000
33  0  1  4  253    7   67   55    3    2    1    0    1    0    1  2  2  1  0.813 0.000
33  0  1  4  254   11   61   33    2    1    0    0    1    1    0  2  2  1  0.772 0.000
33  0  1  4  255   26   66   56    4    2    1    1    0    0    0  3  3  1  0.666 0.000
33  0  1  4  256   29   69   63    3    2    1    0    0    0    0  1  1  1  0.622 0.000
33  0  1  4  257   30   60   57    1    2    0    0    0    1    1  1  1  1  0.580 0.000
33  0  1  4  258   32   62   24    2    1    0    0    0    1    1  1  1  1  0.572 0.000
33  0  1  4  259   16   66   40    4    2    1    1    1    1    0  4  4  1  1.083 0.000
33  0  1  4  260   10   60   60    0    2    0    1    1    1    0  4  4  1  0.653 0.000
33  0  1  4  261    5   65   10    3    1    1    0    1    0    1  2  2  1  0.770 0.000
33  0  1  4  262   33   63   25    1    1    0    0    0    1    1  1  1  1  0.649 0.000
33  0  1  4  263   15   65   77    4    1    1    1    1    1    0  4  4  1  0.558 0.000
33  0  1  4  264   12   62   27    0    1    0    1    1    1    0  4  4  1  1.150 0.000
33  0  1  4  265    2   62   77    2    1    0    1    1    0    1  3  3  1  0.646 0.000
33  0  1  4  266   34   64   26    1    1    0    1    0    1    1  4  4  1  1.171 0.000
33  0  1  4  267   20   60   12    0    2    0    1    0    0    0  3  3  1  1.090 0.000
33  0  1  4  268    1   61   39    4    1    0    1    1    0    1  3  3  1  0.853 0.000
33  0  1  4  269   23   63   37    1    1    0    1    0    0    0  3  3  1  0.649 0.000
33  0  1  4  270   38   68   67    0    2    1    0    0    1    1  1  1  1  0.591 0.000
33  0  1  4  271   28   68   61    2    2    1    1    0    0    0  3  3  1  0.662 0.000
33  0  1  4  272   24   64   55    3    1    0    1    0    0    0  3  3  1  0.601 0.000
33  0  1  4  273   37   67   77    0    2    1    0    0    1    1  1  1  1  0.695 0.000
33  0  1  4  274   22   62   77    1    1    0    0    0    0    0  1  1  1  0.698 0.000
33  0  1  4  275   21   61   47    2    1    0    0    0    0    0  1  1  1  0.637 0.000
33  0  1  4  276   17   67   75    4    2    1    1    1    1    0  4  4  1  0.729 0.000
33  0  1  4  277   18   68   36    0    2    1    0    1    1    0  2  2  1  1.387 0.000
33  0  1  4  278    9   69   17    1    0    1    1    1    0    1  3  4  0  0.722 0.000
33  0  1  4  279   25   65    1    3    1    1    0    0    0    0  1  1  1  0.700 0.000
33  0  1  4  280    4   64   51    4    1    0    0    1    0    1  2  2  1  0.709 0.000
33  0  1  4  281   31   61   28    0    1    0    0    0    1    1  1  1  1  0.720 0.000
33  0  1  4  282   35   65   53    1    1    1    1    0    1    1  4  4  1  1.041 0.000
33  0  1  4  283    0   60   26    3    2    0    1    1    0    1  3  3  1  1.093 0.000
33  0  1  4  284   39   69   56    4    2    1    0    0    1    1  1  1  1  0.593 0.000
33  0  1  4  285   19   69   68    1    2    1    1    1    1    0  4  4  1  0.936 0.000
33  0  1  4  286    8   68   70    2    2    1    0    1    0    1  2  2  1  0.649 0.000
33  0  1  4  287    6   66    5    3    2    1    1    1    0    1  3  3  1  0.965 0.000
33  0  1  4  288    3   63   28    4    1    0    1    1    0    1  3  3  1  1.165 0.000
33  0  1  4  289   14   64   46    0    1    0    1    1    1    0  4  4  1  1.462 0.000
33  0  1  4  290   13   63   54    1    1    0    1    1    1    0  4  4  1  1.139 0.000
33  0  1  4  291   27   67    5    3    2    1    0    0    0    0  1  1  1  0.570 0.000
33  0  1  4  292   36   66    7    4    2    1    1    0    1    1  4  4  1  0.634 0.000
33  0  2  4  293   30   70   51    7    0    0    1    0    1    1  4  1  1  0.799 0.000
33  0  2  4  294   38   78   45    7    0    1    0    0    1    1  1  1  1  0.626 0.000
33  0  2  4  295   11   71   10    7    0    0    0    1    1    0  2  2  1  0.693 0.000
33  0  2  4  296   15   75   62    7    0    1    1    1    1    0  4  2  1  0.643 0.000
33  0  2  4  297    0   70   60    7    0    0    1    1    0    1  3  2  1  0.797 0.000
33  0  2  4  298    3   73   12    7    0    0    1    1    0    1  3  2  1  1.137 0.000
33  0  2  4  299   17   77    0    7    0    1    0    1    1    0  2  2  1  0.582 0.000
33  0  2  4  300   32   72   72    7    0    0    0    0    1    1  1  1  1  0.794 0.000
33  0  2  4  301   10   70   53    7    0    0    0    1    1    0  2  2  1  0.709 0.000
33  0  2  4  302   16   76   24    7    0    1    1    1    1    0  4  2  1  0.644 0.000
33  0  2  4  303   33   73   40    7    0    0    1    0    1    1  4  1  1  0.670 0.000
33  0  2  4  304   27   77   70    7    0    1    0    0    0    0  1  1  1  0.910 0.000
33  0  2  4  305    1   71   25    7    0    0    0    1    0    1  2  2  1  0.725 0.000
33  0  2  4  306    4   74   18    7    0    0    0    1    0    1  2  1  0  0.811 0.000
33  0  2  4  307   26   76    4    7    0    1    1    0    0    0  3  1  1  0.601 0.000
33  0  2  4  308    6   76   22    7    0    1    0    1    0    1  2  2  1  0.620 0.000
33  0  2  4  309   36   76   43    7    0    1    1    0    1    1  4  2  0  0.605 0.000
33  0  2  4  310   31   71   29    7    0    0    1    0    1    1  4  1  1  0.828 0.000
33  0  2  4  311   20   70   53    7    0    0    1    0    0    0  3  1  1  0.710 0.000
33  0  2  4  312   18   78   37    7    0    1    0    1    1    0  2  2  1  0.669 0.000
33  0  2  4  313    9   79   15    7    0    1    1    1    0    1  3  2  1  1.101 0.000
33  0  2  4  314   14   74    9    7    0    0    1    1    1    0  4  2  1  0.595 0.000
33  0  2  4  315   39   79   64    7    0    1    0    0    1    1  1  1  1  0.655 0.000
33  0  2  4  316    8   78   52    7    0    1    1    1    0    1  3  2  1  0.568 0.000
33  0  2  4  317   34   74   19    7    0    0    1    0    1    1  4  1  1  0.613 0.000
33  0  2  4  318   28   78   28    7    0    1    0    0    0    0  1  1  1  0.550 0.000
33  0  2  4  319    5   75    1    7    0    1    1    1    0    1  3  2  1  0.708 0.000
33  0  2  4  320   29   79   71    7    0    1    0    0    0    0  1  1  1  0.794 0.000
33  0  2  4  321   13   73   30    7    0    0    0    1    1    0  2  2  1  0.710 0.000
33  0  2  4  322   24   74   16    7    0    0    0    0    0    0  1  1  1  0.573 0.000
33  0  2  4  323   23   73   73    7    0    0    0    0    0    0  1  1  1  0.809 0.000
33  0  2  4  324   22   72   41    7    0    0    0    0    0    0  1  1  1  0.700 0.000
33  0  2  4  325   25   75   39    7    0    1    1    0    0    0  3  1  1  0.531 0.000
33  0  2  4  326   21   71   21    7    0    0    1    0    0    0  3  1  1  0.777 0.000
33  0  2  4  327   19   79    5    7    0    1    0    1    1    0  2  2  1  0.557 0.000
33  0  2  4  328   12   72   20    7    0    0    0    1    1    0  2  2  1  0.801 0.000
33  0  2  4  329    2   72    6    7    0    0    0    1    0    1  2  1  0  0.684 0.000
33  0  2  4  330    7   77   75    7    0    1    1    1    0    1  3  2  1  0.967 0.000
33  0  2  4  331   37   77   52    7    0    1    0    0    1    1  1  1  1  0.588 0.000
33  0  2  4  332   35   75    1    7    0    1    1    0    1    1  4  1  1  0.670 0.000
