21  0  0  0    1    0   -1   70    4    0    0    1    1    0    1  1  1  1  9.562 0.000
21  0  0  0    2    0   -1   70    1    0    0    1    0    1    1  2  2  1  3.439 0.000
21  0  0  0    3    0   -1   70    2    0    1    0    0    1    1  3  3  1  3.770 0.000
21  0  0  0    4    0   -1   70    0    0    0    0    0    0    0  3  3  1  1.737 0.000
21  0  0  0    5    0   -1   70    1    0    0    0    1    1    0  4  4  1  1.536 0.000
21  0  0  0    6    0   -1   70    4    0    0    0    1    1    0  4  4  1  1.423 0.000
21  0  0  0    7    0   -1   70    2    0    0    0    1    1    0  4  4  1  0.963 0.000
21  0  0  0    8    0   -1   70    1    0    0    0    1    0    1  4  3  0  1.178 0.000
21  0  0  0    9    0   -1   70    4    0    1    1    0    0    0  1  1  1  8.491 0.000
21  0  0  0   10    0   -1   70    0    0    0    1    0    0    0  1  1  1  1.316 0.000
21  0  0  0   11    0   -1   70    2    0    1    0    0    1    1  3  3  1  1.445 0.000
21  0  0  0   12    0   -1   70    3    0    1    1    0    0    0  1  1  1  1.944 0.000
21  0  1  1   13   30    0   13    4    2    0    1    0    1    1  2  2  1  2.822 0.000
21  0  1  1   14   29    9   65    2    2    1    0    0    0    0  3  3  1  1.142 0.000
21  0  1  1   15    2    2   15    3    1    0    0    1    0    1  4  4  1  2.000 0.000
21  0  1  1   16   19    9   43    0    2    1    1    1    1    0  2  2  1  1.481 0.000
21  0  1  1   17   18    8   28    1    2    1    0    1    1    0  4  4  1  1.143 0.000
21  0  1  1   18    5    5   51    3    1    1    1    1    0    1  1  1  1  1.569 0.000
21  0  1  1   19    4    4   52    4    0    0    1    1    0    1  1  3  0  1.387 0.000
21  0  1  1   20   31    1   33    2    1    0    1    0    1    1  2  2  1  3.084 0.000
21  0  1  1   21   17    7   37    1    2    1    0    1    1    0  4  4  1  1.465 0.000
21  0  1  1   22   16    6   13    3    2    1    1    1    1    0  2  2  1  1.775 0.000
21  0  1  1   23    1    1   42    0    1    0    1    1    0    1  1  1  1  1.121 0.000
21  0  1  1   24   11    1    5    1    1    0    1    1    1    0  2  2  1  1.149 0.000
21  0  1  1   25    8    8   21    2    2    1    0    1    0    1  4  4  1  0.671 0.000
21  0  1  1   26    0    0   49    0    0    0    0    1    0    1  4  3  0  0.877 0.000
21  0  1  1   27   25    5   63    1    1    1    1    0    0    0  1  1  1  1.250 0.000
21  0  1  1   28   21    1    5    3    1    0    1    0    0    0  1  1  1  0.793 0.000
21  0  1  1   29   32    2   12    2    1    0    1    0    1    1  2  2  1  0.801 0.000
21  0  1  1   30   12    2   65    4    1    0    1    1    1    0  2  2  1  0.794 0.000
21  0  1  1   31   39    9   56    1    2    1    0    0    1    1  3  3  1  1.691 0.000
21  0  1  1   32    6    6   72    2    2    1    1    1    0    1  1  1  1  1.336 0.000
21  0  1  1   33   13    3    9    4    1    0    1    1    1    0  2  2  1  1.403 0.000
21  0  1  1   34   24    4   71    3    1    0    1    0    0    0  1  1  1  1.755 0.000
21  0  1  1   35   27    7   68    0    2    1    0    0    0    0  3  3  1  1.806 0.000
21  0  1  1   36   23    3   15    2    1    0    0    0    0    0  3  3  1  3.966 0.000
21  0  1  1   37    9    9   45    3    2    1    1    1    0    1  1  1  1  1.296 0.000
21  0  1  1   38   33    3   27    1    1    0    1    0    1    1  2  2  1  2.501 0.000
21  0  1  1   39   14    4    1    4    1    0    1    1    1    0  2  2  1  1.032 0.000
21  0  1  1   40   15    5   12    0    1    1    0    1    1    0  4  4  1  1.952 0.000
21  0  1  1   41   35    5   72    3    1    1    1    0    1    1  2  2  1  2.563 0.000
21  0  1  1   42   38    8    5    4    2    1    0    0    1    1  3  3  1  2.908 0.000
21  0  1  1   43    7    7   73    2    2    1    1    1    0    1  1  1  1  0.889 0.000
21  0  1  1   44    3    3    0    1    1    0    1    1    0    1  1  1  1  2.134 0.000
21  0  1  1   45   36    6   68    0    2    1    0    0    1    1  3  3  1  1.657 0.000
21  0  1  1   46   10    0   46    3    2    0    0    1    1    0  4  4  1  1.895 0.000
21  0  1  1   47   28    8    0    1    2    1    1    0    0    0  1  1  1  2.812 0.000
21  0  1  1   48   37    7   78    2    2    1    0    0    1    1  3  3  1  2.604 0.000
21  0  1  1   49   22    2   73    0    1    0    0    0    0    0  3  3  1  1.148 0.000
21  0  1  1   50   34    4   20    1    1    0    0    0    1    1  3  3  1  0.759 0.000
21  0  1  1   51   20    0   10    4    2    0    0    0    0    0  3  3  1  3.113 0.000
21  0  1  1   52   26    6   54    0    2    1    1    0    0    0  1  1  1  1.108 0.000
21  0  2  1   53   13   13   31    7    0    0    1    1    1    0  2  2  1  2.073 0.000
21  0  2  1   54   14   14   53    7    0    0    1    1    1    0  2  4  1  2.500 0.000
21  0  2  1   55    2   12    5    7    0    0    1    1    0    1  1  4  1  3.092 0.000
21  0  2  1   56   31   11    4    7    0    0    1    0    1    1  2  2  1  2.677 0.000
21  0  2  1   57   26   16   53    7    0    1    0    0    0    0  3  1  1  1.879 0.000
21  0  2  1   58    3   13   56    7    0    0    0    1    0    1  4  4  1  1.057 0.000
21  0  2  1   59    9   19   54    7    0    1    1    1    0    1  1  1  1  1.059 0.000
21  0  2  1   60   15   15    6    7    0    1    0    1    1    0  4  4  1  1.358 0.000
21  0  2  1   61   28   18   44    7    0    1    1    0    0    0  1  1  1  1.325 0.000
21  0  2  1   62   25   15   79    7    0    1    0    0    0    0  3  1  1  1.077 0.000
21  0  2  1   63   20   10   25    7    0    0    0    0    0    0  3  3  1  3.638 0.000
21  0  2  1   64   12   12   58    7    0    0    0    1    1    0  4  4  1  1.306 0.000
21  0  2  1   65    8   18   53    7    0    1    1    1    0    1  1  4  1  1.267 0.000
21  0  2  1   66    6   16   63    7    0    1    0    1    0    1  4  4  1  1.804 0.000
21  0  2  1   67    5   15   55    7    0    1    1    1    0    1  1  1  1  5.617 0.000
21  0  2  1   68   36   16   62    7    0    1    0    0    1    1  3  2  1  1.133 0.000
21  0  2  1   69   37   17   52    7    0    1    1    0    1    1  2  3  1  1.085 0.000
21  0  2  1   70   11   11   41    7    0    0    1    1    1    0  2  4  1  1.022 0.000
21  0  2  1   71   32   12   24    7    0    0    1    0    1    1  2  3  1  3.339 0.000
21  0  2  1   72   24   14   37    7    0    0    1    0    0    0  1  1  1  2.610 0.000
21  0  2  1   73   17   17   50    7    0    1    0    1    1    0  4  2  1  1.742 0.000
21  0  2  1   74   10   10   39    7    0    0    0    1    1    0  4  4  1  3.261 0.000
21  0  2  1   75   38   18    9    7    0    1    1    0    1    1  2  3  1  1.608 0.000
21  0  2  1   76   19   19   19    7    0    1    0    1    1    0  4  2  1  1.396 0.000
21  0  2  1   77    1   11   57    7    0    0    0    1    0    1  4  1  1  0.777 0.000
21  0  2  1   78   33   13   71    7    0    0    0    0    1    1  3  2  1  1.455 0.000
21  0  2  1   79   16   16   11    7    0    1    1    1    1    0  2  4  1  1.002 0.000
21  0  2  1   80   30   10   58    7    0    0    1    0    1    1  2  3  1  0.959 0.000
21  0  2  1   81   23   13    8    7    0    0    1    0    0    0  1  1  1  0.661 0.000
21  0  2  1   82   34   14   22    7    0    0    1    0    1    1  2  2  1  0.760 0.000
21  0  2  1   83   22   12    6    7    0    0    1    0    0    0  1  3  1  1.478 0.000
21  0  2  1   84   18   18   76    7    0    1    0    1    1    0  4  4  1  0.832 0.000
21  0  2  1   85   29   19   41    7    0    1    1    0    0    0  1  1  1  0.668 0.000
21  0  2  1   86   39   19   65    7    0    1    0    0    1    1  3  2  1  0.718 0.000
21  0  2  1   87   35   15   32    7    0    1    1    0    1    1  2  3  1  1.326 0.000
21  0  2  1   88   27   17   17    7    0    1    0    0    0    0  3  3  1  1.246 0.000
21  0  2  1   89    4   14   20    7    0    0    0    1    0    1  4  4  1  3.073 0.000
21  0  2  1   90    7   17   35    7    0    1    1    1    0    1  1  1  1  1.619 0.000
21  0  2  1   91    0   10   27    7    0    0    1    1    0    1  1  1  1  1.215 0.000
21  0  2  1   92   21   11   64    7    0    0    1    0    0    0  1  3  1  1.036 0.000
21  0  1  2   93   34   24   14    2    1    0    1    0    1    1  2  2  1  3.906 0.000
21  0  1  2   94   12   22    3    4    1    0    1    1    1    0  2  2  1  1.173 0.000
21  0  1  2   95   13   23   22    3    1    0    1    1    1    0  2  2  1  1.807 0.000
21  0  1  2   96   15   25   17    0    1    1    0    1    1    0  4  4  1  2.432 0.000
21  0  1  2   97   22   22    7    4    1    0    0    0    0    0  3  3  1  1.142 0.000
21  0  1  2   98   19   29   26    1    2    1    1    1    1    0  2  2  1  2.569 0.000
21  0  1  2   99   16   26   24    2    2    1    0    1    1    0  4  4  1  2.947 0.000
21  0  1  2  100   26   26   51    0    2    1    1    0    0    0  1  1  1  0.957 0.000
21  0  1  2  101   18   28   14    4    2    1    0    1    1    0  4  4  1  2.184 0.000
21  0  1  2  102    5   25   25    2    1    1    1    1    0    1  1  1  1  1.489 0.000
21  0  1  2  103   10   20   67    3    2    0    1    1    1    0  2  2  1  0.718 0.000
21  0  1  2  104   20   20   28    0    2    0    1    0    0    0  1  1  1  0.953 0.000
21  0  1  2  105   28   28   33    2    2    1    0    0    0    0  3  3  1  1.412 0.000
21  0  1  2  106   24   24   36    3    1    0    0    0    0    0  3  3  1  2.693 0.000
21  0  1  2  107    9   29   12    1    2    1    1    1    0    1  1  1  1  2.040 0.000
21  0  1  2  108   39   29   10    2    2    1    0    0    1    1  3  3  1  2.928 0.000
21  0  1  2  109    1   21   26    4    1    0    0    1    0    1  4  4  1  1.323 0.000
21  0  1  2  110    2   22   65    0    1    0    0    1    0    1  4  4  1  1.406 0.000
21  0  1  2  111   14   24   35    3    1    0    0    1    1    0  4  4  1  0.743 0.000
21  0  1  2  112   23   23   31    1    1    0    0    0    0    0  3  3  1  0.730 0.000
21  0  1  2  113   30   20   29    4    2    0    0    0    1    1  3  3  1  1.478 0.000
21  0  1  2  114    4   24   77    2    1    0    0    1    0    1  4  4  1  0.986 0.000
21  0  1  2  115    8   28   11    3    2    1    1    1    0    1  1  1  1  2.796 0.000
21  0  1  2  116    6   26    9    0    2    1    0    1    0    1  4  4  1  2.453 0.000
21  0  1  2  117    7   27   37    4    0    1    1    1    0    1  1  4  0  1.842 0.000
21  0  1  2  118   32   22   70    2    1    0    1    0    1    1  2  2  1  1.705 0.000
21  0  1  2  119   37   27   61    0    2    1    0    0    1    1  3  3  1  2.102 0.000
21  0  1  2  120   29   29   20    1    2    1    1    0    0    0  1  1  1  0.651 0.000
21  0  1  2  121   36   26   77    2    2    1    0    0    1    1  3  3  1  0.880 0.000
21  0  1  2  122   33   23   28    3    1    0    0    0    1    1  3  3  1  1.358 0.000
21  0  1  2  123   31   21    8    4    1    0    0    0    1    1  3  3  1  0.641 0.000
21  0  1  2  124   11   21   23    1    1    0    0    1    1    0  4  4  1  0.888 0.000
21  0  1  2  125    0   20   50    2    2    0    0    1    0    1  4  4  1  0.580 0.000
21  0  1  2  126    3   23   60    3    1    0    0    1    0    1  4  4  1  0.734 0.000
21  0  1  2  127   38   28   36    0    2    1    1    0    1    1  2  2  1  1.545 0.000
21  0  1  2  128   35   25    6    4    1    1    0    0    1    1  3  3  1  1.603 0.000
21  0  1  2  129   17   27   56    3    2    1    1    1    1    0  2  2  1  1.716 0.000
21  0  1  2  130   25   25   39    2    1    1    0    0    0    0  3  3  1  2.256 0.000
21  0  1  2  131   27   27   47    1    2    1    1    0    0    0  1  1  1  2.551 0.000
21  0  1  2  132   21   21   34    3    1    0    1    0    0    0  1  1  1  0.880 0.000
21  0  2  2  133   20   30   76    7    0    0    1    0    0    0  1  1  1  1.046 0.000
21  0  2  2  134   15   35   33    7    0    1    0    1    1    0  4  4  1  1.354 0.000
21  0  2  2  135    7   37   31    7    0    1    1    1    0    1  1  1  1  1.600 0.000
21  0  2  2  136   23   33   42    7    0    0    1    0    0    0  1  3  1  1.445 0.000
21  0  2  2  137   14   34   21    7    0    0    1    1    1    0  2  4  1  0.944 0.000
21  0  2  2  138    5   35    8    7    0    1    0    1    0    1  4  1  1  1.864 0.000
21  0  2  2  139   13   33   18    7    0    0    0    1    1    0  4  2  1  1.498 0.000
21  0  2  2  140   19   39    0    7    0    1    1    1    1    0  2  4  1  1.067 0.000
21  0  2  2  141   32   32   19    7    0    0    1    0    1    1  2  2  1  1.053 0.000
21  0  2  2  142   34   34   66    7    0    0    1    0    1    1  2  3  1  1.696 0.000
21  0  2  2  143    0   30   28    7    0    0    1    1    0    1  1  4  1  1.449 0.000
21  0  2  2  144   30   30   45    7    0    0    1    0    1    1  2  3  1  1.124 0.000
21  0  2  2  145    6   36   39    7    0    1    0    1    0    1  4  1  1  2.516 0.000
21  0  2  2  146   33   33   41    7    0    0    0    0    1    1  3  2  1  1.645 0.000
21  0  2  2  147    1   31    4    7    0    0    0    1    0    1  4  4  1  1.927 0.000
21  0  2  2  148   22   32   77    7    0    0    0    0    0    0  3  1  1  1.407 0.000
21  0  2  2  149   28   38   38    7    0    1    1    0    0    0  1  1  1  0.612 0.000
21  0  2  2  150    9   39   34    7    0    1    0    1    0    1  4  1  1  0.889 0.000
21  0  2  2  151   37   37   67    7    0    1    1    0    1    1  2  3  1  0.938 0.000
21  0  2  2  152   16   36   59    7    0    1    0    1    1    0  4  4  1  2.082 0.000
21  0  2  2  153   35   35   57    7    0    1    1    0    1    1  2  2  1  2.780 0.000
21  0  2  2  154    2   32   16    7    0    0    1    1    0    1  1  4  1  0.809 0.000
21  0  2  2  155   31   31   30    7    0    0    1    0    1    1  2  2  1  0.853 0.000
21  0  2  2  156   39   39   79    7    0    1    0    0    1    1  3  2  1  0.832 0.000
21  0  2  2  157   24   34    2    7    0    0    0    0    0    0  3  3  1  0.812 0.000
21  0  2  2  158   10   30   57    7    0    0    0    1    1    0  4  4  1  0.913 0.000
21  0  2  2  159   12   32   15    7    0    0    0    1    1    0  4  2  1  0.938 0.000
21  0  2  2  160   36   36   55    7    0    1    1    0    1    1  2  2  1  0.921 0.000
21  0  2  2  161   38   38   37    7    0    1    0    0    1    1  3  3  1  4.929 0.000
21  0  2  2  162   25   35    1    7    0    1    1    0    0    0  1  3  1  1.305 0.000
21  0  2  2  163   11   31    2    7    0    0    1    1    1    0  2  2  1  1.601 0.000
21  0  2  2  164   21   31   12    7    0    0    1    0    0    0  1  1  1  2.422 0.000
21  0  2  2  165   29   39   57    7    0    1    0    0    0    0  3  3  1  2.250 0.000
21  0  2  2  166   17   37   71    7    0    1    1    1    1    0  2  4  1  0.853 0.000
21  0  2  2  167    4   34   47    7    0    0    1    1    0    1  1  4  1  0.959 0.000
21  0  2  2  168   18   38   61    7    0    1    0    1    1    0  4  4  1  0.878 0.000
21  0  2  2  169   26   36   46    7    0    1    1    0    0    0  1  1  1  1.168 0.000
21  0  2  2  170    8   38   76    7    0    1    0    1    0    1  4  1  1  1.007 0.000
21  0  2  2  171   27   37   61    7    0    1    1    0    0    0  1  3  1  1.715 0.000
21  0  2  2  172    3   33    2    7    0    0    1    1    0    1  1  1  1  1.299 0.000
21  0  1  3  173   23   43   29    4    1    0    1    0    0    0  1  1  1  2.335 0.000
21  0  1  3  174    4   44   14    3    1    0    1    1    0    1  1  1  1  0.986 0.000
21  0  1  3  175   36   46   60    2    2    1    0    0    1    1  3  3  1  0.803 0.000
21  0  1  3  176    3   43    3    0    1    0    0    1    0    1  4  4  1  1.323 0.000
21  0  1  3  177    0   40    7    1    2    0    0    1    0    1  4  4  1  1.567 0.000
21  0  1  3  178   30   40   47    3    2    0    0    0    1    1  3  3  1  0.569 0.000
21  0  1  3  179   24   44   75    2    1    0    0    0    0    0  3  3  1  0.731 0.000
21  0  1  3  180   20   40   19    1    2    0    0    0    0    0  3  3  1  0.790 0.000
21  0  1  3  181    5   45   67    3    1    1    1    1    0    1  1  1  1  1.695 0.000
21  0  1  3  182   15   45   77    0    1    1    0    1    1    0  4  4  1  1.068 0.000
21  0  1  3  183   21   41   56    1    1    0    0    0    0    0  3  3  1  1.402 0.000
21  0  1  3  184   13   43   68    4    1    0    0    1    1    0  4  4  1  1.642 0.000
21  0  1  3  185   11   41   60    2    1    0    0    1    1    0  4  4  1  1.177 0.000
21  0  1  3  186   28   48   52    0    2    1    1    0    0    0  1  1  1  1.531 0.000
21  0  1  3  187   17   47    8    4    2    1    0    1    1    0  4  4  1  2.582 0.000
21  0  1  3  188   34   44    1    3    1    0    0    0    1    1  3  3  1  1.543 0.000
21  0  1  3  189   18   48   48    2    2    1    1    1    1    0  2  2  1  1.370 0.000
21  0  1  3  190    8   48    1    1    2    1    0    1    0    1  4  4  1  1.028 0.000
21  0  1  3  191    7   47   22    3    2    1    1    1    0    1  1  1  1  1.211 0.000
21  0  1  3  192   37   47   51    4    2    1    0    0    1    1  3  3  1  2.171 0.000
21  0  1  3  193   32   42   49    2    1    0    0    0    1    1  3  3  1  4.629 0.000
21  0  1  3  194   33   43   50    1    1    0    0    0    1    1  3  3  1  1.251 0.000
21  0  1  3  195   19   49   20    3    2    1    1    1    1    0  2  2  1  1.666 0.000
21  0  1  3  196   29   49   59    0    2    1    0    0    0    0  3  3  1  1.817 0.000
21  0  1  3  197   26   46   32    2    2    1    1    0    0    0  1  1  1  3.272 0.000
21  0  1  3  198   10   40   66    1    2    0    1    1    1    0  2  2  1  0.830 0.000
21  0  1  3  199   22   42   16    0    1    0    1    0    0    0  1  1  1  2.325 0.000
21  0  1  3  200    2   42    6    3    1    0    1    1    0    1  1  1  1  3.432 0.000
21  0  1  3  201   39   49   35    2    2    1    0    0    1    1  3  3  1  0.864 0.000
21  0  1  3  202   16   46   10    0    2    1    1    1    1    0  2  2  1  0.758 0.000
21  0  1  3  203   25   45   22    1    1    1    0    0    0    0  3  3  1  0.953 0.000
21  0  1  3  204   14   44   51    3    0    0    0    1    1    0  4  2  0  2.490 0.000
21  0  1  3  205   38   48   48    0    2    1    1    0    1    1  2  2  1  1.384 0.000
21  0  1  3  206   35   45   38    1    1    1    0    0    1    1  3  3  1  5.368 0.000
21  0  1  3  207   12   42   16    2    1    0    0    1    1    0  4  4  1  0.874 0.000
21  0  1  3  208    6   46   13    4    2    1    1    1    0    1  1  1  1  0.800 0.000
21  0  1  3  209   31   41   18    0    1    0    1    0    1    1  2  2  1  2.185 0.000
21  0  1  3  210    1   41   40    1    1    0    1    1    0    1  1  1  1  0.801 0.000
21  0  1  3  211   27   47   24    3    2    1    0    0    0    0  3  3  1  2.106 0.000
21  0  1  3  212    9   49   10    4    2    1    1    1    0    1  1  1  1  0.782 0.000
21  0  2  3  213   37   57   59    7    0    1    0    0    1    1  3  2  1  1.559 0.000
21  0  2  3  214   12   52   45    7    0    0    0    1    1    0  4  4  1  0.902 0.000
21  0  2  3  215   25   55   14    7    0    1    1    0    0    0  1  3  1  1.911 0.000
21  0  2  3  216    0   50   32    7    0    0    1    1    0    1  1  2  0  1.560 0.000
21  0  2  3  217    8   58   59    7    0    1    0    1    0    1  4  1  1  1.241 0.000
21  0  2  3  218   23   53   49    7    0    0    0    0    0    0  3  3  1  0.757 0.000
21  0  2  3  219   22   52   60    7    0    0    0    0    0    0  3  3  1  0.828 0.000
21  0  2  3  220   31   51   23    7    0    0    0    0    1    1  3  2  1  1.952 0.000
21  0  2  3  221    1   51   41    7    0    0    0    1    0    1  4  4  1  1.870 0.000
21  0  2  3  222    6   56   69    7    0    1    1    1    0    1  1  1  1  3.048 0.000
21  0  2  3  223   20   50   58    7    0    0    1    0    0    0  1  1  1  4.252 0.000
21  0  2  3  224   38   58   16    7    0    1    0    0    1    1  3  3  1  1.269 0.000
21  0  2  3  225   32   52    2    7    0    0    0    0    1    1  3  3  1  1.896 0.000
21  0  2  3  226    7   57   29    7    0    1    1    1    0    1  1  1  1  1.881 0.000
21  0  2  3  227   26   56   55    7    0    1    0    0    0    0  3  1  1  0.627 0.000
21  0  2  3  228   19   59   52    7    0    1    1    1    1    0  2  4  1  1.038 0.000
21  0  2  3  229   21   51   72    7    0    0    1    0    0    0  1  1  1  0.858 0.000
21  0  2  3  230    4   54   19    7    0    0    1    1    0    1  1  4  1  0.725 0.000
21  0  2  3  231   13   53   75    7    0    0    1    1    1    0  2  2  1  0.693 0.000
21  0  2  3  232   36   56   75    7    0    1    0    0    1    1  3  3  1  1.030 0.000
21  0  2  3  233   18   58   79    7    0    1    1    1    1    0  2  2  1  1.689 0.000
21  0  2  3  234   28   58   74    7    0    1    0    0    0    0  3  1  1  0.107 0.000
21  0  2  3  235   16   56   63    7    0    1    1    1    1    0  2  4  1  0.956 0.000
21  0  2  3  236   29   59   50    7    0    1    0    0    0    0  3  1  1  1.291 0.000
21  0  2  3  237    2   52   23    7    0    0    0    1    0    1  4  4  1  1.276 0.000
21  0  2  3  238   39   59   53    7    0    1    1    0    1    1  2  3  1  2.966 0.000
21  0  2  3  239   14   54   38    7    0    0    1    1    1    0  2  1  0  2.173 0.000
21  0  2  3  240   33   53   34    7    0    0    1    0    1    1  2  2  1  1.254 0.000
21  0  2  3  241   11   51    4    7    0    0    1    1    1    0  2  4  1  1.289 0.000
21  0  2  3  242   30   50   54    7    0    0    1    0    1    1  2  3  1  3.003 0.000
21  0  2  3  243    3   53   43    7    0    0    1    1    0    1  1  1  1  0.663 0.000
21  0  2  3  244   35   55   40    7    0    1    0    0    1    1  3  2  1  5.497 0.000
21  0  2  3  245   17   57   27    7    0    1    1    1    1    0  2  4  1  0.714 0.000
21  0  2  3  246   24   54    9    7    0    0    1    0    0    0  1  3  1  3.675 0.000
21  0  2  3  247   27   57   27    7    0    1    0    0    0    0  3  1  1  0.964 0.000
21  0  2  3  248    5   55   46    7    0    1    1    1    0    1  1  1  1  1.187 0.000
21  0  2  3  249   15   55   49    7    0    1    0    1    1    0  4  4  1  0.937 0.000
21  0  2  3  250    9   59   75    7    0    1    1    1    0    1  1  4  1  1.288 0.000
21  0  2  3  251   10   50   78    7    0    0    1    1    1    0  2  4  1  0.761 0.000
21  0  2  3  252   34   54   31    7    0    0    1    0    1    1  2  2  1  0.992 0.000
21  0  1  4  253   19   69   73    4    2    1    0    1    1    0  4  4  1  0.654 0.000
21  0  1  4  254    4   64   74    1    1    0    0    1    0    1  4  4  1  0.548 0.000
21  0  1  4  255    5   65   17    3    1    1    1    1    0    1  1  1  1  3.104 0.000
21  0  1  4  256   26   66    3    2    2    1    0    0    0    0  3  3  1  1.611 0.000
21  0  1  4  257   23   63   45    0    1    0    0    0    0    0  3  3  1  2.099 0.000
21  0  1  4  258    3   63   78    4    1    0    0    1    0    1  4  4  1  0.840 0.000
21  0  1  4  259    2   62   68    3    1    0    0    1    0    1  4  4  1  1.008 0.000
21  0  1  4  260   38   68   73    0    2    1    1    0    1    1  2  2  1  2.512 0.000
21  0  1  4  261   14   64   55    4    1    0    1    1    1    0  2  2  1  1.332 0.000
21  0  1  4  262   36   66    3    1    0    1    0    0    1    1  3  2  0  2.736 0.000
21  0  1  4  263    8   68   24    3    2    1    1    1    0    1  1  1  1  3.386 0.000
21  0  1  4  264   16   66    7    4    2    1    0    1    1    0  4  4  1  1.539 0.000
21  0  1  4  265   13   63   64    0    1    0    0    1    1    0  4  4  1  1.398 0.000
21  0  1  4  266    7   67   38    3    2    1    1    1    0    1  1  1  1  1.038 0.000
21  0  1  4  267   30   60    0    2    2    0    1    0    1    1  2  2  1  0.870 0.000
21  0  1  4  268   37   67   46    1    2    1    0    0    1    1  3  3  1  1.028 0.000
21  0  1  4  269   31   61   44    4    1    0    0    0    1    1  3  3  1  0.939 0.000
21  0  1  4  270   10   60   47    0    2    0    0    1    1    0  4  4  1  0.566 0.000
21  0  1  4  271   27   67   67    1    2    1    1    0    0    0  1  1  1  1.160 0.000
21  0  1  4  272   34   64   64    4    1    0    1    0    1    1  2  2  1  1.098 0.000
21  0  1  4  273    9   69   66    3    2    1    0    1    0    1  4  4  1  1.127 0.000
21  0  1  4  274   15   65   36    0    1    1    1    1    1    0  2  2  1  0.746 0.000
21  0  1  4  275   25   65   69    4    1    1    0    0    0    0  3  3  1  3.541 0.000
21  0  1  4  276    6   66   79    3    2    1    1    1    0    1  1  1  1  1.800 0.000
21  0  1  4  277   12   62   29    0    1    0    1    1    1    0  2  2  1  1.512 0.000
21  0  1  4  278   20   60   62    2    2    0    1    0    0    0  1  1  1  0.788 0.000
21  0  1  4  279    0   60   62    4    2    0    1    1    0    1  1  1  1  0.557 0.000
21  0  1  4  280   24   64   48    0    1    0    1    0    0    0  1  1  1  2.240 0.000
21  0  1  4  281   32   62   74    2    1    0    1    0    1    1  2  2  1  1.207 0.000
21  0  1  4  282   33   63    7    3    1    0    1    0    1    1  2  2  1  2.279 0.000
21  0  1  4  283   17   67   30    0    2    1    0    1    1    0  4  4  1  0.845 0.000
21  0  1  4  284   18   68   32    2    2    1    1    1    1    0  2  2  1  1.907 0.000
21  0  1  4  285   35   65   25    3    1    1    0    0    1    1  3  3  1  2.304 0.000
21  0  1  4  286    1   61   58    1    0    0    0    1    0    1  4  1  0  0.932 0.000
21  0  1  4  287   28   68   78    0    2    1    1    0    0    0  1  1  1  3.183 0.000
21  0  1  4  288   11   61   62    3    1    0    1    1    1    0  2  2  1  0.968 0.000
21  0  1  4  289   22   62   70    2    1    0    1    0    0    0  1  1  1  1.186 0.000
21  0  1  4  290   21   61   40    0    1    0    1    0    0    0  1  1  1  2.380 0.000
21  0  1  4  291   39   69   42    3    2    1    0    0    1    1  3  3  1  1.244 0.000
21  0  1  4  292   29   69   13    2    2    1    1    0    0    0  1  1  1  6.412 0.000
21  0  2  4  293   37   77   26    7    0    1    0    0    1    1  3  2  1  1.170 0.000
21  0  2  4  294   10   70   69    7    0    0    0    1    1    0  4  4  1  1.913 0.000
21  0  2  4  295    2   72   44    7    0    0    0    1    0    1  4  4  1  0.857 0.000
21  0  2  4  296   17   77   74    7    0    1    1    1    1    0  2  2  1  0.917 0.000
21  0  2  4  297   35   75   69    7    0    1    0    0    1    1  3  2  1  0.965 0.000
21  0  2  4  298    0   70   64    7    0    0    0    1    0    1  4  1  1  0.771 0.000
21  0  2  4  299   13   73   34    7    0    0    0    1    1    0  4  4  1  0.617 0.000
21  0  2  4  300   27   77   66    7    0    1    1    0    0    0  1  3  1  0.806 0.000
21  0  2  4  301   14   74   42    7    0    0    1    1    1    0  2  2  1  1.051 0.000
21  0  2  4  302    3   73   70    7    0    0    1    1    0    1  1  4  1  1.341 0.000
21  0  2  4  303   16   76   72    7    0    1    0    1    1    0  4  4  1  3.405 0.000
21  0  2  4  304   24   74   43    7    0    0    0    0    0    0  3  1  1  0.682 0.000
21  0  2  4  305   18   78   40    7    0    1    1    1    1    0  2  4  1  0.988 0.000
21  0  2  4  306   31   71   15    7    0    0    1    0    1    1  2  2  1  0.840 0.000
21  0  2  4  307   26   76   21    7    0    1    0    0    0    0  3  3  1  0.756 0.000
21  0  2  4  308   34   74   63    7    0    0    0    0    1    1  3  3  1  0.643 0.000
21  0  2  4  309    5   75   36    7    0    1    1    1    0    1  1  1  1  1.007 0.000
21  0  2  4  310   32   72   17    7    0    0    1    0    1    1  2  2  1  0.868 0.000
21  0  2  4  311   36   76   39    7    0    1    0    0    1    1  3  3  1  1.261 0.000
21  0  2  4  312   30   70   21    7    0    0    0    0    1    1  3  3  1  1.104 0.000
21  0  2  4  313   23   73    4    7    0    0    0    0    0    0  3  1  1  1.105 0.000
21  0  2  4  314   11   71   44    7    0    0    0    1    1    0  4  2  1  1.266 0.000
21  0  2  4  315   29   79   26    7    0    1    1    0    0    0  1  3  1  0.932 0.000
21  0  2  4  316   39   79   76    7    0    1    0    0    1    1  3  3  1  3.052 0.000
21  0  2  4  317   19   79   70    7    0    1    1    1    1    0  2  2  1  1.463 0.000
21  0  2  4  318   15   75   54    7    0    1    0    1    1    0  4  2  1  1.881 0.000
21  0  2  4  319   28   78   30    7    0    1    1    0    0    0  1  3  1  1.842 0.000
21  0  2  4  320    6   76   33    7    0    1    0    1    0    1  4  4  1  1.318 0.000
21  0  2  4  321   12   72   25    7    0    0    0    1    1    0  4  2  1  0.822 0.000
21  0  2  4  322   33   73   43    7    0    0    0    0    1    1  3  1  0  0.867 0.000
21  0  2  4  323    7   77   61    7    0    1    1    1    0    1  1  4  1  1.192 0.000
21  0  2  4  324   22   72   11    7    0    0    1    0    0    0  1  3  1  1.149 0.000
21  0  2  4  325   21   71   23    7    0    0    1    0    0    0  1  1  1  1.172 0.000
21  0  2  4  326   38   78   11    7    0    1    0    0    1    1  3  2  1  0.795 0.000
21  0  2  4  327    8   78   30    7    0    1    1    1    0    1  1  4  1  3.551 0.000
21  0  2  4  328   25   75   35    7    0    1    0    0    0    0  3  3  1  0.702 0.000
21  0  2  4  329    4   74   48    7    0    0    0    1    0    1  4  4  1  1.319 0.000
21  0  2  4  330    1   71   71    7    0    0    0    1    0    1  4  1  1  0.880 0.000
21  0  2  4  331   20   70   18    7    0    0    0    0    0    0  3  1  1  1.713 0.000
21  0  2  4  332    9   79   18    7    0    1    1    1    0    1  1  1  1  1.881 0.000
