49  0  0  0    1    0   -1   20    2    0    1    0    1    1    0  2  1  0  4.721 0.000
49  0  0  0    2    0   -1   20    2    0    0    0    1    1    0  2  2  1  0.994 0.000
49  0  0  0    3    0   -1   20    3    0    1    1    0    1    1  4  4  1  2.998 0.000
49  0  0  0    4    0   -1   20    4    0    0    1    0    0    0  3  3  1  2.042 0.000
49  0  0  0    5    0   -1   20    0    0    1    0    0    0    0  1  1  1  1.146 0.000
49  0  0  0    6    0   -1   20    1    0    0    0    1    1    0  2  2  1  1.225 0.000
49  0  0  0    7    0   -1   20    2    0    1    1    0    0    0  3  3  1  1.572 0.000
49  0  0  0    8    0   -1   20    3    0    0    1    0    0    0  3  3  1  0.624 0.000
49  0  0  0    9    0   -1   20    0    0    1    0    0    0    0  1  1  1  1.369 0.000
49  0  0  0   10    0   -1   20    4    0    0    0    0    0    0  1  1  1  0.678 0.000
49  0  0  0   11    0   -1   20    1    0    1    1    0    0    0  3  3  1  0.718 0.000
49  0  0  0   12    0   -1   20    3    0    0    1    1    0    1  3  3  1  1.204 0.000
49  0  1  1   13   28    8   49    0    2    1    0    0    0    0  1  1  1  1.727 0.000
49  0  1  1   14   37    7   73    2    2    1    1    0    1    1  4  4  1  1.057 0.000
49  0  1  1   15   34    4   50    4    1    0    1    0    1    1  4  4  1  1.061 0.000
49  0  1  1   16   15    5   38    3    1    1    0    1    1    0  2  2  1  1.281 0.000
49  0  1  1   17    0    0   23    0    2    0    0    1    0    1  2  2  1  1.125 0.000
49  0  1  1   18    6    6   69    1    2    1    1    1    0    1  3  3  1  1.445 0.000
49  0  1  1   19   10    0    0    2    2    0    1    1    1    0  4  4  1  1.250 0.000
49  0  1  1   20   25    5   47    0    1    1    0    0    0    0  1  1  1  1.094 0.000
49  0  1  1   21    8    8   37    3    2    1    1    1    0    1  3  3  1  2.249 0.000
49  0  1  1   22   39    9   24    2    2    1    0    0    1    1  1  1  1  1.741 0.000
49  0  1  1   23   24    4   59    0    1    0    0    0    0    0  1  1  1  0.663 0.000
49  0  1  1   24   12    2   54    1    1    0    0    1    1    0  2  2  1  0.843 0.000
49  0  1  1   25   26    6   48    2    2    1    1    0    0    0  3  3  1  1.159 0.000
49  0  1  1   26   32    2   26    3    1    0    1    0    1    1  4  4  1  0.823 0.000
49  0  1  1   27   30    0   77    0    2    0    1    0    1    1  4  4  1  0.973 0.000
49  0  1  1   28    1    1   58    2    1    0    1    1    0    1  3  3  1  1.052 0.000
49  0  1  1   29   31    1   28    4    1    0    1    0    1    1  4  4  1  1.040 0.000
49  0  1  1   30    9    9    9    1    2    1    0    1    0    1  2  2  1  1.021 0.000
49  0  1  1   31   18    8    4    2    2    1    1    1    1    0  4  4  1  0.938 0.000
49  0  1  1   32    5    5   72    0    1    1    0    1    0    1  2  2  1  1.035 0.000
49  0  1  1   33   38    8   53    1    2    1    1    0    1    1  4  4  1  0.832 0.000
49  0  1  1   34   13    3   51    3    1    0    1    1    1    0  4  4  1  0.725 0.000
49  0  1  1   35   11    1   67    4    1    0    1    1    1    0  4  4  1  0.647 0.000
49  0  1  1   36   17    7   15    0    2    1    0    1    1    0  2  2  1  0.700 0.000
49  0  1  1   37   21    1   58    2    1    0    0    0    0    0  1  1  1  0.702 0.000
49  0  1  1   38   19    9   28    1    2    1    1    1    1    0  4  4  1  0.655 0.000
49  0  1  1   39    2    2   17    4    0    0    1    1    0    1  3  4  0  0.748 0.000
49  0  1  1   40   23    3   56    2    1    0    1    0    0    0  3  3  1  1.501 0.000
49  0  1  1   41    7    7    1    3    2    1    0    1    0    1  2  2  1  1.846 0.000
49  0  1  1   42   33    3   78    0    1    0    0    0    1    1  1  1  1  0.571 0.000
49  0  1  1   43    4    4   27    1    1    0    0    1    0    1  2  2  1  0.811 0.000
49  0  1  1   44   35    5   72    2    1    1    1    0    1    1  4  4  1  0.761 0.000
49  0  1  1   45   27    7   31    3    2    1    0    0    0    0  1  1  1  1.648 0.000
49  0  1  1   46   14    4   66    4    1    0    0    1    1    0  2  2  1  0.749 0.000
49  0  1  1   47   20    0   28    0    2    0    0    0    0    0  1  1  1  0.838 0.000
49  0  1  1   48   36    6    3    1    2    1    1    0    1    1  4  4  1  0.635 0.000
49  0  1  1   49   29    9   68    3    2    1    0    0    0    0  1  1  1  0.967 0.000
49  0  1  1   50   16    6   62    4    2    1    1    1    1    0  4  4  1  2.047 0.000
49  0  1  1   51    3    3   28    1    1    0    1    1    0    1  3  3  1  1.020 0.000
49  0  1  1   52   22    2   66    0    1    0    1    0    0    0  3  3  1  1.281 0.000
49  0  2  1   53    5   15   60    7    0    1    0    1    0    1  2  3  1  2.245 0.000
49  0  2  1   54   17   17   39    7    0    1    1    1    1    0  4  4  1  1.215 0.000
49  0  2  1   55   12   12   27    7    0    0    1    1    1    0  4  4  1  0.785 0.000
49  0  2  1   56   31   11   71    7    0    0    1    0    1    1  4  1  1  1.404 0.000
49  0  2  1   57    6   16   38    7    0    1    0    1    0    1  2  2  1  1.375 0.000
49  0  2  1   58   10   10   55    7    0    0    0    1    1    0  2  4  1  1.123 0.000
49  0  2  1   59   11   11   25    7    0    0    0    1    1    0  2  2  1  1.466 0.000
49  0  2  1   60   28   18   72    7    0    1    1    0    0    0  3  3  1  0.971 0.000
49  0  2  1   61   24   14   14    7    0    0    1    0    0    0  3  3  1  1.030 0.000
49  0  2  1   62   22   12   60    7    0    0    1    0    0    0  3  1  1  0.904 0.000
49  0  2  1   63   15   15   64    7    0    1    0    1    1    0  2  3  0  1.607 0.000
49  0  2  1   64    1   11   66    7    0    0    0    1    0    1  2  2  1  1.302 0.000
49  0  2  1   65   16   16   33    7    0    1    1    1    1    0  4  2  1  0.868 0.000
49  0  2  1   66    0   10   63    7    0    0    1    1    0    1  3  1  0  0.764 0.000
49  0  2  1   67    9   19   11    7    0    1    0    1    0    1  2  2  1  1.364 0.000
49  0  2  1   68   39   19   10    7    0    1    1    0    1    1  4  4  1  0.841 0.000
49  0  2  1   69    8   18   36    7    0    1    0    1    0    1  2  2  1  1.938 0.000
49  0  2  1   70   18   18   58    7    0    1    1    1    1    0  4  3  0  2.424 0.000
49  0  2  1   71    2   12   20    7    0    0    1    1    0    1  3  3  1  1.254 0.000
49  0  2  1   72   20   10   77    7    0    0    1    0    0    0  3  1  1  1.062 0.000
49  0  2  1   73   36   16   55    7    0    1    0    0    1    1  1  1  1  0.855 0.000
49  0  2  1   74   35   15   23    7    0    1    1    0    1    1  4  4  1  0.680 0.000
49  0  2  1   75   13   13   43    7    0    0    1    1    1    0  4  2  1  1.696 0.000
49  0  2  1   76    4   14   10    7    0    0    1    1    0    1  3  2  1  0.936 0.000
49  0  2  1   77    3   13   55    7    0    0    1    1    0    1  3  2  1  0.708 0.000
49  0  2  1   78   30   10   42    7    0    0    1    0    1    1  4  4  1  0.675 0.000
49  0  2  1   79   32   12    9    7    0    0    1    0    1    1  4  1  1  0.988 0.000
49  0  2  1   80   26   16   51    7    0    1    0    0    0    0  1  4  0  1.031 0.000
49  0  2  1   81   19   19   45    7    0    1    1    1    1    0  4  4  1  0.948 0.000
49  0  2  1   82    7   17   22    7    0    1    0    1    0    1  2  4  0  0.658 0.000
49  0  2  1   83   37   17   52    7    0    1    1    0    1    1  4  1  1  0.686 0.000
49  0  2  1   84   29   19    2    7    0    1    0    0    0    0  1  1  1  0.893 0.000
49  0  2  1   85   14   14   12    7    0    0    0    1    1    0  2  4  1  0.788 0.000
49  0  2  1   86   38   18   20    7    0    1    1    0    1    1  4  1  1  0.816 0.000
49  0  2  1   87   27   17    1    7    0    1    0    0    0    0  1  1  1  0.859 0.000
49  0  2  1   88   34   14   27    7    0    0    0    0    1    1  1  1  1  1.340 0.000
49  0  2  1   89   21   11   44    7    0    0    0    0    0    0  1  4  0  0.657 0.000
49  0  2  1   90   33   13   13    7    0    0    0    0    1    1  1  4  1  1.149 0.000
49  0  2  1   91   23   13   38    7    0    0    0    0    0    0  1  3  1  0.778 0.000
49  0  2  1   92   25   15    9    7    0    1    1    0    0    0  3  3  1  1.935 0.000
49  0  1  2   93   34   24   14    0    1    0    1    0    1    1  4  4  1  0.862 0.000
49  0  1  2   94   37   27   45    2    2    1    0    0    1    1  1  1  1  0.811 0.000
49  0  1  2   95    0   20   62    4    2    0    0    1    0    1  2  2  1  1.080 0.000
49  0  1  2   96    5   25   68    0    1    1    1    1    0    1  3  3  1  0.932 0.000
49  0  1  2   97   31   21   31    2    1    0    1    0    1    1  4  4  1  1.157 0.000
49  0  1  2   98    6   26    0    1    2    1    0    1    0    1  2  2  1  0.942 0.000
49  0  1  2   99   16   26   17    0    2    1    1    1    1    0  4  4  1  0.870 0.000
49  0  1  2  100   11   21   76    4    1    0    1    1    1    0  4  4  1  0.657 0.000
49  0  1  2  101    3   23   76    3    0    0    1    1    0    1  3  4  0  0.958 0.000
49  0  1  2  102   28   28   36    1    0    1    0    0    0    0  1  2  0  0.814 0.000
49  0  1  2  103   18   28   19    0    2    1    1    1    1    0  4  4  1  1.467 0.000
49  0  1  2  104   27   27   63    2    0    1    0    0    0    0  1  2  0  1.751 0.000
49  0  1  2  105    1   21   52    1    1    0    0    1    0    1  2  2  1  0.848 0.000
49  0  1  2  106    9   29   31    4    2    1    1    1    0    1  3  3  1  1.380 0.000
49  0  1  2  107    4   24   75    0    0    0    1    1    0    1  3  4  0  0.835 0.000
49  0  1  2  108   36   26   11    2    2    1    0    0    1    1  1  1  1  0.968 0.000
49  0  1  2  109   20   20   40    3    2    0    0    0    0    0  1  1  1  1.584 0.000
49  0  1  2  110   38   28    4    1    2    1    1    0    1    1  4  4  1  1.318 0.000
49  0  1  2  111   23   23   17    2    1    0    1    0    0    0  3  3  1  0.808 0.000
49  0  1  2  112   17   27   35    0    2    1    0    1    1    0  2  2  1  1.062 0.000
49  0  1  2  113   32   22   37    4    0    0    0    0    1    1  1  2  0  2.467 0.000
49  0  1  2  114   13   23   34    2    1    0    0    1    1    0  2  2  1  0.781 0.000
49  0  1  2  115   10   20    8    3    2    0    0    1    1    0  2  2  1  0.757 0.000
49  0  1  2  116   33   23   76    1    1    0    0    0    1    1  1  1  1  0.869 0.000
49  0  1  2  117   14   24   46    2    1    0    0    1    1    0  2  2  1  0.817 0.000
49  0  1  2  118   25   25   11    0    1    1    1    0    0    0  3  3  1  0.902 0.000
49  0  1  2  119    2   22   18    1    1    0    1    1    0    1  3  3  1  0.744 0.000
49  0  1  2  120    8   28   35    2    2    1    0    1    0    1  2  2  1  0.697 0.000
49  0  1  2  121   12   22   49    4    1    0    0    1    1    0  2  2  1  0.748 0.000
49  0  1  2  122   29   29   55    3    2    1    1    0    0    0  3  3  1  0.884 0.000
49  0  1  2  123   39   29   39    1    2    1    0    0    1    1  1  1  1  1.503 0.000
49  0  1  2  124   19   29   29    0    2    1    1    1    1    0  4  4  1  1.137 0.000
49  0  1  2  125   35   25   75    4    1    1    0    0    1    1  1  1  1  1.209 0.000
49  0  1  2  126   26   26   45    3    2    1    1    0    0    0  3  3  1  0.872 0.000
49  0  1  2  127   21   21   73    0    0    0    1    0    0    0  3  4  0  1.051 0.000
49  0  1  2  128   15   25   50    1    1    1    0    1    1    0  2  2  1  0.672 0.000
49  0  1  2  129    7   27   56    2    2    1    1    1    0    1  3  3  1  1.155 0.000
49  0  1  2  130   24   24   12    0    1    0    1    0    0    0  3  3  1  1.123 0.000
49  0  1  2  131   30   20   30    3    2    0    1    0    1    1  4  4  1  0.677 0.000
49  0  1  2  132   22   22   54    4    1    0    1    0    0    0  3  3  1  0.848 0.000
49  0  2  2  133    7   37   42    7    0    1    0    1    0    1  2  2  1  1.604 0.000
49  0  2  2  134    5   35    2    7    0    1    1    1    0    1  3  2  1  1.079 0.000
49  0  2  2  135    8   38   33    7    0    1    0    1    0    1  2  2  1  1.080 0.000
49  0  2  2  136   21   31   10    7    0    0    0    0    0    0  1  3  1  1.096 0.000
49  0  2  2  137   32   32   12    7    0    0    0    0    1    1  1  1  1  0.687 0.000
49  0  2  2  138   13   33    2    7    0    0    0    1    1    0  2  2  1  2.830 0.000
49  0  2  2  139   20   30   23    7    0    0    0    0    0    0  1  3  1  0.953 0.000
49  0  2  2  140    1   31   45    7    0    0    0    1    0    1  2  3  1  1.046 0.000
49  0  2  2  141   24   34   61    7    0    0    0    0    0    0  1  3  1  0.758 0.000
49  0  2  2  142    9   39   25    7    0    1    1    1    0    1  3  3  1  1.331 0.000
49  0  2  2  143   39   39   44    7    0    1    0    0    1    1  1  1  1  0.986 0.000
49  0  2  2  144    2   32   12    7    0    0    0    1    0    1  2  3  1  1.181 0.000
49  0  2  2  145   31   31   59    7    0    0    0    0    1    1  1  1  1  0.769 0.000
49  0  2  2  146    4   34   74    7    0    0    0    1    0    1  2  2  1  0.781 0.000
49  0  2  2  147    6   36   61    7    0    1    1    1    0    1  3  1  0  1.657 0.000
49  0  2  2  148   26   36   39    7    0    1    0    0    0    0  1  1  1  0.702 0.000
49  0  2  2  149   25   35   50    7    0    1    1    0    0    0  3  1  1  0.804 0.000
49  0  2  2  150   23   33   24    7    0    0    1    0    0    0  3  3  1  1.039 0.000
49  0  2  2  151   27   37   30    7    0    1    0    0    0    0  1  1  1  1.672 0.000
49  0  2  2  152   18   38    3    7    0    1    1    1    1    0  4  4  1  0.905 0.000
49  0  2  2  153   22   32    5    7    0    0    1    0    0    0  3  3  1  2.775 0.000
49  0  2  2  154   15   35   30    7    0    1    0    1    1    0  2  4  1  0.803 0.000
49  0  2  2  155   35   35   34    7    0    1    1    0    1    1  4  1  1  0.806 0.000
49  0  2  2  156   36   36   25    7    0    1    0    0    1    1  1  4  1  1.385 0.000
49  0  2  2  157   29   39   19    7    0    1    1    0    0    0  3  1  1  0.621 0.000
49  0  2  2  158    3   33   21    7    0    0    1    1    0    1  3  2  1  1.310 0.000
49  0  2  2  159   14   34   71    7    0    0    1    1    1    0  4  2  1  0.685 0.000
49  0  2  2  160   38   38   19    7    0    1    0    0    1    1  1  4  1  1.053 0.000
49  0  2  2  161   28   38   33    7    0    1    1    0    0    0  3  3  1  1.902 0.000
49  0  2  2  162   34   34    2    7    0    0    1    0    1    1  4  4  1  1.092 0.000
49  0  2  2  163   16   36   78    7    0    1    0    1    1    0  2  2  1  0.563 0.000
49  0  2  2  164   33   33   21    7    0    0    0    0    1    1  1  1  1  1.144 0.000
49  0  2  2  165   19   39   47    7    0    1    1    1    1    0  4  2  1  1.558 0.000
49  0  2  2  166   10   30   11    7    0    0    1    1    1    0  4  1  0  1.971 0.000
49  0  2  2  167   12   32    5    7    0    0    1    1    1    0  4  2  1  1.042 0.000
49  0  2  2  168    0   30   49    7    0    0    1    1    0    1  3  3  1  1.867 0.000
49  0  2  2  169   11   31   63    7    0    0    1    1    1    0  4  4  1  0.668 0.000
49  0  2  2  170   17   37   60    7    0    1    0    1    1    0  2  2  1  0.627 0.000
49  0  2  2  171   37   37   41    7    0    1    1    0    1    1  4  1  1  3.589 0.000
49  0  2  2  172   30   30   49    7    0    0    1    0    1    1  4  4  1  0.897 0.000
49  0  1  3  173   24   44   18    3    1    0    1    0    0    0  3  3  1  1.453 0.000
49  0  1  3  174    1   41   16    2    1    0    1    1    0    1  3  3  1  0.928 0.000
49  0  1  3  175    9   49   13    4    2    1    0    1    0    1  2  2  1  0.810 0.000
49  0  1  3  176    8   48   57    1    2    1    1    1    0    1  3  3  1  0.681 0.000
49  0  1  3  177   15   45    6    0    1    1    0    1    1    0  2  2  1  0.668 0.000
49  0  1  3  178   30   40    1    3    2    0    0    0    1    1  1  1  1  0.767 0.000
49  0  1  3  179   26   46   46    1    2    1    1    0    0    0  3  3  1  0.686 0.000
49  0  1  3  180   12   42   13    0    1    0    1    1    1    0  4  4  1  0.697 0.000
49  0  1  3  181   22   42   20    3    1    0    1    0    0    0  3  3  1  0.717 0.000
49  0  1  3  182   25   45   65    4    1    1    0    0    0    0  1  1  1  0.877 0.000
49  0  1  3  183    3   43   46    2    1    0    0    1    0    1  2  2  1  1.929 0.000
49  0  1  3  184   37   47    5    3    2    1    1    0    1    1  4  4  1  0.627 0.000
49  0  1  3  185    4   44   70    0    1    0    1    1    0    1  3  3  1  0.831 0.000
49  0  1  3  186   34   44   58    4    1    0    1    0    1    1  4  4  1  0.477 0.000
49  0  1  3  187   19   49   56    3    2    1    0    1    1    0  2  2  1  0.585 0.000
49  0  1  3  188   20   40   74    2    2    0    0    0    0    0  1  1  1  0.528 0.000
49  0  1  3  189   23   43    4    4    1    0    0    0    0    0  1  1  1  0.537 0.000
49  0  1  3  190   32   42   38    0    1    0    0    0    1    1  1  1  1  0.529 0.000
49  0  1  3  191    6   46   19    3    2    1    1    1    0    1  3  3  1  1.267 0.000
49  0  1  3  192   28   48   67    1    2    1    0    0    0    0  1  1  1  0.847 0.000
49  0  1  3  193   27   47   75    0    2    1    1    0    0    0  3  3  1  0.996 0.000
49  0  1  3  194   31   41    6    2    1    0    1    0    1    1  4  4  1  0.922 0.000
49  0  1  3  195    5   45   43    1    1    1    0    1    0    1  2  2  1  0.739 0.000
49  0  1  3  196    7   47   79    4    2    1    1    1    0    1  3  3  1  1.220 0.000
49  0  1  3  197   33   43   35    2    1    0    1    0    1    1  4  4  1  1.233 0.000
49  0  1  3  198   13   43   68    1    1    0    1    1    1    0  4  4  1  0.782 0.000
49  0  1  3  199   10   40   48    4    2    0    1    1    1    0  4  4  1  1.518 0.000
49  0  1  3  200   14   44   24    0    1    0    1    1    1    0  4  4  1  0.752 0.000
49  0  1  3  201   35   45   17    1    1    1    0    0    1    1  1  1  1  0.863 0.000
49  0  1  3  202    0   40   53    2    2    0    0    1    0    1  2  2  1  0.875 0.000
49  0  1  3  203    2   42   78    0    1    0    0    1    0    1  2  2  1  0.711 0.000
49  0  1  3  204   39   49   62    1    2    1    1    0    1    1  4  4  1  0.849 0.000
49  0  1  3  205   11   41   70    2    1    0    1    1    1    0  4  4  1  0.709 0.000
49  0  1  3  206   36   46   67    4    2    1    0    0    1    1  1  1  1  1.336 0.000
49  0  1  3  207   29   49   79    1    2    1    1    0    0    0  3  3  1  1.345 0.000
49  0  1  3  208   16   46   40    3    2    1    0    1    1    0  2  2  1  2.186 0.000
49  0  1  3  209   17   47   52    0    2    1    1    1    1    0  4  4  1  0.736 0.000
49  0  1  3  210   21   41   41    1    1    0    1    0    0    0  3  3  1  0.641 0.000
49  0  1  3  211   38   48   16    4    2    1    0    0    1    1  1  1  1  0.854 0.000
49  0  1  3  212   18   48   65    3    2    1    1    1    1    0  4  4  1  1.737 0.000
49  0  2  3  213   15   55   23    7    0    1    0    1    1    0  2  2  1  1.874 0.000
49  0  2  3  214    0   50   73    7    0    0    0    1    0    1  2  3  1  2.275 0.000
49  0  2  3  215   19   59   73    7    0    1    1    1    1    0  4  4  1  0.955 0.000
49  0  2  3  216    1   51   47    7    0    0    1    1    0    1  3  2  1  1.999 0.000
49  0  2  3  217   11   51    9    7    0    0    1    1    1    0  4  2  1  1.067 0.000
49  0  2  3  218   23   53   42    7    0    0    1    0    0    0  3  1  1  0.963 0.000
49  0  2  3  219   22   52    6    7    0    0    1    0    0    0  3  1  1  0.712 0.000
49  0  2  3  220   30   50   74    7    0    0    1    0    1    1  4  2  0  2.814 0.000
49  0  2  3  221    9   59   48    7    0    1    0    1    0    1  2  3  1  1.668 0.000
49  0  2  3  222   27   57   43    7    0    1    1    0    0    0  3  3  1  1.117 0.000
49  0  2  3  223   34   54   22    7    0    0    1    0    1    1  4  1  1  0.667 0.000
49  0  2  3  224   26   56   26    7    0    1    0    0    0    0  1  3  1  1.323 0.000
49  0  2  3  225   24   54   16    7    0    0    0    0    0    0  1  3  1  0.841 0.000
49  0  2  3  226   36   56   18    7    0    1    1    0    1    1  4  4  1  1.306 0.000
49  0  2  3  227   16   56   31    7    0    1    0    1    1    0  2  2  1  1.057 0.000
49  0  2  3  228   31   51   70    7    0    0    0    0    1    1  1  4  1  0.737 0.000
49  0  2  3  229    3   53   54    7    0    0    0    1    0    1  2  2  1  1.327 0.000
49  0  2  3  230   12   52   69    7    0    0    0    1    1    0  2  2  1  0.693 0.000
49  0  2  3  231    5   55    4    7    0    1    1    1    0    1  3  4  0  0.877 0.000
49  0  2  3  232   17   57   53    7    0    1    0    1    1    0  2  4  1  1.504 0.000
49  0  2  3  233   33   53   66    7    0    0    0    0    1    1  1  4  1  0.935 0.000
49  0  2  3  234    7   57    3    7    0    1    1    1    0    1  3  2  1  0.836 0.000
49  0  2  3  235   38   58   51    7    0    1    0    0    1    1  1  4  1  1.694 0.000
49  0  2  3  236    4   54   65    7    0    0    0    1    0    1  2  2  1  1.149 0.000
49  0  2  3  237   29   59   35    7    0    1    1    0    0    0  3  1  1  0.706 0.000
49  0  2  3  238   28   58   71    7    0    1    0    0    0    0  1  1  1  1.265 0.000
49  0  2  3  239   32   52   56    7    0    0    0    0    1    1  1  4  1  1.210 0.000
49  0  2  3  240   10   50   61    7    0    0    0    1    1    0  2  2  1  0.701 0.000
49  0  2  3  241    2   52   14    7    0    0    0    1    0    1  2  2  1  0.587 0.000
49  0  2  3  242   25   55    0    7    0    1    1    0    0    0  3  1  1  0.839 0.000
49  0  2  3  243   37   57    8    7    0    1    0    0    1    1  1  4  1  0.745 0.000
49  0  2  3  244   13   53   74    7    0    0    0    1    1    0  2  2  1  1.630 0.000
49  0  2  3  245   21   51   32    7    0    0    0    0    0    0  1  3  1  1.264 0.000
49  0  2  3  246    8   58   30    7    0    1    1    1    0    1  3  3  1  0.857 0.000
49  0  2  3  247   18   58   37    7    0    1    0    1    1    0  2  2  1  0.722 0.000
49  0  2  3  248   35   55   33    7    0    1    1    0    1    1  4  1  1  0.696 0.000
49  0  2  3  249    6   56   67    7    0    1    0    1    0    1  2  3  1  1.135 0.000
49  0  2  3  250   39   59    0    7    0    1    1    0    1    1  4  1  1  3.044 0.000
49  0  2  3  251   14   54   36    7    0    0    1    1    1    0  4  4  1  0.782 0.000
49  0  2  3  252   20   50    3    7    0    0    1    0    0    0  3  3  1  0.946 0.000
49  0  1  4  253   18   68   41    4    2    1    0    1    1    0  2  2  1  2.428 0.000
49  0  1  4  254   14   64   16    1    1    0    0    1    1    0  2  2  1  0.738 0.000
49  0  1  4  255    0   60   51    0    2    0    0    1    0    1  2  2  1  0.522 0.000
49  0  1  4  256   12   62   14    3    1    0    0    1    1    0  2  2  1  0.980 0.000
49  0  1  4  257   13   63    1    2    1    0    0    1    1    0  2  2  1  0.731 0.000
49  0  1  4  258    4   64   77    0    1    0    0    1    0    1  2  2  1  0.517 0.000
49  0  1  4  259   32   62   47    4    0    0    0    0    1    1  1  2  0  0.486 0.000
49  0  1  4  260   25   65   53    2    1    1    1    0    0    0  3  3  1  1.081 0.000
49  0  1  4  261   23   63    8    1    1    0    1    0    0    0  3  3  1  0.596 0.000
49  0  1  4  262    1   61   29    3    1    0    1    1    0    1  3  3  1  0.779 0.000
49  0  1  4  263   17   67   75    4    2    1    0    1    1    0  2  2  1  0.578 0.000
49  0  1  4  264   30   60   63    1    2    0    0    0    1    1  1  1  1  0.586 0.000
49  0  1  4  265   35   65   29    2    1    1    1    0    1    1  4  4  1  2.097 0.000
49  0  1  4  266   38   68   32    0    2    1    0    0    1    1  1  1  1  0.836 0.000
49  0  1  4  267   37   67   69    1    2    1    1    0    1    1  4  4  1  1.416 0.000
49  0  1  4  268    3   63   50    4    1    0    1    1    0    1  3  3  1  0.630 0.000
49  0  1  4  269   28   68   25    0    2    1    0    0    0    0  1  1  1  0.724 0.000
49  0  1  4  270    6   66   15    2    2    1    1    1    0    1  3  3  1  1.413 0.000
49  0  1  4  271   19   69   57    4    2    1    0    1    1    0  2  2  1  0.659 0.000
49  0  1  4  272   11   61   21    0    1    0    0    1    1    0  2  2  1  0.711 0.000
49  0  1  4  273   15   65   79    1    0    1    1    1    1    0  4  3  0  0.634 0.000
49  0  1  4  274   36   66   61    2    2    1    0    0    1    1  1  1  1  0.598 0.000
49  0  1  4  275   22   62   15    3    1    0    0    0    0    0  1  1  1  0.909 0.000
49  0  1  4  276   26   66   22    4    2    1    1    0    0    0  3  3  1  1.047 0.000
49  0  1  4  277   10   60   10    1    2    0    1    1    1    0  4  4  1  0.620 0.000
49  0  1  4  278    9   69    5    3    2    1    0    1    0    1  2  2  1  1.258 0.000
49  0  1  4  279    8   68   24    2    2    1    1    1    0    1  3  3  1  1.645 0.000
49  0  1  4  280    7   67   34    0    2    1    0    1    0    1  2  2  1  0.786 0.000
49  0  1  4  281   20   60   29    1    2    0    0    0    0    0  1  1  1  0.553 0.000
49  0  1  4  282   21   61   27    4    1    0    0    0    0    0  1  1  1  0.889 0.000
49  0  1  4  283    2   62   39    0    1    0    0    1    0    1  2  2  1  1.003 0.000
49  0  1  4  284   29   69   34    3    2    1    1    0    0    0  3  3  1  0.690 0.000
49  0  1  4  285   39   69    7    1    2    1    0    0    1    1  1  1  1  1.757 0.000
49  0  1  4  286   24   64   70    4    1    0    0    0    0    0  1  1  1  1.613 0.000
49  0  1  4  287    5   65   64    0    1    1    1    1    0    1  3  3  1  2.163 0.000
49  0  1  4  288   33   63   54    1    1    0    1    0    1    1  4  4  1  2.699 0.000
49  0  1  4  289   31   61   15    3    1    0    1    0    1    1  4  4  1  0.614 0.000
49  0  1  4  290   34   64   65    0    1    0    1    0    1    1  4  4  1  0.923 0.000
49  0  1  4  291   27   67   69    1    2    1    0    0    0    0  1  1  1  1.629 0.000
49  0  1  4  292   16   66   26    2    2    1    1    1    1    0  4  4  1  0.683 0.000
49  0  2  4  293   35   75   68    7    0    1    0    0    1    1  1  4  1  1.109 0.000
49  0  2  4  294   25   75   21    7    0    1    1    0    0    0  3  3  1  1.828 0.000
49  0  2  4  295   37   77   64    7    0    1    0    0    1    1  1  1  1  0.694 0.000
49  0  2  4  296   23   73   57    7    0    0    0    0    0    0  1  1  1  1.734 0.000
49  0  2  4  297    6   76   44    7    0    1    1    1    0    1  3  3  1  0.715 0.000
49  0  2  4  298   11   71   18    7    0    0    1    1    1    0  4  2  1  1.106 0.000
49  0  2  4  299    5   75   32    7    0    1    0    1    0    1  2  2  1  0.504 0.000
49  0  2  4  300   15   75   42    7    0    1    1    1    1    0  4  2  1  0.647 0.000
49  0  2  4  301   19   79   20    7    0    1    0    1    1    0  2  2  1  0.617 0.000
49  0  2  4  302    9   79    8    7    0    1    1    1    0    1  3  3  1  0.666 0.000
49  0  2  4  303   28   78    7    7    0    1    0    0    0    0  1  3  1  1.859 0.000
49  0  2  4  304    8   78   26    7    0    1    1    1    0    1  3  2  1  0.796 0.000
49  0  2  4  305   21   71   37    7    0    0    1    0    0    0  3  3  1  0.887 0.000
49  0  2  4  306   29   79   52    7    0    1    0    0    0    0  1  1  1  1.942 0.000
49  0  2  4  307   38   78   48    7    0    1    1    0    1    1  4  4  1  0.836 0.000
49  0  2  4  308    1   71   40    7    0    0    1    1    0    1  3  2  1  1.245 0.000
49  0  2  4  309   26   76   62    7    0    1    0    0    0    0  1  3  1  0.927 0.000
49  0  2  4  310   39   79   43    7    0    1    1    0    1    1  4  3  0  1.108 0.000
49  0  2  4  311    2   72    7    7    0    0    1    1    0    1  3  3  1  0.879 0.000
49  0  2  4  312    3   73   71    7    0    0    1    1    0    1  3  2  1  0.871 0.000
49  0  2  4  313    7   77   41    7    0    1    0    1    0    1  2  2  1  0.791 0.000
49  0  2  4  314   22   72   76    7    0    0    0    0    0    0  1  1  1  2.586 0.000
49  0  2  4  315   33   73   40    7    0    0    0    0    1    1  1  1  1  1.198 0.000
49  0  2  4  316   34   74   60    7    0    0    0    0    1    1  1  4  1  0.697 0.000
49  0  2  4  317   36   76   57    7    0    1    1    0    1    1  4  4  1  1.113 0.000
49  0  2  4  318   32   72   79    7    0    0    1    0    1    1  4  1  1  0.752 0.000
49  0  2  4  319    4   74   59    7    0    0    1    1    0    1  3  2  1  1.028 0.000
49  0  2  4  320   12   72   77    7    0    0    1    1    1    0  4  2  1  0.862 0.000
49  0  2  4  321   31   71   46    7    0    0    1    0    1    1  4  4  1  0.775 0.000
49  0  2  4  322   14   74    7    7    0    0    1    1    1    0  4  2  1  1.188 0.000
49  0  2  4  323   27   77   78    7    0    1    0    0    0    0  1  1  1  0.694 0.000
49  0  2  4  324   13   73   32    7    0    0    0    1    1    0  2  2  1  0.718 0.000
49  0  2  4  325   18   78   44    7    0    1    1    1    1    0  4  4  1  0.756 0.000
49  0  2  4  326   20   70   13    7    0    0    1    0    0    0  3  3  1  0.849 0.000
49  0  2  4  327   24   74   64    7    0    0    1    0    0    0  3  1  1  0.954 0.000
49  0  2  4  328    0   70    6    7    0    0    1    1    0    1  3  2  1  0.719 0.000
49  0  2  4  329   10   70   22    7    0    0    1    1    1    0  4  2  1  1.077 0.000
49  0  2  4  330   17   77   72    7    0    1    0    1    1    0  2  4  1  0.613 0.000
49  0  2  4  331   16   76   59    7    0    1    1    1    1    0  4  4  1  1.040 0.000
49  0  2  4  332   30   70   36    7    0    0    1    0    1    1  4  4  1  0.921 0.000
