16  0  0  0    1    0   -1   32    2    0    0    1    1    0    1  3  3  1  1.252 0.000
16  0  0  0    2    0   -1   32    1    0    0    1    0    0    0  3  3  1  1.023 0.000
16  0  0  0    3    0   -1   32    0    0    0    1    0    1    1  4  4  1  1.235 0.000
16  0  0  0    4    0   -1   32    2    0    1    0    1    0    1  2  2  1  2.389 0.000
16  0  0  0    5    0   -1   32    1    0    1    1    1    1    0  4  4  1  0.796 0.000
16  0  0  0    6    0   -1   32    3    0    0    1    1    1    0  4  4  1  0.593 0.000
16  0  0  0    7    0   -1   32    0    0    0    1    0    1    1  4  4  1  0.622 0.000
16  0  0  0    8    0   -1   32    4    0    1    0    1    0    1  2  1  0  0.738 0.000
16  0  0  0    9    0   -1   32    2    0    1    1    1    1    0  4  4  1  0.950 0.000
16  0  0  0   10    0   -1   32    1    0    1    0    0    1    1  1  1  1  1.373 0.000
16  0  0  0   11    0   -1   32    4    0    0    0    0    1    1  1  1  1  0.796 0.000
16  0  0  0   12    0   -1   32    2    0    0    0    0    1    1  1  1  1  0.633 0.000
16  0  1  1   13   18    8    5    0    1    1    1    1    1    0  4  4  1  1.851 0.000
16  0  1  1   14   39    9   58    1    1    1    0    0    1    1  1  1  1  0.809 0.000
16  0  1  1   15    7    7   62    3    0    1    1    1    0    1  3  4  0  1.105 0.000
16  0  1  1   16   26    6   54    0    1    1    0    0    0    0  1  1  1  1.862 0.000
16  0  1  1   17    2    2   73    2    2    0    0    1    0    1  2  2  1  1.691 0.000
16  0  1  1   18   33    3   38    3    2    0    0    0    1    1  1  1  1  1.256 0.000
16  0  1  1   19   10    0   21    1    1    0    0    1    1    0  2  2  1  1.631 0.000
16  0  1  1   20    0    0   21    4    1    0    0    1    0    1  2  2  1  0.687 0.000
16  0  1  1   21   34    4    4    2    2    0    0    0    1    1  1  1  1  0.683 0.000
16  0  1  1   22    9    9    7    1    1    1    1    1    0    1  3  3  1  0.704 0.000
16  0  1  1   23   23    3   37    3    2    0    1    0    0    0  3  3  1  0.733 0.000
16  0  1  1   24    3    3   76    4    2    0    1    1    0    1  3  3  1  0.713 0.000
16  0  1  1   25    5    5   57    1    2    1    0    1    0    1  2  2  1  1.236 0.000
16  0  1  1   26   14    4   68    2    2    0    0    1    1    0  2  2  1  0.723 0.000
16  0  1  1   27   30    0   65    3    1    0    0    0    1    1  1  1  1  0.624 0.000
16  0  1  1   28   27    7    5    1    1    1    1    0    0    0  3  3  1  0.655 0.000
16  0  1  1   29   24    4   67    4    2    0    1    0    0    0  3  3  1  0.574 0.000
16  0  1  1   30   17    7   64    2    1    1    0    1    1    0  2  2  1  0.719 0.000
16  0  1  1   31   38    8   42    0    1    1    1    0    1    1  4  4  1  0.651 0.000
16  0  1  1   32   15    5   36    4    2    1    0    1    1    0  2  2  1  0.922 0.000
16  0  1  1   33   22    2   34    1    2    0    0    0    0    0  1  1  1  0.686 0.000
16  0  1  1   34    1    1   20    3    2    0    0    1    0    1  2  2  1  0.859 0.000
16  0  1  1   35   13    3   79    4    2    0    0    1    1    0  2  2  1  0.618 0.000
16  0  1  1   36    6    6   44    1    1    1    1    1    0    1  3  3  1  1.137 0.000
16  0  1  1   37   19    9   74    2    1    1    0    1    1    0  2  2  1  0.940 0.000
16  0  1  1   38   31    1   16    0    2    0    0    0    1    1  1  1  1  1.735 0.000
16  0  1  1   39   21    1   20    3    2    0    0    0    0    0  1  1  1  1.274 0.000
16  0  1  1   40   35    5   17    2    0    1    1    0    1    1  4  3  0  1.096 0.000
16  0  1  1   41    4    4    8    1    2    0    1    1    0    1  3  3  1  1.508 0.000
16  0  1  1   42   36    6    1    0    1    1    0    0    1    1  1  1  1  1.040 0.000
16  0  1  1   43   37    7    9    3    1    1    1    0    1    1  4  4  1  1.776 0.000
16  0  1  1   44   11    1   40    2    2    0    1    1    1    0  4  4  1  1.073 0.000
16  0  1  1   45   29    9   14    4    1    1    0    0    0    0  1  1  1  0.958 0.000
16  0  1  1   46   25    5   59    1    2    1    1    0    0    0  3  3  1  0.689 0.000
16  0  1  1   47   12    2   62    0    2    0    1    1    1    0  4  4  1  0.878 0.000
16  0  1  1   48   28    8   30    3    1    1    0    0    0    0  1  1  1  0.508 0.000
16  0  1  1   49   32    2   50    4    2    0    0    0    1    1  1  1  1  0.648 0.000
16  0  1  1   50    8    8   37    2    1    1    1    1    0    1  3  3  1  0.798 0.000
16  0  1  1   51   16    6   11    3    1    1    0    1    1    0  2  2  1  1.936 0.000
16  0  1  1   52   20    0   26    4    1    0    0    0    0    0  1  1  1  0.571 0.000
16  0  2  1   53   29   19   24    7    0    1    1    0    0    0  3  3  1  1.564 0.000
16  0  2  1   54   25   15   27    7    0    1    0    0    0    0  1  1  1  1.411 0.000
16  0  2  1   55    6   16   30    7    0    1    1    1    0    1  3  3  1  0.911 0.000
16  0  2  1   56   17   17   31    7    0    1    0    1    1    0  2  2  1  0.536 0.000
16  0  2  1   57   24   14   31    7    0    0    0    0    0    0  1  3  1  0.631 0.000
16  0  2  1   58   30   10   12    7    0    0    0    0    1    1  1  1  1  1.411 0.000
16  0  2  1   59    8   18    3    7    0    1    1    1    0    1  3  3  1  0.768 0.000
16  0  2  1   60   23   13   15    7    0    0    1    0    0    0  3  1  1  1.070 0.000
16  0  2  1   61   11   11   37    7    0    0    1    1    1    0  4  2  1  1.576 0.000
16  0  2  1   62   26   16   55    7    0    1    0    0    0    0  1  3  1  0.718 0.000
16  0  2  1   63   35   15   27    7    0    1    1    0    1    1  4  4  1  1.030 0.000
16  0  2  1   64   15   15   47    7    0    1    0    1    1    0  2  2  1  0.978 0.000
16  0  2  1   65   22   12   17    7    0    0    0    0    0    0  1  3  1  0.848 0.000
16  0  2  1   66    7   17   34    7    0    1    1    1    0    1  3  2  1  0.786 0.000
16  0  2  1   67   34   14   74    7    0    0    1    0    1    1  4  1  1  2.384 0.000
16  0  2  1   68   20   10   69    7    0    0    1    0    0    0  3  3  1  1.438 0.000
16  0  2  1   69   28   18   56    7    0    1    0    0    0    0  1  1  1  1.729 0.000
16  0  2  1   70   27   17   46    7    0    1    1    0    0    0  3  3  1  1.433 0.000
16  0  2  1   71   33   13   44    7    0    0    1    0    1    1  4  4  1  1.253 0.000
16  0  2  1   72    9   19   10    7    0    1    0    1    0    1  2  2  1  1.336 0.000
16  0  2  1   73   38   18   14    7    0    1    1    0    1    1  4  4  1  1.415 0.000
16  0  2  1   74   16   16    6    7    0    1    0    1    1    0  2  3  0  1.459 0.000
16  0  2  1   75   31   11   73    7    0    0    0    0    1    1  1  1  1  1.202 0.000
16  0  2  1   76   19   19   54    7    0    1    1    1    1    0  4  2  1  1.310 0.000
16  0  2  1   77    2   12   58    7    0    0    1    1    0    1  3  2  1  1.485 0.000
16  0  2  1   78   18   18   44    7    0    1    0    1    1    0  2  2  1  0.918 0.000
16  0  2  1   79   39   19   39    7    0    1    1    0    1    1  4  4  1  0.983 0.000
16  0  2  1   80   13   13   75    7    0    0    1    1    1    0  4  4  1  1.213 0.000
16  0  2  1   81   21   11    0    7    0    0    1    0    0    0  3  1  1  2.009 0.000
16  0  2  1   82   36   16   61    7    0    1    0    0    1    1  1  4  1  1.789 0.000
16  0  2  1   83   10   10    0    7    0    0    0    1    1    0  2  4  1  1.019 0.000
16  0  2  1   84    4   14   45    7    0    0    0    1    0    1  2  2  1  0.807 0.000
16  0  2  1   85   37   17   32    7    0    1    1    0    1    1  4  1  1  1.588 0.000
16  0  2  1   86   12   12   76    7    0    0    1    1    1    0  4  2  1  1.225 0.000
16  0  2  1   87   14   14   17    7    0    0    1    1    1    0  4  2  1  1.269 0.000
16  0  2  1   88   32   12    5    7    0    0    1    0    1    1  4  4  1  0.767 0.000
16  0  2  1   89    3   13   71    7    0    0    1    1    0    1  3  3  1  0.718 0.000
16  0  2  1   90    0   10   22    7    0    0    1    1    0    1  3  3  1  0.557 0.000
16  0  2  1   91    5   15   31    7    0    1    0    1    0    1  2  2  1  0.708 0.000
16  0  2  1   92    1   11   67    7    0    0    0    1    0    1  2  2  1  0.901 0.000
16  0  1  2   93    7   27   23    2    1    1    1    1    0    1  3  3  1  1.568 0.000
16  0  1  2   94   13   23    4    1    2    0    1    1    1    0  4  4  1  1.394 0.000
16  0  1  2   95   28   28   41    0    1    1    0    0    0    0  1  1  1  0.699 0.000
16  0  1  2   96   37   27   64    2    1    1    1    0    1    1  4  4  1  0.744 0.000
16  0  1  2   97    6   26   60    1    0    1    0    1    0    1  2  1  0  0.674 0.000
16  0  1  2   98    9   29   19    0    1    1    1    1    0    1  3  3  1  0.744 0.000
16  0  1  2   99   19   29   12    3    1    1    0    1    1    0  2  2  1  1.603 0.000
16  0  1  2  100   24   24   49    4    2    0    0    0    0    0  1  1  1  0.948 0.000
16  0  1  2  101   23   23    6    0    2    0    0    0    0    0  1  1  1  0.725 0.000
16  0  1  2  102   12   22   60    1    2    0    0    1    1    0  2  2  1  1.945 0.000
16  0  1  2  103    0   20    0    3    1    0    0    1    0    1  2  2  1  2.124 0.000
16  0  1  2  104   22   22   70    4    2    0    0    0    0    0  1  1  1  0.871 0.000
16  0  1  2  105    1   21   40    0    2    0    0    1    0    1  2  2  1  2.701 0.000
16  0  1  2  106    5   25   11    2    2    1    1    1    0    1  3  3  1  1.666 0.000
16  0  1  2  107    8   28   18    1    1    1    0    1    0    1  2  2  1  0.688 0.000
16  0  1  2  108   30   20   28    0    1    0    0    0    1    1  1  1  1  2.173 0.000
16  0  1  2  109   25   25   11    2    2    1    1    0    0    0  3  3  1  0.703 0.000
16  0  1  2  110   33   23    7    4    2    0    1    0    1    1  4  4  1  0.747 0.000
16  0  1  2  111   31   21   78    0    2    0    1    0    1    1  4  4  1  0.670 0.000
16  0  1  2  112   36   26   18    1    1    1    0    0    1    1  1  1  1  3.411 0.000
16  0  1  2  113   35   25   13    3    2    1    1    0    1    1  4  4  1  1.620 0.000
16  0  1  2  114   29   29   51    0    1    1    0    0    0    0  1  1  1  1.308 0.000
16  0  1  2  115   14   24   28    4    2    0    0    1    1    0  2  2  1  1.207 0.000
16  0  1  2  116    4   24   17    3    2    0    0    1    0    1  2  2  1  0.576 0.000
16  0  1  2  117   11   21    2    1    2    0    0    1    1    0  2  2  1  0.898 0.000
16  0  1  2  118   16   26   35    4    1    1    1    1    1    0  4  4  1  1.614 0.000
16  0  1  2  119   15   25   23    2    2    1    0    1    1    0  2  2  1  1.590 0.000
16  0  1  2  120    3   23   78    3    2    0    0    1    0    1  2  2  1  0.727 0.000
16  0  1  2  121   26   26   79    4    1    1    1    0    0    0  3  3  1  2.459 0.000
16  0  1  2  122   10   20   77    0    1    0    1    1    1    0  4  4  1  0.600 0.000
16  0  1  2  123   39   29   77    2    1    1    0    0    1    1  1  1  1  0.929 0.000
16  0  1  2  124   17   27   43    3    1    1    1    1    1    0  4  4  1  1.589 0.000
16  0  1  2  125   20   20    2    0    1    0    1    0    0    0  3  3  1  0.734 0.000
16  0  1  2  126   32   22    6    1    2    0    1    0    1    1  4  4  1  0.937 0.000
16  0  1  2  127    2   22   66    3    2    0    1    1    0    1  3  3  1  0.940 0.000
16  0  1  2  128   27   27   21    0    1    1    0    0    0    0  1  1  1  1.887 0.000
16  0  1  2  129   18   28   14    4    1    1    1    1    1    0  4  4  1  0.885 0.000
16  0  1  2  130   38   28   15    2    1    1    0    0    1    1  1  1  1  2.073 0.000
16  0  1  2  131   21   21   72    3    2    0    0    0    0    0  1  1  1  1.471 0.000
16  0  1  2  132   34   24   69    4    2    0    0    0    1    1  1  1  1  0.693 0.000
16  0  2  2  133   18   38   57    7    0    1    1    1    1    0  4  4  1  1.593 0.000
16  0  2  2  134    4   34   25    7    0    0    1    1    0    1  3  3  1  1.014 0.000
16  0  2  2  135   10   30   70    7    0    0    1    1    1    0  4  2  1  0.491 0.000
16  0  2  2  136   20   30   52    7    0    0    1    0    0    0  3  3  1  3.749 0.000
16  0  2  2  137   33   33   26    7    0    0    1    0    1    1  4  4  1  2.123 0.000
16  0  2  2  138   17   37   48    7    0    1    0    1    1    0  2  2  1  1.235 0.000
16  0  2  2  139   37   37   76    7    0    1    1    0    1    1  4  1  1  0.847 0.000
16  0  2  2  140    5   35   75    7    0    1    0    1    0    1  2  2  1  1.570 0.000
16  0  2  2  141   34   34   67    7    0    0    0    0    1    1  1  4  1  2.256 0.000
16  0  2  2  142   14   34   16    7    0    0    0    1    1    0  2  2  1  1.211 0.000
16  0  2  2  143   22   32   47    7    0    0    0    0    0    0  1  3  1  0.775 0.000
16  0  2  2  144    8   38   12    7    0    1    1    1    0    1  3  2  1  1.813 0.000
16  0  2  2  145   15   35    9    7    0    1    0    1    1    0  2  2  1  1.361 0.000
16  0  2  2  146    2   32    5    7    0    0    0    1    0    1  2  2  1  1.384 0.000
16  0  2  2  147   24   34    4    7    0    0    0    0    0    0  1  3  1  1.230 0.000
16  0  2  2  148   26   36   28    7    0    1    1    0    0    0  3  3  1  1.010 0.000
16  0  2  2  149   35   35   68    7    0    1    0    0    1    1  1  1  1  0.597 0.000
16  0  2  2  150   39   39   75    7    0    1    1    0    1    1  4  1  1  0.595 0.000
16  0  2  2  151   38   38   48    7    0    1    0    0    1    1  1  4  1  1.264 0.000
16  0  2  2  152   28   38   74    7    0    1    1    0    0    0  3  1  1  1.227 0.000
16  0  2  2  153    1   31   68    7    0    0    1    1    0    1  3  2  1  1.630 0.000
16  0  2  2  154   25   35   48    7    0    1    0    0    0    0  1  3  1  1.618 0.000
16  0  2  2  155   13   33   65    7    0    0    0    1    1    0  2  1  0  1.078 0.000
16  0  2  2  156    0   30   53    7    0    0    0    1    0    1  2  2  1  4.284 0.000
16  0  2  2  157   21   31   44    7    0    0    0    0    0    0  1  3  1  1.469 0.000
16  0  2  2  158   30   30   34    7    0    0    0    0    1    1  1  4  1  1.063 0.000
16  0  2  2  159    3   33    1    7    0    0    0    1    0    1  2  2  1  1.994 0.000
16  0  2  2  160   27   37   76    7    0    1    1    0    0    0  3  3  1  1.110 0.000
16  0  2  2  161    7   37   36    7    0    1    0    1    0    1  2  2  1  1.895 0.000
16  0  2  2  162   31   31   43    7    0    0    0    0    1    1  1  2  0  1.536 0.000
16  0  2  2  163   23   33   53    7    0    0    0    0    0    0  1  3  1  1.523 0.000
16  0  2  2  164   11   31   15    7    0    0    0    1    1    0  2  2  1  1.555 0.000
16  0  2  2  165   16   36   52    7    0    1    1    1    1    0  4  4  1  1.370 0.000
16  0  2  2  166   32   32   36    7    0    0    1    0    1    1  4  4  1  0.808 0.000
16  0  2  2  167   12   32   33    7    0    0    1    1    1    0  4  4  1  0.869 0.000
16  0  2  2  168   29   39   68    7    0    1    0    0    0    0  1  3  1  0.790 0.000
16  0  2  2  169   36   36   66    7    0    1    1    0    1    1  4  1  1  1.076 0.000
16  0  2  2  170    9   39    4    7    0    1    0    1    0    1  2  2  1  0.630 0.000
16  0  2  2  171   19   39   41    7    0    1    1    1    1    0  4  2  1  0.698 0.000
16  0  2  2  172    6   36   24    7    0    1    0    1    0    1  2  3  1  0.828 0.000
16  0  1  3  173   24   44   42    0    2    0    0    0    0    0  1  1  1  1.513 0.000
16  0  1  3  174   25   45   57    1    2    1    1    0    0    0  3  3  1  1.293 0.000
16  0  1  3  175    8   48   14    3    1    1    0    1    0    1  2  2  1  0.858 0.000
16  0  1  3  176   10   40   29    2    1    0    0    1    1    0  2  2  1  1.088 0.000
16  0  1  3  177   16   46   71    4    0    1    1    1    1    0  4  3  0  0.670 0.000
16  0  1  3  178   35   45   70    1    2    1    0    0    1    1  1  1  1  0.747 0.000
16  0  1  3  179   11   41   58    3    2    0    0    1    1    0  2  2  1  0.806 0.000
16  0  1  3  180   33   43   53    2    2    0    0    0    1    1  1  1  1  0.862 0.000
16  0  1  3  181   26   46   23    0    1    1    1    0    0    0  3  3  1  0.701 0.000
16  0  1  3  182   19   49   27    4    1    1    0    1    1    0  2  2  1  0.665 0.000
16  0  1  3  183   17   47    7    1    1    1    1    1    1    0  4  4  1  0.711 0.000
16  0  1  3  184   12   42   45    0    2    0    1    1    1    0  4  4  1  0.715 0.000
16  0  1  3  185   30   40   57    3    1    0    1    0    1    1  4  4  1  0.640 0.000
16  0  1  3  186   38   48   23    1    1    1    0    0    1    1  1  1  1  0.662 0.000
16  0  1  3  187   18   48   53    0    1    1    1    1    1    0  4  4  1  1.164 0.000
16  0  1  3  188    5   45   13    4    2    1    0    1    0    1  2  2  1  0.551 0.000
16  0  1  3  189   21   41   39    3    2    0    0    0    0    0  1  1  1  0.769 0.000
16  0  1  3  190   32   42   11    0    2    0    0    0    1    1  1  1  1  0.644 0.000
16  0  1  3  191    7   47   52    4    0    1    1    1    0    1  3  1  0  0.986 0.000
16  0  1  3  192   22   42   71    1    2    0    1    0    0    0  3  3  1  1.531 0.000
16  0  1  3  193   15   45   61    3    2    1    0    1    1    0  2  2  1  0.679 0.000
16  0  1  3  194   39   49   63    2    1    1    1    0    1    1  4  4  1  1.467 0.000
16  0  1  3  195   20   40   29    0    1    0    1    0    0    0  3  3  1  0.593 0.000
16  0  1  3  196    6   46   16    1    1    1    0    1    0    1  2  2  1  0.514 0.000
16  0  1  3  197    9   49   50    4    0    1    1    1    0    1  3  2  0  0.591 0.000
16  0  1  3  198   13   43   26    0    2    0    1    1    1    0  4  4  1  1.087 0.000
16  0  1  3  199   28   48   61    1    1    1    0    0    0    0  1  1  1  1.485 0.000
16  0  1  3  200    1   41   29    3    2    0    0    1    0    1  2  2  1  2.186 0.000
16  0  1  3  201   31   41   33    0    0    0    0    0    1    1  1  4  0  1.595 0.000
16  0  1  3  202    2   42   63    4    2    0    0    1    0    1  2  2  1  2.531 0.000
16  0  1  3  203   37   47    8    1    1    1    1    0    1    1  4  4  1  1.039 0.000
16  0  1  3  204   27   47    9    3    1    1    0    0    0    0  1  1  1  2.134 0.000
16  0  1  3  205   14   44   78    4    2    0    0    1    1    0  2  2  1  0.760 0.000
16  0  1  3  206    3   43   64    0    2    0    0    1    0    1  2  2  1  1.347 0.000
16  0  1  3  207   29   49   50    1    1    1    1    0    0    0  3  3  1  3.518 0.000
16  0  1  3  208    4   44   65    2    2    0    1    1    0    1  3  3  1  1.025 0.000
16  0  1  3  209   23   43    8    3    2    0    1    0    0    0  3  3  1  1.025 0.000
16  0  1  3  210    0   40   54    4    1    0    1    1    0    1  3  3  1  1.216 0.000
16  0  1  3  211   34   44   35    1    2    0    1    0    1    1  4  4  1  0.936 0.000
16  0  1  3  212   36   46   25    0    1    1    0    0    1    1  1  1  1  0.651 0.000
16  0  2  3  213   26   56    7    7    0    1    1    0    0    0  3  3  1  1.113 0.000
16  0  2  3  214   20   50   40    7    0    0    1    0    0    0  3  3  1  0.714 0.000
16  0  2  3  215    2   52    9    7    0    0    1    1    0    1  3  2  1  0.659 0.000
16  0  2  3  216   22   52   10    7    0    0    1    0    0    0  3  3  1  1.206 0.000
16  0  2  3  217    4   54   15    7    0    0    1    1    0    1  3  2  1  1.026 0.000
16  0  2  3  218    6   56   43    7    0    1    0    1    0    1  2  2  1  0.526 0.000
16  0  2  3  219   33   53   49    7    0    0    0    0    1    1  1  4  1  0.926 0.000
16  0  2  3  220    5   55   27    7    0    1    1    1    0    1  3  2  1  0.902 0.000
16  0  2  3  221   13   53   49    7    0    0    1    1    1    0  4  2  1  0.758 0.000
16  0  2  3  222   35   55   51    7    0    1    0    0    1    1  1  4  1  1.917 0.000
16  0  2  3  223   27   57   60    7    0    1    1    0    0    0  3  3  1  1.341 0.000
16  0  2  3  224   18   58   66    7    0    1    0    1    1    0  2  2  1  0.805 0.000
16  0  2  3  225   37   57    2    7    0    1    1    0    1    1  4  1  1  1.705 0.000
16  0  2  3  226   12   52   38    7    0    0    1    1    1    0  4  4  1  1.370 0.000
16  0  2  3  227    1   51   77    7    0    0    1    1    0    1  3  4  0  0.568 0.000
16  0  2  3  228   30   50   21    7    0    0    1    0    1    1  4  4  1  0.906 0.000
16  0  2  3  229    9   59   70    7    0    1    0    1    0    1  2  2  1  0.867 0.000
16  0  2  3  230    7   57   72    7    0    1    1    1    0    1  3  3  1  0.733 0.000
16  0  2  3  231   32   52   31    7    0    0    1    0    1    1  4  4  1  0.949 0.000
16  0  2  3  232   25   55   25    7    0    1    0    0    0    0  1  1  1  1.052 0.000
16  0  2  3  233   24   54   16    7    0    0    0    0    0    0  1  1  1  0.543 0.000
16  0  2  3  234   38   58   56    7    0    1    1    0    1    1  4  4  1  0.782 0.000
16  0  2  3  235    8   58   35    7    0    1    0    1    0    1  2  3  1  0.508 0.000
16  0  2  3  236   34   54   29    7    0    0    0    0    1    1  1  1  1  0.917 0.000
16  0  2  3  237   31   51   41    7    0    0    0    0    1    1  1  1  1  1.821 0.000
16  0  2  3  238   17   57   30    7    0    1    1    1    1    0  4  2  1  0.736 0.000
16  0  2  3  239   19   59   51    7    0    1    0    1    1    0  2  2  1  0.640 0.000
16  0  2  3  240   10   50   46    7    0    0    0    1    1    0  2  4  1  0.716 0.000
16  0  2  3  241   16   56   20    7    0    1    1    1    1    0  4  4  1  0.989 0.000
16  0  2  3  242   39   59   52    7    0    1    0    0    1    1  1  1  1  0.722 0.000
16  0  2  3  243   21   51   13    7    0    0    0    0    0    0  1  4  0  0.618 0.000
16  0  2  3  244   23   53   66    7    0    0    0    0    0    0  1  3  1  0.722 0.000
16  0  2  3  245   36   56   24    7    0    1    1    0    1    1  4  1  1  1.978 0.000
16  0  2  3  246    0   50   49    7    0    0    1    1    0    1  3  2  1  1.120 0.000
16  0  2  3  247    3   53   46    7    0    0    1    1    0    1  3  2  1  0.472 0.000
16  0  2  3  248   28   58   36    7    0    1    0    0    0    0  1  3  1  0.690 0.000
16  0  2  3  249   14   54   72    7    0    0    0    1    1    0  2  4  1  0.620 0.000
16  0  2  3  250   15   55   39    7    0    1    1    1    1    0  4  2  1  0.464 0.000
16  0  2  3  251   29   59   22    7    0    1    0    0    0    0  1  2  0  0.443 0.000
16  0  2  3  252   11   51    1    7    0    0    0    1    1    0  2  2  1  0.689 0.000
16  0  1  4  253   34   64   60    4    2    0    0    0    1    1  1  1  1  0.819 0.000
16  0  1  4  254   31   61   79    0    2    0    0    0    1    1  1  1  1  0.707 0.000
16  0  1  4  255   20   60   18    3    1    0    0    0    0    0  1  1  1  0.655 0.000
16  0  1  4  256   17   67    8    2    1    1    1    1    1    0  4  4  1  1.349 0.000
16  0  1  4  257   29   69   43    4    1    1    0    0    0    0  1  1  1  0.664 0.000
16  0  1  4  258   22   62   73    0    2    0    0    0    0    0  1  1  1  2.487 0.000
16  0  1  4  259   28   68   32    3    1    1    1    0    0    0  3  3  1  1.051 0.000
16  0  1  4  260   21   61   45    1    2    0    1    0    0    0  3  3  1  0.530 0.000
16  0  1  4  261    3   63   32    4    2    0    1    1    0    1  3  3  1  0.813 0.000
16  0  1  4  262   23   63   35    3    2    0    1    0    0    0  3  3  1  0.622 0.000
16  0  1  4  263   24   64   33    1    2    0    1    0    0    0  3  3  1  0.541 0.000
16  0  1  4  264   19   69   18    2    1    1    0    1    1    0  2  2  1  0.632 0.000
16  0  1  4  265    2   62   41    4    2    0    0    1    0    1  2  2  1  0.856 0.000
16  0  1  4  266   36   66    0    1    0    1    1    0    1    1  4  3  0  0.446 0.000
16  0  1  4  267   26   66   63    2    1    1    0    0    0    0  1  1  1  0.637 0.000
16  0  1  4  268   13   63   59    4    0    0    0    1    1    0  2  1  0  0.580 0.000
16  0  1  4  269    7   67   48    1    1    1    1    1    0    1  3  3  1  2.174 0.000
16  0  1  4  270   37   67   30    0    0    1    0    0    1    1  1  2  0  1.280 0.000
16  0  1  4  271   15   65   69    3    2    1    1    1    1    0  4  4  1  1.172 0.000
16  0  1  4  272   38   68   54    1    1    1    0    0    1    1  1  1  1  3.734 0.000
16  0  1  4  273    8   68   69    0    1    1    1    1    0    1  3  3  1  0.786 0.000
16  0  1  4  274   32   62   62    4    2    0    1    0    1    1  4  4  1  0.730 0.000
16  0  1  4  275    0   60   42    1    1    0    1    1    0    1  3  3  1  1.022 0.000
16  0  1  4  276   16   66   34    3    1    1    0    1    1    0  2  2  1  0.566 0.000
16  0  1  4  277   11   61   13    4    2    0    0    1    1    0  2  2  1  0.464 0.000
16  0  1  4  278    4   64   33    0    2    0    0    1    0    1  2  2  1  0.589 0.000
16  0  1  4  279   10   60   25    2    1    0    0    1    1    0  2  2  1  0.487 0.000
16  0  1  4  280   12   62   19    4    2    0    0    1    1    0  2  2  1  1.308 0.000
16  0  1  4  281    9   69   28    1    0    1    1    1    0    1  3  2  0  0.481 0.000
16  0  1  4  282    1   61   74    2    2    0    1    1    0    1  3  3  1  0.614 0.000
16  0  1  4  283   33   63   55    4    2    0    1    0    1    1  4  4  1  0.686 0.000
16  0  1  4  284   14   64   73    3    2    0    1    1    1    0  4  4  1  0.843 0.000
16  0  1  4  285   30   60   37    1    1    0    1    0    1    1  4  4  1  0.978 0.000
16  0  1  4  286   35   65   46    2    2    1    0    0    1    1  1  1  1  1.243 0.000
16  0  1  4  287   39   69   71    4    1    1    1    0    1    1  4  4  1  1.162 0.000
16  0  1  4  288   25   65   78    1    2    1    0    0    0    0  1  1  1  1.084 0.000
16  0  1  4  289    6   66   59    2    1    1    1    1    0    1  3  3  1  1.610 0.000
16  0  1  4  290   27   67   38    4    1    1    0    0    0    0  1  1  1  1.033 0.000
16  0  1  4  291    5   65   26    0    2    1    1    1    0    1  3  3  1  0.888 0.000
16  0  1  4  292   18   68   56    1    0    1    0    1    1    0  2  4  0  1.094 0.000
16  0  2  4  293   27   77   65    7    0    1    1    0    0    0  3  3  1  0.675 0.000
16  0  2  4  294   14   74   10    7    0    0    1    1    1    0  4  2  1  0.588 0.000
16  0  2  4  295    8   78   79    7    0    1    0    1    0    1  2  3  1  1.002 0.000
16  0  2  4  296   21   71    3    7    0    0    0    0    0    0  1  3  1  0.663 0.000
16  0  2  4  297    6   76    2    7    0    1    1    1    0    1  3  2  1  0.770 0.000
16  0  2  4  298    0   70   39    7    0    0    1    1    0    1  3  2  1  0.664 0.000
16  0  2  4  299    7   77   47    7    0    1    0    1    0    1  2  3  1  0.610 0.000
16  0  2  4  300   23   73   62    7    0    0    0    0    0    0  1  1  1  1.030 0.000
16  0  2  4  301   34   74   45    7    0    0    0    0    1    1  1  1  1  0.699 0.000
16  0  2  4  302    3   73    6    7    0    0    0    1    0    1  2  3  1  1.092 0.000
16  0  2  4  303   31   71   59    7    0    0    0    0    1    1  1  4  1  0.940 0.000
16  0  2  4  304   11   71   50    7    0    0    0    1    1    0  2  4  1  0.820 0.000
16  0  2  4  305   35   75   22    7    0    1    1    0    1    1  4  4  1  0.712 0.000
16  0  2  4  306   10   70    3    7    0    0    1    1    1    0  4  2  1  0.673 0.000
16  0  2  4  307    1   71   38    7    0    0    1    1    0    1  3  3  1  0.564 0.000
16  0  2  4  308   12   72   63    7    0    0    1    1    1    0  4  2  1  0.801 0.000
16  0  2  4  309   24   74   64    7    0    0    1    0    0    0  3  1  1  0.758 0.000
16  0  2  4  310   17   77   24    7    0    1    0    1    1    0  2  4  1  0.645 0.000
16  0  2  4  311   13   73   42    7    0    0    0    1    1    0  2  4  1  0.529 0.000
16  0  2  4  312   25   75   12    7    0    1    1    0    0    0  3  3  1  1.153 0.000
16  0  2  4  313    5   75   55    7    0    1    0    1    0    1  2  3  1  0.799 0.000
16  0  2  4  314   37   77    3    7    0    1    1    0    1    1  4  1  1  0.964 0.000
16  0  2  4  315   28   78    1    7    0    1    0    0    0    0  1  1  1  2.315 0.000
16  0  2  4  316   15   75   22    7    0    1    1    1    1    0  4  4  1  1.100 0.000
16  0  2  4  317   32   72   10    7    0    0    1    0    1    1  4  4  1  1.428 0.000
16  0  2  4  318   26   76   75    7    0    1    0    0    0    0  1  3  1  0.903 0.000
16  0  2  4  319   22   72   58    7    0    0    0    0    0    0  1  1  1  0.736 0.000
16  0  2  4  320   16   76   55    7    0    1    1    1    1    0  4  2  1  0.648 0.000
16  0  2  4  321   19   79   32    7    0    1    0    1    1    0  2  2  1  0.555 0.000
16  0  2  4  322   18   78   67    7    0    1    1    1    1    0  4  4  1  1.602 0.000
16  0  2  4  323   36   76   72    7    0    1    0    0    1    1  1  1  1  1.255 0.000
16  0  2  4  324   33   73   20    7    0    0    0    0    1    1  1  1  1  1.010 0.000
16  0  2  4  325   29   79   19    7    0    1    1    0    0    0  3  3  1  1.862 0.000
16  0  2  4  326    4   74   61    7    0    0    1    1    0    1  3  2  1  0.752 0.000
16  0  2  4  327   39   79   40    7    0    1    0    0    1    1  1  4  1  0.759 0.000
16  0  2  4  328    9   79   56    7    0    1    1    1    0    1  3  3  1  1.086 0.000
16  0  2  4  329   20   70   77    7    0    0    1    0    0    0  3  3  1  0.800 0.000
16  0  2  4  330   30   70   19    7    0    0    1    0    1    1  4  1  1  0.644 0.000
16  0  2  4  331   38   78   47    7    0    1    0    0    1    1  1  1  1  0.559 0.000
16  0  2  4  332    2   72   51    7    0    0    0    1    0    1  2  4  0  0.694 0.000
